"Timecode","Clip Name","Lens Model","Lens Serial","Focal Length (mm)","Aperture","Focus Distance (ft)","Camera Tilt","Camera Roll","Camera Model"
"15:27:40:05","A_0019C004_250528_152715_h1EI5","COOKE S4 753","753","40","T 2 3/10","5.135","1.7","-0.8","ARRI ALEXA 35"
"15:27:40:06","A_0019C004_250528_152715_h1EI5","COOKE S4 753","753","40","T 2 3/10","5.135","1.7","-0.8","ARRI ALEXA 35"
"15:27:40:07","A_0019C004_250528_152715_h1EI5","COOKE S4 753","753","40","T 2 3/10","5.135","1.7","-0.8","ARRI ALEXA 35"
"15:27:40:08","A_0019C004_250528_152715_h1EI5","COOKE S4 753","753","40","T 2 3/10","5.135","1.7","-0.8","ARRI ALEXA 35"
"15:27:40:09","A_0019C004_250528_152715_h1EI5","COOKE S4 753","753","40","T 2 3/10","5.135","1.7","-0.8","ARRI ALEXA 35"
"15:27:40:10","A_0019C004_250528_152715_h1EI5","COOKE S4 753","753","40","T 2 3/10","5.135","1.7","-0.8","ARRI ALEXA 35"
"15:27:40:11","A_0019C004_250528_152715_h1EI5","COOKE S4 753","753","40","T 2 3/10","5.135","1.7","-0.8","ARRI ALEXA 35"
"15:27:40:12","A_0019C004_250528_152715_h1EI5","COOKE S4 753","753","40","T 2 3/10","5.135","1.7","-0.8","ARRI ALEXA 35"
"15:27:40:13","A_0019C004_250528_152715_h1EI5","COOKE S4 753","753","40","T 2 3/10","5.135","1.7","-0.8","ARRI ALEXA 35"
"15:27:40:14","A_0019C004_250528_152715_h1EI5","COOKE S4 753","753","40","T 2 3/10","5.135","1.7","-0.8","ARRI ALEXA 35"
"15:27:40:15","A_0019C004_250528_152715_h1EI5","COOKE S4 753","753","40","T 2 3/10","5.135","1.7","-0.8","ARRI ALEXA 35"
"15:27:40:16","A_0019C004_250528_152715_h1EI5","COOKE S4 753","753","40","T 2 3/10","5.135","1.7","-0.8","ARRI ALEXA 35"
"15:27:40:17","A_0019C004_250528_152715_h1EI5","COOKE S4 753","753","40","T 2 3/10","5.135","1.7","-0.8","ARRI ALEXA 35"
"15:27:40:18","A_0019C004_250528_152715_h1EI5","COOKE S4 753","753","40","T 2 3/10","5.135","1.7","-0.8","ARRI ALEXA 35"
"15:27:40:19","A_0019C004_250528_152715_h1EI5","COOKE S4 753","753","40","T 2 3/10","5.135","1.7","-0.8","ARRI ALEXA 35"
"15:27:40:20","A_0019C004_250528_152715_h1EI5","COOKE S4 753","753","40","T 2 3/10","5.135","1.7","-0.8","ARRI ALEXA 35"
"15:27:40:21","A_0019C004_250528_152715_h1EI5","COOKE S4 753","753","40","T 2 3/10","5.135","1.7","-0.8","ARRI ALEXA 35"
"15:27:40:22","A_0019C004_250528_152715_h1EI5","COOKE S4 753","753","40","T 2 3/10","5.135","1.7","-0.8","ARRI ALEXA 35"
"15:27:40:23","A_0019C004_250528_152715_h1EI5","COOKE S4 753","753","40","T 2 3/10","5.135","1.7","-0.8","ARRI ALEXA 35"
"15:27:41:00","A_0019C004_250528_152715_h1EI5","COOKE S4 753","753","40","T 2 3/10","5.135","1.7","-0.8","ARRI ALEXA 35"
"15:27:41:01","A_0019C004_250528_152715_h1EI5","COOKE S4 753","753","40","T 2 3/10","5.135","1.7","-0.8","ARRI ALEXA 35"
"15:27:41:02","A_0019C004_250528_152715_h1EI5","COOKE S4 753","753","40","T 2 3/10","5.135","1.7","-0.8","ARRI ALEXA 35"
"15:27:41:03","A_0019C004_250528_152715_h1EI5","COOKE S4 753","753","40","T 2 3/10","5.135","1.7","-0.8","ARRI ALEXA 35"
"15:27:41:04","A_0019C004_250528_152715_h1EI5","COOKE S4 753","753","40","T 2 3/10","5.135","1.7","-0.8","ARRI ALEXA 35"
"15:27:41:05","A_0019C004_250528_152715_h1EI5","COOKE S4 753","753","40","T 2 3/10","5.135","1.7","-0.8","ARRI ALEXA 35"
"15:27:41:06","A_0019C004_250528_152715_h1EI5","COOKE S4 753","753","40","T 2 3/10","5.135","1.7","-0.8","ARRI ALEXA 35"
"15:27:41:07","A_0019C004_250528_152715_h1EI5","COOKE S4 753","753","40","T 2 3/10","5.135","1.7","-0.8","ARRI ALEXA 35"
"15:27:41:08","A_0019C004_250528_152715_h1EI5","COOKE S4 753","753","40","T 2 3/10","5.135","1.7","-0.8","ARRI ALEXA 35"
"15:27:41:09","A_0019C004_250528_152715_h1EI5","COOKE S4 753","753","40","T 2 3/10","5.135","1.7","-0.8","ARRI ALEXA 35"
"15:27:41:10","A_0019C004_250528_152715_h1EI5","COOKE S4 753","753","40","T 2 3/10","5.135","1.7","-0.8","ARRI ALEXA 35"
"15:27:41:11","A_0019C004_250528_152715_h1EI5","COOKE S4 753","753","40","T 2 3/10","5.135","1.7","-0.8","ARRI ALEXA 35"
"15:27:41:12","A_0019C004_250528_152715_h1EI5","COOKE S4 753","753","40","T 2 3/10","5.135","1.7","-0.8","ARRI ALEXA 35"
"15:27:41:13","A_0019C004_250528_152715_h1EI5","COOKE S4 753","753","40","T 2 3/10","5.135","1.7","-0.8","ARRI ALEXA 35"
"15:27:41:14","A_0019C004_250528_152715_h1EI5","COOKE S4 753","753","40","T 2 3/10","5.135","1.7","-0.8","ARRI ALEXA 35"
"15:27:41:15","A_0019C004_250528_152715_h1EI5","COOKE S4 753","753","40","T 2 3/10","5.135","1.7","-0.8","ARRI ALEXA 35"
"15:27:41:16","A_0019C004_250528_152715_h1EI5","COOKE S4 753","753","40","T 2 3/10","5.135","1.7","-0.8","ARRI ALEXA 35"
"15:27:41:17","A_0019C004_250528_152715_h1EI5","COOKE S4 753","753","40","T 2 3/10","5.135","1.7","-0.8","ARRI ALEXA 35"
"15:27:41:18","A_0019C004_250528_152715_h1EI5","COOKE S4 753","753","40","T 2 3/10","5.135","1.7","-0.8","ARRI ALEXA 35"
"15:27:41:19","A_0019C004_250528_152715_h1EI5","COOKE S4 753","753","40","T 2 3/10","5.135","1.7","-0.8","ARRI ALEXA 35"
"15:27:41:20","A_0019C004_250528_152715_h1EI5","COOKE S4 753","753","40","T 2 3/10","5.135","1.7","-0.8","ARRI ALEXA 35"
"15:27:41:21","A_0019C004_250528_152715_h1EI5","COOKE S4 753","753","40","T 2 3/10","5.135","1.7","-0.8","ARRI ALEXA 35"
"15:27:41:22","A_0019C004_250528_152715_h1EI5","COOKE S4 753","753","40","T 2 3/10","5.135","1.7","-0.8","ARRI ALEXA 35"
"15:27:41:23","A_0019C004_250528_152715_h1EI5","COOKE S4 753","753","40","T 2 3/10","5.135","1.7","-0.8","ARRI ALEXA 35"
"15:27:42:00","A_0019C004_250528_152715_h1EI5","COOKE S4 753","753","40","T 2 3/10","5.135","1.7","-0.8","ARRI ALEXA 35"
"15:27:42:01","A_0019C004_250528_152715_h1EI5","COOKE S4 753","753","40","T 2 3/10","5.135","1.7","-0.8","ARRI ALEXA 35"
"15:27:42:02","A_0019C004_250528_152715_h1EI5","COOKE S4 753","753","40","T 2 3/10","5.135","1.7","-0.8","ARRI ALEXA 35"
"15:27:42:03","A_0019C004_250528_152715_h1EI5","COOKE S4 753","753","40","T 2 3/10","5.135","1.7","-0.8","ARRI ALEXA 35"
"15:27:42:04","A_0019C004_250528_152715_h1EI5","COOKE S4 753","753","40","T 2 3/10","5.135","1.7","-0.8","ARRI ALEXA 35"
"15:27:42:05","A_0019C004_250528_152715_h1EI5","COOKE S4 753","753","40","T 2 3/10","5.135","1.7","-0.8","ARRI ALEXA 35"
"15:27:42:06","A_0019C004_250528_152715_h1EI5","COOKE S4 753","753","40","T 2 3/10","5.135","1.9","-0.8","ARRI ALEXA 35"
"15:27:42:07","A_0019C004_250528_152715_h1EI5","COOKE S4 753","753","40","T 2 3/10","5.135","1.9","-0.6","ARRI ALEXA 35"
"15:27:42:08","A_0019C004_250528_152715_h1EI5","COOKE S4 753","753","40","T 2 3/10","5.135","1.9","-0.6","ARRI ALEXA 35"
"15:27:42:09","A_0019C004_250528_152715_h1EI5","COOKE S4 753","753","40","T 2 3/10","5.135","1.9","-0.6","ARRI ALEXA 35"
"15:27:42:10","A_0019C004_250528_152715_h1EI5","COOKE S4 753","753","40","T 2 3/10","5.135","1.9","-0.6","ARRI ALEXA 35"
"15:27:42:11","A_0019C004_250528_152715_h1EI5","COOKE S4 753","753","40","T 2 3/10","5.135","1.9","-0.6","ARRI ALEXA 35"
"15:27:42:12","A_0019C004_250528_152715_h1EI5","COOKE S4 753","753","40","T 2 3/10","5.135","1.9","-0.6","ARRI ALEXA 35"
"15:27:42:13","A_0019C004_250528_152715_h1EI5","COOKE S4 753","753","40","T 2 3/10","5.135","1.9","-0.6","ARRI ALEXA 35"
"15:27:42:14","A_0019C004_250528_152715_h1EI5","COOKE S4 753","753","40","T 2 3/10","5.135","1.9","-0.8","ARRI ALEXA 35"
"15:27:42:15","A_0019C004_250528_152715_h1EI5","COOKE S4 753","753","40","T 2 3/10","5.135","1.9","-0.8","ARRI ALEXA 35"
"15:27:42:16","A_0019C004_250528_152715_h1EI5","COOKE S4 753","753","40","T 2 3/10","5.135","1.9","-0.8","ARRI ALEXA 35"
"15:27:42:17","A_0019C004_250528_152715_h1EI5","COOKE S4 753","753","40","T 2 3/10","5.135","1.9","-0.8","ARRI ALEXA 35"
"15:27:42:18","A_0019C004_250528_152715_h1EI5","COOKE S4 753","753","40","T 2 3/10","5.135","1.7","-0.8","ARRI ALEXA 35"
"15:27:42:19","A_0019C004_250528_152715_h1EI5","COOKE S4 753","753","40","T 2 3/10","5.135","1.7","-0.8","ARRI ALEXA 35"
"15:27:42:20","A_0019C004_250528_152715_h1EI5","COOKE S4 753","753","40","T 2 3/10","5.135","1.7","-0.8","ARRI ALEXA 35"
"15:27:42:21","A_0019C004_250528_152715_h1EI5","COOKE S4 753","753","40","T 2 3/10","5.135","1.7","-0.8","ARRI ALEXA 35"
"15:27:42:22","A_0019C004_250528_152715_h1EI5","COOKE S4 753","753","40","T 2 3/10","5.135","1.7","-0.8","ARRI ALEXA 35"
"15:27:42:23","A_0019C004_250528_152715_h1EI5","COOKE S4 753","753","40","T 2 3/10","5.135","1.7","-0.8","ARRI ALEXA 35"
"15:27:43:00","A_0019C004_250528_152715_h1EI5","COOKE S4 753","753","40","T 2 3/10","5.135","1.7","-0.8","ARRI ALEXA 35"
"15:27:43:01","A_0019C004_250528_152715_h1EI5","COOKE S4 753","753","40","T 2 3/10","5.135","1.7","-0.8","ARRI ALEXA 35"
"15:27:43:02","A_0019C004_250528_152715_h1EI5","COOKE S4 753","753","40","T 2 3/10","5.135","1.7","-0.8","ARRI ALEXA 35"
"15:27:43:03","A_0019C004_250528_152715_h1EI5","COOKE S4 753","753","40","T 2 3/10","5.135","1.7","-0.8","ARRI ALEXA 35"
"15:27:43:04","A_0019C004_250528_152715_h1EI5","COOKE S4 753","753","40","T 2 3/10","5.135","1.7","-0.8","ARRI ALEXA 35"
"15:27:43:05","A_0019C004_250528_152715_h1EI5","COOKE S4 753","753","40","T 2 3/10","5.135","1.7","-0.8","ARRI ALEXA 35"
"15:27:43:06","A_0019C004_250528_152715_h1EI5","COOKE S4 753","753","40","T 2 3/10","5.135","1.7","-0.6","ARRI ALEXA 35"
"15:27:43:07","A_0019C004_250528_152715_h1EI5","COOKE S4 753","753","40","T 2 3/10","5.135","1.7","-0.6","ARRI ALEXA 35"
"15:27:43:08","A_0019C004_250528_152715_h1EI5","COOKE S4 753","753","40","T 2 3/10","5.135","1.8","-0.6","ARRI ALEXA 35"
"15:27:43:09","A_0019C004_250528_152715_h1EI5","COOKE S4 753","753","40","T 2 3/10","5.135","2","-0.6","ARRI ALEXA 35"
"15:27:43:10","A_0019C004_250528_152715_h1EI5","COOKE S4 753","753","40","T 2 3/10","5.135","2","-0.6","ARRI ALEXA 35"
"15:27:43:11","A_0019C004_250528_152715_h1EI5","COOKE S4 753","753","40","T 2 3/10","5.135","2","-0.7","ARRI ALEXA 35"
"15:27:43:12","A_0019C004_250528_152715_h1EI5","COOKE S4 753","753","40","T 2 3/10","5.135","2","-0.7","ARRI ALEXA 35"
"15:27:43:13","A_0019C004_250528_152715_h1EI5","COOKE S4 753","753","40","T 2 3/10","5.135","2","-0.7","ARRI ALEXA 35"
"15:27:43:14","A_0019C004_250528_152715_h1EI5","COOKE S4 753","753","40","T 2 3/10","5.135","2","-0.7","ARRI ALEXA 35"
"15:27:43:15","A_0019C004_250528_152715_h1EI5","COOKE S4 753","753","40","T 2 3/10","5.135","1.8","-0.7","ARRI ALEXA 35"
"15:27:43:16","A_0019C004_250528_152715_h1EI5","COOKE S4 753","753","40","T 2 3/10","5.135","1.8","-0.7","ARRI ALEXA 35"
"15:27:43:17","A_0019C004_250528_152715_h1EI5","COOKE S4 753","753","40","T 2 3/10","5.135","1.8","-0.7","ARRI ALEXA 35"
"15:27:43:18","A_0019C004_250528_152715_h1EI5","COOKE S4 753","753","40","T 2 3/10","5.135","1.8","-0.7","ARRI ALEXA 35"
"15:27:43:19","A_0019C004_250528_152715_h1EI5","COOKE S4 753","753","40","T 2 3/10","5.135","1.8","-0.7","ARRI ALEXA 35"
"15:27:43:20","A_0019C004_250528_152715_h1EI5","COOKE S4 753","753","40","T 2 3/10","5.135","1.8","-0.7","ARRI ALEXA 35"
"15:27:43:21","A_0019C004_250528_152715_h1EI5","COOKE S4 753","753","40","T 2 3/10","5.135","1.8","-0.7","ARRI ALEXA 35"
"15:27:43:22","A_0019C004_250528_152715_h1EI5","COOKE S4 753","753","40","T 2 3/10","5.135","1.8","-0.7","ARRI ALEXA 35"
"15:27:43:23","A_0019C004_250528_152715_h1EI5","COOKE S4 753","753","40","T 2 3/10","5.135","1.8","-0.7","ARRI ALEXA 35"
"15:27:44:00","A_0019C004_250528_152715_h1EI5","COOKE S4 753","753","40","T 2 3/10","5.135","1.8","-0.7","ARRI ALEXA 35"
"15:27:44:01","A_0019C004_250528_152715_h1EI5","COOKE S4 753","753","40","T 2 3/10","5.135","1.8","-0.7","ARRI ALEXA 35"
"15:27:44:02","A_0019C004_250528_152715_h1EI5","COOKE S4 753","753","40","T 2 3/10","5.135","1.8","-0.7","ARRI ALEXA 35"
"15:27:44:03","A_0019C004_250528_152715_h1EI5","COOKE S4 753","753","40","T 2 3/10","5.135","1.8","-0.7","ARRI ALEXA 35"
"15:27:44:04","A_0019C004_250528_152715_h1EI5","COOKE S4 753","753","40","T 2 3/10","5.135","1.8","-0.7","ARRI ALEXA 35"
"15:27:44:05","A_0019C004_250528_152715_h1EI5","COOKE S4 753","753","40","T 2 3/10","5.135","1.8","-0.7","ARRI ALEXA 35"
"15:27:44:06","A_0019C004_250528_152715_h1EI5","COOKE S4 753","753","40","T 2 3/10","5.135","1.8","-0.7","ARRI ALEXA 35"
"15:27:44:07","A_0019C004_250528_152715_h1EI5","COOKE S4 753","753","40","T 2 3/10","5.135","1.8","-0.7","ARRI ALEXA 35"
"15:27:44:08","A_0019C004_250528_152715_h1EI5","COOKE S4 753","753","40","T 2 3/10","5.135","1.8","-0.7","ARRI ALEXA 35"
"15:27:44:09","A_0019C004_250528_152715_h1EI5","COOKE S4 753","753","40","T 2 3/10","5.135","1.8","-0.7","ARRI ALEXA 35"
"15:27:44:10","A_0019C004_250528_152715_h1EI5","COOKE S4 753","753","40","T 2 3/10","5.135","1.8","-0.7","ARRI ALEXA 35"
"15:27:44:11","A_0019C004_250528_152715_h1EI5","COOKE S4 753","753","40","T 2 3/10","5.135","1.8","-0.7","ARRI ALEXA 35"
"15:27:44:12","A_0019C004_250528_152715_h1EI5","COOKE S4 753","753","40","T 2 3/10","5.135","1.8","-0.7","ARRI ALEXA 35"
"15:27:44:13","A_0019C004_250528_152715_h1EI5","COOKE S4 753","753","40","T 2 3/10","5.135","1.8","-0.7","ARRI ALEXA 35"
"15:27:44:14","A_0019C004_250528_152715_h1EI5","COOKE S4 753","753","40","T 2 3/10","5.135","1.8","-0.7","ARRI ALEXA 35"
"15:27:44:15","A_0019C004_250528_152715_h1EI5","COOKE S4 753","753","40","T 2 3/10","5.135","1.8","-0.7","ARRI ALEXA 35"
"15:27:44:16","A_0019C004_250528_152715_h1EI5","COOKE S4 753","753","40","T 2 3/10","5.135","1.8","-0.7","ARRI ALEXA 35"
"15:27:44:17","A_0019C004_250528_152715_h1EI5","COOKE S4 753","753","40","T 2 3/10","5.135","1.8","-0.7","ARRI ALEXA 35"
"15:27:44:18","A_0019C004_250528_152715_h1EI5","COOKE S4 753","753","40","T 2 3/10","5.135","1.8","-0.7","ARRI ALEXA 35"
"15:27:44:19","A_0019C004_250528_152715_h1EI5","COOKE S4 753","753","40","T 2 3/10","5.135","1.8","-0.7","ARRI ALEXA 35"
"15:27:44:20","A_0019C004_250528_152715_h1EI5","COOKE S4 753","753","40","T 2 3/10","5.135","1.8","-0.7","ARRI ALEXA 35"
"15:27:44:21","A_0019C004_250528_152715_h1EI5","COOKE S4 753","753","40","T 2 3/10","5.135","1.8","-0.7","ARRI ALEXA 35"
"15:27:44:22","A_0019C004_250528_152715_h1EI5","COOKE S4 753","753","40","T 2 3/10","5.135","1.8","-0.7","ARRI ALEXA 35"
"15:27:44:23","A_0019C004_250528_152715_h1EI5","COOKE S4 753","753","40","T 2 3/10","5.135","1.8","-0.7","ARRI ALEXA 35"
"15:27:45:00","A_0019C004_250528_152715_h1EI5","COOKE S4 753","753","40","T 2 3/10","5.135","1.6","-0.7","ARRI ALEXA 35"
"15:27:45:01","A_0019C004_250528_152715_h1EI5","COOKE S4 753","753","40","T 2 3/10","5.135","1.6","-0.9","ARRI ALEXA 35"
"15:27:45:02","A_0019C004_250528_152715_h1EI5","COOKE S4 753","753","40","T 2 3/10","5.135","1.6","-0.9","ARRI ALEXA 35"
"15:27:45:03","A_0019C004_250528_152715_h1EI5","COOKE S4 753","753","40","T 2 3/10","5.135","1.6","-0.9","ARRI ALEXA 35"
"15:27:45:04","A_0019C004_250528_152715_h1EI5","COOKE S4 753","753","40","T 2 3/10","5.135","1.6","-0.9","ARRI ALEXA 35"
"15:27:45:05","A_0019C004_250528_152715_h1EI5","COOKE S4 753","753","40","T 2 3/10","5.135","1.6","-0.9","ARRI ALEXA 35"
"15:27:45:06","A_0019C004_250528_152715_h1EI5","COOKE S4 753","753","40","T 2 3/10","5.135","1.6","-0.9","ARRI ALEXA 35"
"15:27:45:07","A_0019C004_250528_152715_h1EI5","COOKE S4 753","753","40","T 2 3/10","5.135","1.6","-0.9","ARRI ALEXA 35"
"15:27:45:08","A_0019C004_250528_152715_h1EI5","COOKE S4 753","753","40","T 2 3/10","5.135","1.6","-0.9","ARRI ALEXA 35"
"15:27:45:09","A_0019C004_250528_152715_h1EI5","COOKE S4 753","753","40","T 2 3/10","5.135","1.6","-0.9","ARRI ALEXA 35"
"15:27:45:10","A_0019C004_250528_152715_h1EI5","COOKE S4 753","753","40","T 2 3/10","5.135","1.6","-0.9","ARRI ALEXA 35"
"15:27:45:11","A_0019C004_250528_152715_h1EI5","COOKE S4 753","753","40","T 2 3/10","5.135","1.7","-0.9","ARRI ALEXA 35"
"15:27:45:12","A_0019C004_250528_152715_h1EI5","COOKE S4 753","753","40","T 2 3/10","5.135","1.7","-0.9","ARRI ALEXA 35"
"15:27:45:13","A_0019C004_250528_152715_h1EI5","COOKE S4 753","753","40","T 2 3/10","5.135","1.7","-0.9","ARRI ALEXA 35"
"15:27:45:14","A_0019C004_250528_152715_h1EI5","COOKE S4 753","753","40","T 2 3/10","5.135","1.7","-0.9","ARRI ALEXA 35"
"15:27:45:15","A_0019C004_250528_152715_h1EI5","COOKE S4 753","753","40","T 2 3/10","5.135","1.7","-0.9","ARRI ALEXA 35"
"15:27:45:16","A_0019C004_250528_152715_h1EI5","COOKE S4 753","753","40","T 2 3/10","5.135","1.7","-0.9","ARRI ALEXA 35"
"15:27:45:17","A_0019C004_250528_152715_h1EI5","COOKE S4 753","753","40","T 2 3/10","5.135","1.7","-0.9","ARRI ALEXA 35"
"15:27:45:18","A_0019C004_250528_152715_h1EI5","COOKE S4 753","753","40","T 2 3/10","5.135","1.7","-0.9","ARRI ALEXA 35"
"15:27:45:19","A_0019C004_250528_152715_h1EI5","COOKE S4 753","753","40","T 2 3/10","5.135","1.7","-0.9","ARRI ALEXA 35"
"15:27:45:20","A_0019C004_250528_152715_h1EI5","COOKE S4 753","753","40","T 2 3/10","5.135","1.7","-0.9","ARRI ALEXA 35"
"15:27:45:21","A_0019C004_250528_152715_h1EI5","COOKE S4 753","753","40","T 2 3/10","5.135","1.7","-0.9","ARRI ALEXA 35"
"15:27:45:22","A_0019C004_250528_152715_h1EI5","COOKE S4 753","753","40","T 2 3/10","5.135","1.7","-0.9","ARRI ALEXA 35"
"15:27:45:23","A_0019C004_250528_152715_h1EI5","COOKE S4 753","753","40","T 2 3/10","5.135","1.7","-0.9","ARRI ALEXA 35"
"15:27:46:00","A_0019C004_250528_152715_h1EI5","COOKE S4 753","753","40","T 2 3/10","5.135","1.7","-0.7","ARRI ALEXA 35"
"15:27:46:01","A_0019C004_250528_152715_h1EI5","COOKE S4 753","753","40","T 2 3/10","5.135","1.7","-0.7","ARRI ALEXA 35"
"15:27:46:02","A_0019C004_250528_152715_h1EI5","COOKE S4 753","753","40","T 2 3/10","5.135","1.7","-0.7","ARRI ALEXA 35"
"15:27:46:03","A_0019C004_250528_152715_h1EI5","COOKE S4 753","753","40","T 2 3/10","5.135","1.7","-0.7","ARRI ALEXA 35"
"15:27:46:04","A_0019C004_250528_152715_h1EI5","COOKE S4 753","753","40","T 2 3/10","5.135","1.7","-0.7","ARRI ALEXA 35"
"15:27:46:05","A_0019C004_250528_152715_h1EI5","COOKE S4 753","753","40","T 2 3/10","5.135","1.7","-0.7","ARRI ALEXA 35"
"15:27:46:06","A_0019C004_250528_152715_h1EI5","COOKE S4 753","753","40","T 2 3/10","5.135","1.7","-0.7","ARRI ALEXA 35"
"15:27:46:07","A_0019C004_250528_152715_h1EI5","COOKE S4 753","753","40","T 2 3/10","5.135","1.8","-0.7","ARRI ALEXA 35"
"15:27:46:08","A_0019C004_250528_152715_h1EI5","COOKE S4 753","753","40","T 2 3/10","5.135","1.8","-0.7","ARRI ALEXA 35"
"15:27:46:09","A_0019C004_250528_152715_h1EI5","COOKE S4 753","753","40","T 2 3/10","5.135","1.8","-0.7","ARRI ALEXA 35"
"15:27:46:10","A_0019C004_250528_152715_h1EI5","COOKE S4 753","753","40","T 2 3/10","5.135","1.8","-0.7","ARRI ALEXA 35"
"15:27:46:11","A_0019C004_250528_152715_h1EI5","COOKE S4 753","753","40","T 2 3/10","5.135","1.8","-0.7","ARRI ALEXA 35"
"15:27:46:12","A_0019C004_250528_152715_h1EI5","COOKE S4 753","753","40","T 2 3/10","5.135","1.8","-0.7","ARRI ALEXA 35"
"15:27:46:13","A_0019C004_250528_152715_h1EI5","COOKE S4 753","753","40","T 2 3/10","5.135","1.8","-0.7","ARRI ALEXA 35"
"15:27:46:14","A_0019C004_250528_152715_h1EI5","COOKE S4 753","753","40","T 2 3/10","5.135","1.8","-0.7","ARRI ALEXA 35"
"15:27:46:15","A_0019C004_250528_152715_h1EI5","COOKE S4 753","753","40","T 2 3/10","5.135","1.8","-0.7","ARRI ALEXA 35"
"15:27:46:16","A_0019C004_250528_152715_h1EI5","COOKE S4 753","753","40","T 2 3/10","5.135","1.6","-0.7","ARRI ALEXA 35"
"15:27:46:17","A_0019C004_250528_152715_h1EI5","COOKE S4 753","753","40","T 2 3/10","5.135","1.6","-0.7","ARRI ALEXA 35"
"15:27:46:18","A_0019C004_250528_152715_h1EI5","COOKE S4 753","753","40","T 2 3/10","5.135","1.6","-0.7","ARRI ALEXA 35"
"15:27:46:19","A_0019C004_250528_152715_h1EI5","COOKE S4 753","753","40","T 2 3/10","5.135","1.6","-0.7","ARRI ALEXA 35"
"15:27:46:20","A_0019C004_250528_152715_h1EI5","COOKE S4 753","753","40","T 2 3/10","5.135","1.6","-0.7","ARRI ALEXA 35"
"15:27:46:21","A_0019C004_250528_152715_h1EI5","COOKE S4 753","753","40","T 2 3/10","5.135","1.6","-0.7","ARRI ALEXA 35"
"15:27:46:22","A_0019C004_250528_152715_h1EI5","COOKE S4 753","753","40","T 2 3/10","5.135","1.6","-0.7","ARRI ALEXA 35"
"15:27:46:23","A_0019C004_250528_152715_h1EI5","COOKE S4 753","753","40","T 2 3/10","5.135","1.6","-0.7","ARRI ALEXA 35"
"15:27:47:00","A_0019C004_250528_152715_h1EI5","COOKE S4 753","753","40","T 2 3/10","5.135","1.6","-0.7","ARRI ALEXA 35"
"15:27:47:01","A_0019C004_250528_152715_h1EI5","COOKE S4 753","753","40","T 2 3/10","5.135","1.6","-0.7","ARRI ALEXA 35"
"15:27:47:02","A_0019C004_250528_152715_h1EI5","COOKE S4 753","753","40","T 2 3/10","5.135","1.6","-0.7","ARRI ALEXA 35"
"15:27:47:03","A_0019C004_250528_152715_h1EI5","COOKE S4 753","753","40","T 2 3/10","5.135","1.6","-0.7","ARRI ALEXA 35"
"15:27:47:04","A_0019C004_250528_152715_h1EI5","COOKE S4 753","753","40","T 2 3/10","5.135","1.6","-0.7","ARRI ALEXA 35"
"15:27:47:05","A_0019C004_250528_152715_h1EI5","COOKE S4 753","753","40","T 2 3/10","5.135","1.4","-0.7","ARRI ALEXA 35"
"15:27:47:06","A_0019C004_250528_152715_h1EI5","COOKE S4 753","753","40","T 2 3/10","5.135","1.4","-0.7","ARRI ALEXA 35"
"15:27:47:07","A_0019C004_250528_152715_h1EI5","COOKE S4 753","753","40","T 2 3/10","5.135","1.4","-0.7","ARRI ALEXA 35"
"15:27:47:08","A_0019C004_250528_152715_h1EI5","COOKE S4 753","753","40","T 2 3/10","5.135","1.2","-0.7","ARRI ALEXA 35"
"15:27:47:09","A_0019C004_250528_152715_h1EI5","COOKE S4 753","753","40","T 2 3/10","5.135","1.2","-0.7","ARRI ALEXA 35"
"15:27:47:10","A_0019C004_250528_152715_h1EI5","COOKE S4 753","753","40","T 2 3/10","5.135","1.2","-0.7","ARRI ALEXA 35"
"15:27:47:11","A_0019C004_250528_152715_h1EI5","COOKE S4 753","753","40","T 2 3/10","5.135","1.2","-0.7","ARRI ALEXA 35"
"15:27:47:12","A_0019C004_250528_152715_h1EI5","COOKE S4 753","753","40","T 2 3/10","5.135","1.2","-0.7","ARRI ALEXA 35"
"15:27:47:13","A_0019C004_250528_152715_h1EI5","COOKE S4 753","753","40","T 2 3/10","5.135","1.2","-0.7","ARRI ALEXA 35"
"15:27:47:14","A_0019C004_250528_152715_h1EI5","COOKE S4 753","753","40","T 2 3/10","5.135","1.2","-0.7","ARRI ALEXA 35"
"15:27:47:15","A_0019C004_250528_152715_h1EI5","COOKE S4 753","753","40","T 2 3/10","5.135","1.2","-0.7","ARRI ALEXA 35"
"15:27:47:16","A_0019C004_250528_152715_h1EI5","COOKE S4 753","753","40","T 2 3/10","5.135","1.2","-0.7","ARRI ALEXA 35"
"15:27:47:17","A_0019C004_250528_152715_h1EI5","COOKE S4 753","753","40","T 2 3/10","5.135","1.2","-0.7","ARRI ALEXA 35"
"15:27:47:18","A_0019C004_250528_152715_h1EI5","COOKE S4 753","753","40","T 2 3/10","5.135","1.2","-0.7","ARRI ALEXA 35"
"15:27:47:19","A_0019C004_250528_152715_h1EI5","COOKE S4 753","753","40","T 2 3/10","5.135","1.2","-0.7","ARRI ALEXA 35"
"15:27:47:20","A_0019C004_250528_152715_h1EI5","COOKE S4 753","753","40","T 2 3/10","5.135","1.2","-0.7","ARRI ALEXA 35"
"15:27:47:21","A_0019C004_250528_152715_h1EI5","COOKE S4 753","753","40","T 2 3/10","5.135","1.2","-0.7","ARRI ALEXA 35"
"15:27:47:22","A_0019C004_250528_152715_h1EI5","COOKE S4 753","753","40","T 2 3/10","5.135","1.2","-0.7","ARRI ALEXA 35"
"15:27:47:23","A_0019C004_250528_152715_h1EI5","COOKE S4 753","753","40","T 2 3/10","5.135","1.2","-0.7","ARRI ALEXA 35"
"15:27:48:00","A_0019C004_250528_152715_h1EI5","COOKE S4 753","753","40","T 2 3/10","5.135","1.2","-0.7","ARRI ALEXA 35"
"15:27:48:01","A_0019C004_250528_152715_h1EI5","COOKE S4 753","753","40","T 2 3/10","5.135","1.2","-0.7","ARRI ALEXA 35"
"15:27:48:02","A_0019C004_250528_152715_h1EI5","COOKE S4 753","753","40","T 2 3/10","5.135","1.2","-0.7","ARRI ALEXA 35"
"15:27:48:03","A_0019C004_250528_152715_h1EI5","COOKE S4 753","753","40","T 2 3/10","5.135","1.2","-0.7","ARRI ALEXA 35"
"15:27:48:04","A_0019C004_250528_152715_h1EI5","COOKE S4 753","753","40","T 2 3/10","5.135","1.2","-0.7","ARRI ALEXA 35"
"15:27:48:05","A_0019C004_250528_152715_h1EI5","COOKE S4 753","753","40","T 2 3/10","5.135","1.2","-0.7","ARRI ALEXA 35"
"15:27:48:06","A_0019C004_250528_152715_h1EI5","COOKE S4 753","753","40","T 2 3/10","5.135","1.2","-0.7","ARRI ALEXA 35"
"15:27:48:07","A_0019C004_250528_152715_h1EI5","COOKE S4 753","753","40","T 2 3/10","5.135","1.2","-0.7","ARRI ALEXA 35"
"15:27:48:08","A_0019C004_250528_152715_h1EI5","COOKE S4 753","753","40","T 2 3/10","5.135","1.2","-0.5","ARRI ALEXA 35"
"15:27:48:09","A_0019C004_250528_152715_h1EI5","COOKE S4 753","753","40","T 2 3/10","5.135","1.2","-0.5","ARRI ALEXA 35"
"15:27:48:10","A_0019C004_250528_152715_h1EI5","COOKE S4 753","753","40","T 2 3/10","5.135","1.2","-0.2","ARRI ALEXA 35"
"15:27:48:11","A_0019C004_250528_152715_h1EI5","COOKE S4 753","753","40","T 2 3/10","5.135","1.2","-0.2","ARRI ALEXA 35"
"15:27:48:12","A_0019C004_250528_152715_h1EI5","COOKE S4 753","753","40","T 2 3/10","5.135","1.2","-0.2","ARRI ALEXA 35"
"15:27:48:13","A_0019C004_250528_152715_h1EI5","COOKE S4 753","753","40","T 2 3/10","5.135","1.2","-0.2","ARRI ALEXA 35"
"15:27:48:14","A_0019C004_250528_152715_h1EI5","COOKE S4 753","753","40","T 2 3/10","5.135","1.2","-0.4","ARRI ALEXA 35"
"15:27:48:15","A_0019C004_250528_152715_h1EI5","COOKE S4 753","753","40","T 2 3/10","5.135","1.2","-0.4","ARRI ALEXA 35"
"15:27:48:16","A_0019C004_250528_152715_h1EI5","COOKE S4 753","753","40","T 2 3/10","5.135","1.2","-0.6","ARRI ALEXA 35"
"15:27:48:17","A_0019C004_250528_152715_h1EI5","COOKE S4 753","753","40","T 2 3/10","5.135","1.2","-0.6","ARRI ALEXA 35"
"15:27:48:18","A_0019C004_250528_152715_h1EI5","COOKE S4 753","753","40","T 2 3/10","5.135","1.2","-0.6","ARRI ALEXA 35"
"15:27:48:19","A_0019C004_250528_152715_h1EI5","COOKE S4 753","753","40","T 2 3/10","5.135","1.2","-0.6","ARRI ALEXA 35"
"15:27:48:20","A_0019C004_250528_152715_h1EI5","COOKE S4 753","753","40","T 2 3/10","5.135","1.2","-0.6","ARRI ALEXA 35"
"15:27:48:21","A_0019C004_250528_152715_h1EI5","COOKE S4 753","753","40","T 2 3/10","5.135","1.2","-0.6","ARRI ALEXA 35"
"15:27:48:22","A_0019C004_250528_152715_h1EI5","COOKE S4 753","753","40","T 2 3/10","5.135","1.2","-0.8","ARRI ALEXA 35"
"15:27:48:23","A_0019C004_250528_152715_h1EI5","COOKE S4 753","753","40","T 2 3/10","5.135","1.2","-0.8","ARRI ALEXA 35"
"15:27:49:00","A_0019C004_250528_152715_h1EI5","COOKE S4 753","753","40","T 2 3/10","5.135","1.2","-0.8","ARRI ALEXA 35"
"15:27:49:01","A_0019C004_250528_152715_h1EI5","COOKE S4 753","753","40","T 2 3/10","5.135","1.2","-0.8","ARRI ALEXA 35"
"15:27:49:02","A_0019C004_250528_152715_h1EI5","COOKE S4 753","753","40","T 2 3/10","5.135","1.2","-0.8","ARRI ALEXA 35"
"15:27:49:03","A_0019C004_250528_152715_h1EI5","COOKE S4 753","753","40","T 2 3/10","5.135","1.2","-0.6","ARRI ALEXA 35"
"15:27:49:04","A_0019C004_250528_152715_h1EI5","COOKE S4 753","753","40","T 2 3/10","5.135","1.2","-0.6","ARRI ALEXA 35"
"15:27:49:05","A_0019C004_250528_152715_h1EI5","COOKE S4 753","753","40","T 2 3/10","5.135","1.2","-0.6","ARRI ALEXA 35"
"15:27:49:06","A_0019C004_250528_152715_h1EI5","COOKE S4 753","753","40","T 2 3/10","5.135","1.2","-0.6","ARRI ALEXA 35"
"15:27:49:07","A_0019C004_250528_152715_h1EI5","COOKE S4 753","753","40","T 2 3/10","5.135","1.4","-0.6","ARRI ALEXA 35"
"15:27:49:08","A_0019C004_250528_152715_h1EI5","COOKE S4 753","753","40","T 2 3/10","5.135","1.4","-0.6","ARRI ALEXA 35"
"15:27:49:09","A_0019C004_250528_152715_h1EI5","COOKE S4 753","753","40","T 2 3/10","5.135","1.4","-0.6","ARRI ALEXA 35"
"15:27:49:10","A_0019C004_250528_152715_h1EI5","COOKE S4 753","753","40","T 2 3/10","5.135","1.4","-0.6","ARRI ALEXA 35"
"15:27:49:11","A_0019C004_250528_152715_h1EI5","COOKE S4 753","753","40","T 2 3/10","5.135","1.4","-0.6","ARRI ALEXA 35"
"15:27:49:12","A_0019C004_250528_152715_h1EI5","COOKE S4 753","753","40","T 2 3/10","5.135","1.2","-0.6","ARRI ALEXA 35"
"15:27:49:13","A_0019C004_250528_152715_h1EI5","COOKE S4 753","753","40","T 2 3/10","5.135","1.2","-0.6","ARRI ALEXA 35"
"15:27:49:14","A_0019C004_250528_152715_h1EI5","COOKE S4 753","753","40","T 2 3/10","5.135","1.2","-0.6","ARRI ALEXA 35"
"15:27:49:15","A_0019C004_250528_152715_h1EI5","COOKE S4 753","753","40","T 2 3/10","5.135","1.2","-0.6","ARRI ALEXA 35"
"15:27:49:16","A_0019C004_250528_152715_h1EI5","COOKE S4 753","753","40","T 2 3/10","5.135","1.2","-0.6","ARRI ALEXA 35"
"15:27:49:17","A_0019C004_250528_152715_h1EI5","COOKE S4 753","753","40","T 2 3/10","5.135","1.2","-0.6","ARRI ALEXA 35"
"15:27:49:18","A_0019C004_250528_152715_h1EI5","COOKE S4 753","753","40","T 2 3/10","5.135","1.2","-0.6","ARRI ALEXA 35"
"15:27:49:19","A_0019C004_250528_152715_h1EI5","COOKE S4 753","753","40","T 2 3/10","5.135","1.2","-0.6","ARRI ALEXA 35"
"15:27:49:20","A_0019C004_250528_152715_h1EI5","COOKE S4 753","753","40","T 2 3/10","5.135","1.2","-0.6","ARRI ALEXA 35"
"15:27:49:21","A_0019C004_250528_152715_h1EI5","COOKE S4 753","753","40","T 2 3/10","5.135","1.2","-0.6","ARRI ALEXA 35"
"15:27:49:22","A_0019C004_250528_152715_h1EI5","COOKE S4 753","753","40","T 2 3/10","5.135","1.2","-0.6","ARRI ALEXA 35"
"15:27:49:23","A_0019C004_250528_152715_h1EI5","COOKE S4 753","753","40","T 2 3/10","5.135","1.2","-0.6","ARRI ALEXA 35"
"15:27:50:00","A_0019C004_250528_152715_h1EI5","COOKE S4 753","753","40","T 2 3/10","5.135","1.2","-0.6","ARRI ALEXA 35"
"15:27:50:01","A_0019C004_250528_152715_h1EI5","COOKE S4 753","753","40","T 2 3/10","5.135","1.2","-0.6","ARRI ALEXA 35"
"15:27:50:02","A_0019C004_250528_152715_h1EI5","COOKE S4 753","753","40","T 2 3/10","5.135","1.2","-0.6","ARRI ALEXA 35"
"15:27:50:03","A_0019C004_250528_152715_h1EI5","COOKE S4 753","753","40","T 2 3/10","5.135","1.2","-0.6","ARRI ALEXA 35"
"15:27:50:04","A_0019C004_250528_152715_h1EI5","COOKE S4 753","753","40","T 2 3/10","5.135","1.2","-0.6","ARRI ALEXA 35"
"15:27:50:05","A_0019C004_250528_152715_h1EI5","COOKE S4 753","753","40","T 2 3/10","5.135","1.2","-0.6","ARRI ALEXA 35"
"15:27:50:06","A_0019C004_250528_152715_h1EI5","COOKE S4 753","753","40","T 2 3/10","5.135","1.2","-0.6","ARRI ALEXA 35"
"15:27:50:07","A_0019C004_250528_152715_h1EI5","COOKE S4 753","753","40","T 2 3/10","5.135","1.2","-0.6","ARRI ALEXA 35"
"15:27:50:08","A_0019C004_250528_152715_h1EI5","COOKE S4 753","753","40","T 2 3/10","5.135","1.2","-0.6","ARRI ALEXA 35"
"15:27:50:09","A_0019C004_250528_152715_h1EI5","COOKE S4 753","753","40","T 2 3/10","5.135","1.2","-0.6","ARRI ALEXA 35"
"15:27:50:10","A_0019C004_250528_152715_h1EI5","COOKE S4 753","753","40","T 2 3/10","5.135","1.2","-0.6","ARRI ALEXA 35"
"15:27:50:11","A_0019C004_250528_152715_h1EI5","COOKE S4 753","753","40","T 2 3/10","5.135","1.2","-0.6","ARRI ALEXA 35"
"15:27:50:12","A_0019C004_250528_152715_h1EI5","COOKE S4 753","753","40","T 2 3/10","5.135","1.2","-0.6","ARRI ALEXA 35"
"15:27:50:13","A_0019C004_250528_152715_h1EI5","COOKE S4 753","753","40","T 2 3/10","5.135","1.2","-0.6","ARRI ALEXA 35"
"15:27:50:14","A_0019C004_250528_152715_h1EI5","COOKE S4 753","753","40","T 2 3/10","5.135","1.2","-0.6","ARRI ALEXA 35"
"15:27:50:15","A_0019C004_250528_152715_h1EI5","COOKE S4 753","753","40","T 2 3/10","5.135","1.2","-0.6","ARRI ALEXA 35"
"15:27:50:16","A_0019C004_250528_152715_h1EI5","COOKE S4 753","753","40","T 2 3/10","5.135","1.2","-0.6","ARRI ALEXA 35"
"15:27:50:17","A_0019C004_250528_152715_h1EI5","COOKE S4 753","753","40","T 2 3/10","5.135","1.2","-0.6","ARRI ALEXA 35"
"15:27:50:18","A_0019C004_250528_152715_h1EI5","COOKE S4 753","753","40","T 2 3/10","5.135","1.2","-0.6","ARRI ALEXA 35"
"15:27:50:19","A_0019C004_250528_152715_h1EI5","COOKE S4 753","753","40","T 2 3/10","5.135","1.2","-0.6","ARRI ALEXA 35"
"15:27:50:20","A_0019C004_250528_152715_h1EI5","COOKE S4 753","753","40","T 2 3/10","5.135","1.2","-0.6","ARRI ALEXA 35"
"15:27:50:21","A_0019C004_250528_152715_h1EI5","COOKE S4 753","753","40","T 2 3/10","5.135","1.2","-0.6","ARRI ALEXA 35"
"15:27:50:22","A_0019C004_250528_152715_h1EI5","COOKE S4 753","753","40","T 2 3/10","5.135","1.2","-0.6","ARRI ALEXA 35"
"15:27:50:23","A_0019C004_250528_152715_h1EI5","COOKE S4 753","753","40","T 2 3/10","5.135","1.2","-0.6","ARRI ALEXA 35"
"15:27:51:00","A_0019C004_250528_152715_h1EI5","COOKE S4 753","753","40","T 2 3/10","5.135","1.2","-0.6","ARRI ALEXA 35"
"15:27:51:01","A_0019C004_250528_152715_h1EI5","COOKE S4 753","753","40","T 2 3/10","5.135","1.2","-0.6","ARRI ALEXA 35"
"15:27:51:02","A_0019C004_250528_152715_h1EI5","COOKE S4 753","753","40","T 2 3/10","5.135","1.4","-0.6","ARRI ALEXA 35"
"15:27:51:03","A_0019C004_250528_152715_h1EI5","COOKE S4 753","753","40","T 2 3/10","5.135","1.4","-0.6","ARRI ALEXA 35"
"15:27:51:04","A_0019C004_250528_152715_h1EI5","COOKE S4 753","753","40","T 2 3/10","5.135","1.4","-0.6","ARRI ALEXA 35"
"15:27:51:05","A_0019C004_250528_152715_h1EI5","COOKE S4 753","753","40","T 2 3/10","5.135","1.4","-0.6","ARRI ALEXA 35"
"15:27:51:06","A_0019C004_250528_152715_h1EI5","COOKE S4 753","753","40","T 2 3/10","5.135","1.4","-0.6","ARRI ALEXA 35"
"15:27:51:07","A_0019C004_250528_152715_h1EI5","COOKE S4 753","753","40","T 2 3/10","5.135","1.4","-0.6","ARRI ALEXA 35"
"15:27:51:08","A_0019C004_250528_152715_h1EI5","COOKE S4 753","753","40","T 2 3/10","5.135","1.4","-0.6","ARRI ALEXA 35"
"15:27:51:09","A_0019C004_250528_152715_h1EI5","COOKE S4 753","753","40","T 2 3/10","5.135","1.4","-0.6","ARRI ALEXA 35"
"15:27:51:10","A_0019C004_250528_152715_h1EI5","COOKE S4 753","753","40","T 2 3/10","5.135","1.4","-0.6","ARRI ALEXA 35"
"15:27:51:11","A_0019C004_250528_152715_h1EI5","COOKE S4 753","753","40","T 2 3/10","5.135","1.4","-0.6","ARRI ALEXA 35"
"15:27:51:12","A_0019C004_250528_152715_h1EI5","COOKE S4 753","753","40","T 2 3/10","5.135","1.4","-0.6","ARRI ALEXA 35"
"15:27:51:13","A_0019C004_250528_152715_h1EI5","COOKE S4 753","753","40","T 2 3/10","5.135","1.4","-0.6","ARRI ALEXA 35"
"15:27:51:14","A_0019C004_250528_152715_h1EI5","COOKE S4 753","753","40","T 2 3/10","5.135","1.4","-0.6","ARRI ALEXA 35"
"15:27:51:15","A_0019C004_250528_152715_h1EI5","COOKE S4 753","753","40","T 2 3/10","5.135","1.4","-0.6","ARRI ALEXA 35"
"15:27:51:16","A_0019C004_250528_152715_h1EI5","COOKE S4 753","753","40","T 2 3/10","5.135","1.4","-0.6","ARRI ALEXA 35"
"15:27:51:17","A_0019C004_250528_152715_h1EI5","COOKE S4 753","753","40","T 2 3/10","5.135","1.4","-0.6","ARRI ALEXA 35"
"15:27:51:18","A_0019C004_250528_152715_h1EI5","COOKE S4 753","753","40","T 2 3/10","5.135","1.4","-0.6","ARRI ALEXA 35"
"15:27:51:19","A_0019C004_250528_152715_h1EI5","COOKE S4 753","753","40","T 2 3/10","5.135","1.4","-0.6","ARRI ALEXA 35"
"15:27:51:20","A_0019C004_250528_152715_h1EI5","COOKE S4 753","753","40","T 2 3/10","5.135","1.4","-0.6","ARRI ALEXA 35"
"15:27:51:21","A_0019C004_250528_152715_h1EI5","COOKE S4 753","753","40","T 2 3/10","5.135","1.4","-0.6","ARRI ALEXA 35"
"15:27:51:22","A_0019C004_250528_152715_h1EI5","COOKE S4 753","753","40","T 2 3/10","5.135","1.4","-0.6","ARRI ALEXA 35"
"15:27:51:23","A_0019C004_250528_152715_h1EI5","COOKE S4 753","753","40","T 2 3/10","5.135","1.4","-0.6","ARRI ALEXA 35"
"15:27:52:00","A_0019C004_250528_152715_h1EI5","COOKE S4 753","753","40","T 2 3/10","5.135","1.4","-0.6","ARRI ALEXA 35"
"15:27:52:01","A_0019C004_250528_152715_h1EI5","COOKE S4 753","753","40","T 2 3/10","5.135","1.4","-0.6","ARRI ALEXA 35"
"15:27:52:02","A_0019C004_250528_152715_h1EI5","COOKE S4 753","753","40","T 2 3/10","5.135","1.4","-0.6","ARRI ALEXA 35"
"15:27:52:03","A_0019C004_250528_152715_h1EI5","COOKE S4 753","753","40","T 2 3/10","5.135","1.4","-0.6","ARRI ALEXA 35"
"15:27:52:04","A_0019C004_250528_152715_h1EI5","COOKE S4 753","753","40","T 2 3/10","5.135","1.4","-0.6","ARRI ALEXA 35"
"15:27:52:05","A_0019C004_250528_152715_h1EI5","COOKE S4 753","753","40","T 2 3/10","5.135","1.4","-0.6","ARRI ALEXA 35"
"15:27:52:06","A_0019C004_250528_152715_h1EI5","COOKE S4 753","753","40","T 2 3/10","5.135","1.4","-0.6","ARRI ALEXA 35"
"15:27:52:07","A_0019C004_250528_152715_h1EI5","COOKE S4 753","753","40","T 2 3/10","5.135","1.4","-0.6","ARRI ALEXA 35"
"15:27:52:08","A_0019C004_250528_152715_h1EI5","COOKE S4 753","753","40","T 2 3/10","5.135","1.4","-0.6","ARRI ALEXA 35"
"15:27:52:09","A_0019C004_250528_152715_h1EI5","COOKE S4 753","753","40","T 2 3/10","5.135","1.4","-0.6","ARRI ALEXA 35"
"15:27:52:10","A_0019C004_250528_152715_h1EI5","COOKE S4 753","753","40","T 2 3/10","5.135","1.4","-0.6","ARRI ALEXA 35"
"15:27:52:11","A_0019C004_250528_152715_h1EI5","COOKE S4 753","753","40","T 2 3/10","5.135","1.2","-0.6","ARRI ALEXA 35"
"15:27:52:12","A_0019C004_250528_152715_h1EI5","COOKE S4 753","753","40","T 2 3/10","5.135","1.2","-0.6","ARRI ALEXA 35"
"15:27:52:13","A_0019C004_250528_152715_h1EI5","COOKE S4 753","753","40","T 2 3/10","5.135","1.2","-0.6","ARRI ALEXA 35"
"15:27:52:14","A_0019C004_250528_152715_h1EI5","COOKE S4 753","753","40","T 2 3/10","5.135","1.2","-0.6","ARRI ALEXA 35"
"15:27:52:15","A_0019C004_250528_152715_h1EI5","COOKE S4 753","753","40","T 2 3/10","5.135","1.2","-0.6","ARRI ALEXA 35"
"15:27:52:16","A_0019C004_250528_152715_h1EI5","COOKE S4 753","753","40","T 2 3/10","5.135","1.2","-0.6","ARRI ALEXA 35"
"15:27:52:17","A_0019C004_250528_152715_h1EI5","COOKE S4 753","753","40","T 2 3/10","5.135","1.2","-0.6","ARRI ALEXA 35"
"15:27:52:18","A_0019C004_250528_152715_h1EI5","COOKE S4 753","753","40","T 2 3/10","5.135","1.2","-0.6","ARRI ALEXA 35"
"15:27:52:19","A_0019C004_250528_152715_h1EI5","COOKE S4 753","753","40","T 2 3/10","5.135","1.2","-0.6","ARRI ALEXA 35"
"15:27:52:20","A_0019C004_250528_152715_h1EI5","COOKE S4 753","753","40","T 2 3/10","5.135","1.2","-0.6","ARRI ALEXA 35"
"15:27:52:21","A_0019C004_250528_152715_h1EI5","COOKE S4 753","753","40","T 2 3/10","5.135","1.2","-0.6","ARRI ALEXA 35"
"15:27:52:22","A_0019C004_250528_152715_h1EI5","COOKE S4 753","753","40","T 2 3/10","5.135","1.2","-0.6","ARRI ALEXA 35"
"15:27:52:23","A_0019C004_250528_152715_h1EI5","COOKE S4 753","753","40","T 2 3/10","5.135","1.2","-0.6","ARRI ALEXA 35"
"15:27:53:00","A_0019C004_250528_152715_h1EI5","COOKE S4 753","753","40","T 2 3/10","5.135","1.2","-0.6","ARRI ALEXA 35"
"15:27:53:01","A_0019C004_250528_152715_h1EI5","COOKE S4 753","753","40","T 2 3/10","5.135","1.2","-0.6","ARRI ALEXA 35"
"15:27:53:02","A_0019C004_250528_152715_h1EI5","COOKE S4 753","753","40","T 2 3/10","5.135","1.2","-0.6","ARRI ALEXA 35"
"15:27:53:03","A_0019C004_250528_152715_h1EI5","COOKE S4 753","753","40","T 2 3/10","5.135","1.2","-0.6","ARRI ALEXA 35"
"15:27:53:04","A_0019C004_250528_152715_h1EI5","COOKE S4 753","753","40","T 2 3/10","5.135","1.2","-0.6","ARRI ALEXA 35"
"15:27:53:05","A_0019C004_250528_152715_h1EI5","COOKE S4 753","753","40","T 2 3/10","5.135","1.2","-0.6","ARRI ALEXA 35"
"15:27:53:06","A_0019C004_250528_152715_h1EI5","COOKE S4 753","753","40","T 2 3/10","5.135","1.2","-0.6","ARRI ALEXA 35"
"15:27:53:07","A_0019C004_250528_152715_h1EI5","COOKE S4 753","753","40","T 2 3/10","5.135","1.2","-0.6","ARRI ALEXA 35"
"15:27:53:08","A_0019C004_250528_152715_h1EI5","COOKE S4 753","753","40","T 2 3/10","5.135","1.2","-0.6","ARRI ALEXA 35"
"15:27:53:09","A_0019C004_250528_152715_h1EI5","COOKE S4 753","753","40","T 2 3/10","5.135","1.2","-0.6","ARRI ALEXA 35"
"15:27:53:10","A_0019C004_250528_152715_h1EI5","COOKE S4 753","753","40","T 2 3/10","5.135","1.2","-0.6","ARRI ALEXA 35"
"15:27:53:11","A_0019C004_250528_152715_h1EI5","COOKE S4 753","753","40","T 2 3/10","5.135","1.2","-0.6","ARRI ALEXA 35"
"15:27:53:12","A_0019C004_250528_152715_h1EI5","COOKE S4 753","753","40","T 2 3/10","5.135","1.2","-0.6","ARRI ALEXA 35"
"15:27:53:13","A_0019C004_250528_152715_h1EI5","COOKE S4 753","753","40","T 2 3/10","5.135","1.2","-0.6","ARRI ALEXA 35"
"15:27:53:14","A_0019C004_250528_152715_h1EI5","COOKE S4 753","753","40","T 2 3/10","5.135","1.2","-0.6","ARRI ALEXA 35"
"15:27:53:15","A_0019C004_250528_152715_h1EI5","COOKE S4 753","753","40","T 2 3/10","5.135","1.2","-0.6","ARRI ALEXA 35"
"15:27:53:16","A_0019C004_250528_152715_h1EI5","COOKE S4 753","753","40","T 2 3/10","5.135","1.2","-0.6","ARRI ALEXA 35"
"15:27:53:17","A_0019C004_250528_152715_h1EI5","COOKE S4 753","753","40","T 2 3/10","5.135","1.2","-0.6","ARRI ALEXA 35"
"15:27:53:18","A_0019C004_250528_152715_h1EI5","COOKE S4 753","753","40","T 2 3/10","5.135","1.2","-0.6","ARRI ALEXA 35"
"15:27:53:19","A_0019C004_250528_152715_h1EI5","COOKE S4 753","753","40","T 2 3/10","5.135","1.2","-0.6","ARRI ALEXA 35"
"15:27:53:20","A_0019C004_250528_152715_h1EI5","COOKE S4 753","753","40","T 2 3/10","5.135","1.2","-0.6","ARRI ALEXA 35"
"15:27:53:21","A_0019C004_250528_152715_h1EI5","COOKE S4 753","753","40","T 2 3/10","5.135","1.2","-0.6","ARRI ALEXA 35"
"15:27:53:22","A_0019C004_250528_152715_h1EI5","COOKE S4 753","753","40","T 2 3/10","5.135","1.2","-0.6","ARRI ALEXA 35"
"15:27:53:23","A_0019C004_250528_152715_h1EI5","COOKE S4 753","753","40","T 2 3/10","5.135","1.2","-0.6","ARRI ALEXA 35"
"15:27:54:00","A_0019C004_250528_152715_h1EI5","COOKE S4 753","753","40","T 2 3/10","5.135","1.2","-0.6","ARRI ALEXA 35"
"15:27:54:01","A_0019C004_250528_152715_h1EI5","COOKE S4 753","753","40","T 2 3/10","5.135","1.2","-0.6","ARRI ALEXA 35"
"15:27:54:02","A_0019C004_250528_152715_h1EI5","COOKE S4 753","753","40","T 2 3/10","5.135","1.2","-0.6","ARRI ALEXA 35"
"15:27:54:03","A_0019C004_250528_152715_h1EI5","COOKE S4 753","753","40","T 2 3/10","5.135","1.2","-0.6","ARRI ALEXA 35"
"15:27:54:04","A_0019C004_250528_152715_h1EI5","COOKE S4 753","753","40","T 2 3/10","5.135","1.2","-0.6","ARRI ALEXA 35"
"15:27:54:05","A_0019C004_250528_152715_h1EI5","COOKE S4 753","753","40","T 2 3/10","5.135","1","-0.6","ARRI ALEXA 35"
"15:27:54:06","A_0019C004_250528_152715_h1EI5","COOKE S4 753","753","40","T 2 3/10","5.135","1","-0.6","ARRI ALEXA 35"
"15:27:54:07","A_0019C004_250528_152715_h1EI5","COOKE S4 753","753","40","T 2 3/10","5.135","1","-0.6","ARRI ALEXA 35"
"15:27:54:08","A_0019C004_250528_152715_h1EI5","COOKE S4 753","753","40","T 2 3/10","5.135","1","-0.6","ARRI ALEXA 35"
"15:27:54:09","A_0019C004_250528_152715_h1EI5","COOKE S4 753","753","40","T 2 3/10","5.135","1","-0.6","ARRI ALEXA 35"
"15:27:54:10","A_0019C004_250528_152715_h1EI5","COOKE S4 753","753","40","T 2 3/10","5.135","1","-0.6","ARRI ALEXA 35"
"15:27:54:11","A_0019C004_250528_152715_h1EI5","COOKE S4 753","753","40","T 2 3/10","5.135","1","-0.6","ARRI ALEXA 35"
"15:27:54:12","A_0019C004_250528_152715_h1EI5","COOKE S4 753","753","40","T 2 3/10","5.135","1","-0.6","ARRI ALEXA 35"
"15:27:54:13","A_0019C004_250528_152715_h1EI5","COOKE S4 753","753","40","T 2 3/10","5.135","1","-0.6","ARRI ALEXA 35"
"15:27:54:14","A_0019C004_250528_152715_h1EI5","COOKE S4 753","753","40","T 2 3/10","5.135","1","-0.6","ARRI ALEXA 35"
"15:27:54:15","A_0019C004_250528_152715_h1EI5","COOKE S4 753","753","40","T 2 3/10","5.135","1","-0.6","ARRI ALEXA 35"
"15:27:54:16","A_0019C004_250528_152715_h1EI5","COOKE S4 753","753","40","T 2 3/10","5.135","1","-0.6","ARRI ALEXA 35"
"15:27:54:17","A_0019C004_250528_152715_h1EI5","COOKE S4 753","753","40","T 2 3/10","5.135","1","-0.6","ARRI ALEXA 35"
"15:27:54:18","A_0019C004_250528_152715_h1EI5","COOKE S4 753","753","40","T 2 3/10","5.135","1","-0.6","ARRI ALEXA 35"
"15:27:54:19","A_0019C004_250528_152715_h1EI5","COOKE S4 753","753","40","T 2 3/10","5.135","1","-0.6","ARRI ALEXA 35"
"15:27:54:20","A_0019C004_250528_152715_h1EI5","COOKE S4 753","753","40","T 2 3/10","5.135","1","-0.6","ARRI ALEXA 35"
"15:27:54:21","A_0019C004_250528_152715_h1EI5","COOKE S4 753","753","40","T 2 3/10","5.135","1","-0.6","ARRI ALEXA 35"
"15:27:54:22","A_0019C004_250528_152715_h1EI5","COOKE S4 753","753","40","T 2 3/10","5.135","1","-0.6","ARRI ALEXA 35"
"15:27:54:23","A_0019C004_250528_152715_h1EI5","COOKE S4 753","753","40","T 2 3/10","5.135","1","-0.6","ARRI ALEXA 35"
"15:27:55:00","A_0019C004_250528_152715_h1EI5","COOKE S4 753","753","40","T 2 3/10","5.135","1","-0.6","ARRI ALEXA 35"
"15:27:55:01","A_0019C004_250528_152715_h1EI5","COOKE S4 753","753","40","T 2 3/10","5.135","1","-0.6","ARRI ALEXA 35"
"15:27:55:02","A_0019C004_250528_152715_h1EI5","COOKE S4 753","753","40","T 2 3/10","5.135","1","-0.6","ARRI ALEXA 35"
"15:27:55:03","A_0019C004_250528_152715_h1EI5","COOKE S4 753","753","40","T 2 3/10","5.135","1","-0.6","ARRI ALEXA 35"
"15:27:55:04","A_0019C004_250528_152715_h1EI5","COOKE S4 753","753","40","T 2 3/10","5.135","1","-0.6","ARRI ALEXA 35"
"15:27:55:05","A_0019C004_250528_152715_h1EI5","COOKE S4 753","753","40","T 2 3/10","5.135","1","-0.6","ARRI ALEXA 35"
"15:27:55:06","A_0019C004_250528_152715_h1EI5","COOKE S4 753","753","40","T 2 3/10","5.135","1","-0.6","ARRI ALEXA 35"
"15:27:55:07","A_0019C004_250528_152715_h1EI5","COOKE S4 753","753","40","T 2 3/10","5.135","1","-0.6","ARRI ALEXA 35"
"15:27:55:08","A_0019C004_250528_152715_h1EI5","COOKE S4 753","753","40","T 2 3/10","5.135","1","-0.6","ARRI ALEXA 35"
"15:27:55:09","A_0019C004_250528_152715_h1EI5","COOKE S4 753","753","40","T 2 3/10","5.135","1","-0.6","ARRI ALEXA 35"
"15:27:55:10","A_0019C004_250528_152715_h1EI5","COOKE S4 753","753","40","T 2 3/10","5.135","1","-0.6","ARRI ALEXA 35"
"15:27:55:11","A_0019C004_250528_152715_h1EI5","COOKE S4 753","753","40","T 2 3/10","5.135","1","-0.6","ARRI ALEXA 35"
"15:27:55:12","A_0019C004_250528_152715_h1EI5","COOKE S4 753","753","40","T 2 3/10","5.135","1","-0.6","ARRI ALEXA 35"
"15:27:55:13","A_0019C004_250528_152715_h1EI5","COOKE S4 753","753","40","T 2 3/10","5.135","1","-0.6","ARRI ALEXA 35"
"15:27:55:14","A_0019C004_250528_152715_h1EI5","COOKE S4 753","753","40","T 2 3/10","5.135","1","-0.6","ARRI ALEXA 35"
"15:27:55:15","A_0019C004_250528_152715_h1EI5","COOKE S4 753","753","40","T 2 3/10","5.135","1","-0.6","ARRI ALEXA 35"
"15:27:55:16","A_0019C004_250528_152715_h1EI5","COOKE S4 753","753","40","T 2 3/10","5.135","1","-0.6","ARRI ALEXA 35"
"15:27:55:17","A_0019C004_250528_152715_h1EI5","COOKE S4 753","753","40","T 2 3/10","5.135","1","-0.6","ARRI ALEXA 35"
"15:27:55:18","A_0019C004_250528_152715_h1EI5","COOKE S4 753","753","40","T 2 3/10","5.135","1","-0.6","ARRI ALEXA 35"
"15:27:55:19","A_0019C004_250528_152715_h1EI5","COOKE S4 753","753","40","T 2 3/10","5.135","1","-0.6","ARRI ALEXA 35"
"15:27:55:20","A_0019C004_250528_152715_h1EI5","COOKE S4 753","753","40","T 2 3/10","5.135","1","-0.6","ARRI ALEXA 35"
"15:27:55:21","A_0019C004_250528_152715_h1EI5","COOKE S4 753","753","40","T 2 3/10","5.135","1","-0.6","ARRI ALEXA 35"
"15:27:55:22","A_0019C004_250528_152715_h1EI5","COOKE S4 753","753","40","T 2 3/10","5.135","1","-0.6","ARRI ALEXA 35"
"15:27:55:23","A_0019C004_250528_152715_h1EI5","COOKE S4 753","753","40","T 2 3/10","5.135","1","-0.6","ARRI ALEXA 35"
"15:27:56:00","A_0019C004_250528_152715_h1EI5","COOKE S4 753","753","40","T 2 3/10","5.135","1","-0.6","ARRI ALEXA 35"
"15:27:56:01","A_0019C004_250528_152715_h1EI5","COOKE S4 753","753","40","T 2 3/10","5.141","1","-0.6","ARRI ALEXA 35"
"15:27:56:02","A_0019C004_250528_152715_h1EI5","COOKE S4 753","753","40","T 2 3/10","5.154","1","-0.6","ARRI ALEXA 35"
"15:27:56:03","A_0019C004_250528_152715_h1EI5","COOKE S4 753","753","40","T 2 3/10","5.167","1","-0.6","ARRI ALEXA 35"
"15:27:56:04","A_0019C004_250528_152715_h1EI5","COOKE S4 753","753","40","T 2 3/10","5.171","1","-0.6","ARRI ALEXA 35"
"15:27:56:05","A_0019C004_250528_152715_h1EI5","COOKE S4 753","753","40","T 2 3/10","5.171","1","-0.6","ARRI ALEXA 35"
"15:27:56:06","A_0019C004_250528_152715_h1EI5","COOKE S4 753","753","40","T 2 3/10","5.171","1","-0.6","ARRI ALEXA 35"
"15:27:56:07","A_0019C004_250528_152715_h1EI5","COOKE S4 753","753","40","T 2 3/10","5.171","1","-0.6","ARRI ALEXA 35"
"15:27:56:08","A_0019C004_250528_152715_h1EI5","COOKE S4 753","753","40","T 2 3/10","5.171","1","-0.6","ARRI ALEXA 35"
"15:27:56:09","A_0019C004_250528_152715_h1EI5","COOKE S4 753","753","40","T 2 3/10","5.171","1","-0.6","ARRI ALEXA 35"
"15:27:56:10","A_0019C004_250528_152715_h1EI5","COOKE S4 753","753","40","T 2 3/10","5.171","1","-0.6","ARRI ALEXA 35"
"15:27:56:11","A_0019C004_250528_152715_h1EI5","COOKE S4 753","753","40","T 2 3/10","5.171","1","-0.6","ARRI ALEXA 35"
"15:27:56:12","A_0019C004_250528_152715_h1EI5","COOKE S4 753","753","40","T 2 3/10","5.171","1","-0.6","ARRI ALEXA 35"
"15:27:56:13","A_0019C004_250528_152715_h1EI5","COOKE S4 753","753","40","T 2 3/10","5.171","1","-0.6","ARRI ALEXA 35"
"15:27:56:14","A_0019C004_250528_152715_h1EI5","COOKE S4 753","753","40","T 2 3/10","5.171","1","-0.6","ARRI ALEXA 35"
"15:27:56:15","A_0019C004_250528_152715_h1EI5","COOKE S4 753","753","40","T 2 3/10","5.171","1","-0.6","ARRI ALEXA 35"
"15:27:56:16","A_0019C004_250528_152715_h1EI5","COOKE S4 753","753","40","T 2 3/10","5.171","1","-0.6","ARRI ALEXA 35"
"15:27:56:17","A_0019C004_250528_152715_h1EI5","COOKE S4 753","753","40","T 2 3/10","5.171","1","-0.6","ARRI ALEXA 35"
"15:27:56:18","A_0019C004_250528_152715_h1EI5","COOKE S4 753","753","40","T 2 3/10","5.171","1","-0.6","ARRI ALEXA 35"
"15:27:56:19","A_0019C004_250528_152715_h1EI5","COOKE S4 753","753","40","T 2 3/10","5.171","1","-0.6","ARRI ALEXA 35"
"15:27:56:20","A_0019C004_250528_152715_h1EI5","COOKE S4 753","753","40","T 2 3/10","5.171","1","-0.6","ARRI ALEXA 35"
"15:27:56:21","A_0019C004_250528_152715_h1EI5","COOKE S4 753","753","40","T 2 3/10","5.171","1","-0.6","ARRI ALEXA 35"
"15:27:56:22","A_0019C004_250528_152715_h1EI5","COOKE S4 753","753","40","T 2 3/10","5.171","1","-0.6","ARRI ALEXA 35"
"15:27:56:23","A_0019C004_250528_152715_h1EI5","COOKE S4 753","753","40","T 2 3/10","5.171","1","-0.6","ARRI ALEXA 35"
"15:27:57:00","A_0019C004_250528_152715_h1EI5","COOKE S4 753","753","40","T 2 3/10","5.171","1","-0.6","ARRI ALEXA 35"
"15:27:57:01","A_0019C004_250528_152715_h1EI5","COOKE S4 753","753","40","T 2 3/10","5.171","1","-0.6","ARRI ALEXA 35"
"15:27:57:02","A_0019C004_250528_152715_h1EI5","COOKE S4 753","753","40","T 2 3/10","5.171","1","-0.6","ARRI ALEXA 35"
"15:27:57:03","A_0019C004_250528_152715_h1EI5","COOKE S4 753","753","40","T 2 3/10","5.171","1","-0.6","ARRI ALEXA 35"
"15:27:57:04","A_0019C004_250528_152715_h1EI5","COOKE S4 753","753","40","T 2 3/10","5.171","1","-0.6","ARRI ALEXA 35"
"15:27:57:05","A_0019C004_250528_152715_h1EI5","COOKE S4 753","753","40","T 2 3/10","5.171","1","-0.6","ARRI ALEXA 35"
"15:27:57:06","A_0019C004_250528_152715_h1EI5","COOKE S4 753","753","40","T 2 3/10","5.171","1","-0.6","ARRI ALEXA 35"
"15:27:57:07","A_0019C004_250528_152715_h1EI5","COOKE S4 753","753","40","T 2 3/10","5.171","1","-0.6","ARRI ALEXA 35"
"15:27:57:08","A_0019C004_250528_152715_h1EI5","COOKE S4 753","753","40","T 2 3/10","5.171","1","-0.6","ARRI ALEXA 35"
"15:27:57:09","A_0019C004_250528_152715_h1EI5","COOKE S4 753","753","40","T 2 3/10","5.171","1","-0.6","ARRI ALEXA 35"
"15:27:57:10","A_0019C004_250528_152715_h1EI5","COOKE S4 753","753","40","T 2 3/10","5.171","1","-0.6","ARRI ALEXA 35"
"15:27:57:11","A_0019C004_250528_152715_h1EI5","COOKE S4 753","753","40","T 2 3/10","5.171","1","-0.6","ARRI ALEXA 35"
"15:27:57:12","A_0019C004_250528_152715_h1EI5","COOKE S4 753","753","40","T 2 3/10","5.171","1","-0.6","ARRI ALEXA 35"
"15:27:57:13","A_0019C004_250528_152715_h1EI5","COOKE S4 753","753","40","T 2 3/10","5.171","1","-0.6","ARRI ALEXA 35"
"15:27:57:14","A_0019C004_250528_152715_h1EI5","COOKE S4 753","753","40","T 2 3/10","5.171","1","-0.6","ARRI ALEXA 35"
"15:27:57:15","A_0019C004_250528_152715_h1EI5","COOKE S4 753","753","40","T 2 3/10","5.171","1","-0.6","ARRI ALEXA 35"
"15:27:57:16","A_0019C004_250528_152715_h1EI5","COOKE S4 753","753","40","T 2 3/10","5.171","1","-0.6","ARRI ALEXA 35"
"15:27:57:17","A_0019C004_250528_152715_h1EI5","COOKE S4 753","753","40","T 2 3/10","5.171","1","-0.6","ARRI ALEXA 35"
"15:27:57:18","A_0019C004_250528_152715_h1EI5","COOKE S4 753","753","40","T 2 3/10","5.171","1","-0.6","ARRI ALEXA 35"
"15:27:57:19","A_0019C004_250528_152715_h1EI5","COOKE S4 753","753","40","T 2 3/10","5.171","1","-0.6","ARRI ALEXA 35"
"15:27:57:20","A_0019C004_250528_152715_h1EI5","COOKE S4 753","753","40","T 2 3/10","5.171","1","-0.6","ARRI ALEXA 35"
"15:27:57:21","A_0019C004_250528_152715_h1EI5","COOKE S4 753","753","40","T 2 3/10","5.171","1","-0.6","ARRI ALEXA 35"
"15:27:57:22","A_0019C004_250528_152715_h1EI5","COOKE S4 753","753","40","T 2 3/10","5.171","1","-0.6","ARRI ALEXA 35"
"15:27:57:23","A_0019C004_250528_152715_h1EI5","COOKE S4 753","753","40","T 2 3/10","5.171","1","-0.6","ARRI ALEXA 35"
"15:27:58:00","A_0019C004_250528_152715_h1EI5","COOKE S4 753","753","40","T 2 3/10","5.171","1","-0.6","ARRI ALEXA 35"
"15:27:58:01","A_0019C004_250528_152715_h1EI5","COOKE S4 753","753","40","T 2 3/10","5.171","1","-0.6","ARRI ALEXA 35"
"15:27:58:02","A_0019C004_250528_152715_h1EI5","COOKE S4 753","753","40","T 2 3/10","5.171","1","-0.6","ARRI ALEXA 35"
"15:27:58:03","A_0019C004_250528_152715_h1EI5","COOKE S4 753","753","40","T 2 3/10","5.171","1","-0.6","ARRI ALEXA 35"
"15:27:58:04","A_0019C004_250528_152715_h1EI5","COOKE S4 753","753","40","T 2 3/10","5.171","1","-0.6","ARRI ALEXA 35"
"15:27:58:05","A_0019C004_250528_152715_h1EI5","COOKE S4 753","753","40","T 2 3/10","5.171","1","-0.6","ARRI ALEXA 35"
"15:27:58:06","A_0019C004_250528_152715_h1EI5","COOKE S4 753","753","40","T 2 3/10","5.171","1","-0.6","ARRI ALEXA 35"
"15:27:58:07","A_0019C004_250528_152715_h1EI5","COOKE S4 753","753","40","T 2 3/10","5.171","1","-0.6","ARRI ALEXA 35"
"15:27:58:08","A_0019C004_250528_152715_h1EI5","COOKE S4 753","753","40","T 2 3/10","5.171","1","-0.6","ARRI ALEXA 35"
"15:27:58:09","A_0019C004_250528_152715_h1EI5","COOKE S4 753","753","40","T 2 3/10","5.171","1","-0.6","ARRI ALEXA 35"
"15:27:58:10","A_0019C004_250528_152715_h1EI5","COOKE S4 753","753","40","T 2 3/10","5.171","1","-0.6","ARRI ALEXA 35"
"15:27:58:11","A_0019C004_250528_152715_h1EI5","COOKE S4 753","753","40","T 2 3/10","5.171","1","-0.6","ARRI ALEXA 35"
"15:27:58:12","A_0019C004_250528_152715_h1EI5","COOKE S4 753","753","40","T 2 3/10","5.171","1","-0.6","ARRI ALEXA 35"
"15:27:58:13","A_0019C004_250528_152715_h1EI5","COOKE S4 753","753","40","T 2 3/10","5.171","1","-0.6","ARRI ALEXA 35"
"15:27:58:14","A_0019C004_250528_152715_h1EI5","COOKE S4 753","753","40","T 2 3/10","5.171","1","-0.6","ARRI ALEXA 35"
"15:27:58:15","A_0019C004_250528_152715_h1EI5","COOKE S4 753","753","40","T 2 3/10","5.171","1","-0.6","ARRI ALEXA 35"
"15:27:58:16","A_0019C004_250528_152715_h1EI5","COOKE S4 753","753","40","T 2 3/10","5.171","1","-0.6","ARRI ALEXA 35"
"15:27:58:17","A_0019C004_250528_152715_h1EI5","COOKE S4 753","753","40","T 2 3/10","5.171","1","-0.6","ARRI ALEXA 35"
"15:27:58:18","A_0019C004_250528_152715_h1EI5","COOKE S4 753","753","40","T 2 3/10","5.171","1","-0.6","ARRI ALEXA 35"
"15:27:58:19","A_0019C004_250528_152715_h1EI5","COOKE S4 753","753","40","T 2 3/10","5.171","1","-0.6","ARRI ALEXA 35"
"15:27:58:20","A_0019C004_250528_152715_h1EI5","COOKE S4 753","753","40","T 2 3/10","5.171","1","-0.6","ARRI ALEXA 35"
"15:27:58:21","A_0019C004_250528_152715_h1EI5","COOKE S4 753","753","40","T 2 3/10","5.171","1","-0.6","ARRI ALEXA 35"
"15:27:58:22","A_0019C004_250528_152715_h1EI5","COOKE S4 753","753","40","T 2 3/10","5.171","1","-0.6","ARRI ALEXA 35"
"15:27:58:23","A_0019C004_250528_152715_h1EI5","COOKE S4 753","753","40","T 2 3/10","5.171","1","-0.6","ARRI ALEXA 35"
"15:27:59:00","A_0019C004_250528_152715_h1EI5","COOKE S4 753","753","40","T 2 3/10","5.171","1","-0.6","ARRI ALEXA 35"
"15:27:59:01","A_0019C004_250528_152715_h1EI5","COOKE S4 753","753","40","T 2 3/10","5.171","1","-0.6","ARRI ALEXA 35"
"15:27:59:02","A_0019C004_250528_152715_h1EI5","COOKE S4 753","753","40","T 2 3/10","5.171","1","-0.6","ARRI ALEXA 35"
"15:27:59:03","A_0019C004_250528_152715_h1EI5","COOKE S4 753","753","40","T 2 3/10","5.171","1","-0.6","ARRI ALEXA 35"
"15:27:59:04","A_0019C004_250528_152715_h1EI5","COOKE S4 753","753","40","T 2 3/10","5.171","1","-0.6","ARRI ALEXA 35"
"15:27:59:05","A_0019C004_250528_152715_h1EI5","COOKE S4 753","753","40","T 2 3/10","5.171","1","-0.6","ARRI ALEXA 35"
"15:27:59:06","A_0019C004_250528_152715_h1EI5","COOKE S4 753","753","40","T 2 3/10","5.171","1","-0.6","ARRI ALEXA 35"
"15:27:59:07","A_0019C004_250528_152715_h1EI5","COOKE S4 753","753","40","T 2 3/10","5.171","1","-0.6","ARRI ALEXA 35"
"15:27:59:08","A_0019C004_250528_152715_h1EI5","COOKE S4 753","753","40","T 2 3/10","5.171","1","-0.6","ARRI ALEXA 35"
"15:27:59:09","A_0019C004_250528_152715_h1EI5","COOKE S4 753","753","40","T 2 3/10","5.171","1","-0.6","ARRI ALEXA 35"
"15:27:59:10","A_0019C004_250528_152715_h1EI5","COOKE S4 753","753","40","T 2 3/10","5.171","1","-0.6","ARRI ALEXA 35"
"15:27:59:11","A_0019C004_250528_152715_h1EI5","COOKE S4 753","753","40","T 2 3/10","5.171","1","-0.6","ARRI ALEXA 35"
"15:27:59:12","A_0019C004_250528_152715_h1EI5","COOKE S4 753","753","40","T 2 3/10","5.171","1","-0.6","ARRI ALEXA 35"
"15:27:59:13","A_0019C004_250528_152715_h1EI5","COOKE S4 753","753","40","T 2 3/10","5.171","1","-0.6","ARRI ALEXA 35"
"15:27:59:14","A_0019C004_250528_152715_h1EI5","COOKE S4 753","753","40","T 2 3/10","5.171","1","-0.6","ARRI ALEXA 35"
"15:27:59:15","A_0019C004_250528_152715_h1EI5","COOKE S4 753","753","40","T 2 3/10","5.171","1","-0.6","ARRI ALEXA 35"
"15:27:59:16","A_0019C004_250528_152715_h1EI5","COOKE S4 753","753","40","T 2 3/10","5.171","1","-0.6","ARRI ALEXA 35"
"15:27:59:17","A_0019C004_250528_152715_h1EI5","COOKE S4 753","753","40","T 2 3/10","5.171","1","-0.6","ARRI ALEXA 35"
"15:27:59:18","A_0019C004_250528_152715_h1EI5","COOKE S4 753","753","40","T 2 3/10","5.171","1","-0.6","ARRI ALEXA 35"
"15:27:59:19","A_0019C004_250528_152715_h1EI5","COOKE S4 753","753","40","T 2 3/10","5.177","1","-0.6","ARRI ALEXA 35"
"15:27:59:20","A_0019C004_250528_152715_h1EI5","COOKE S4 753","753","40","T 2 3/10","5.177","1","-0.6","ARRI ALEXA 35"
"15:27:59:21","A_0019C004_250528_152715_h1EI5","COOKE S4 753","753","40","T 2 3/10","5.177","1","-0.6","ARRI ALEXA 35"
"15:27:59:22","A_0019C004_250528_152715_h1EI5","COOKE S4 753","753","40","T 2 3/10","5.177","1","-0.6","ARRI ALEXA 35"
"15:27:59:23","A_0019C004_250528_152715_h1EI5","COOKE S4 753","753","40","T 2 3/10","5.177","1","-0.6","ARRI ALEXA 35"
"15:28:00:00","A_0019C004_250528_152715_h1EI5","COOKE S4 753","753","40","T 2 3/10","5.177","1","-0.6","ARRI ALEXA 35"
"15:28:00:01","A_0019C004_250528_152715_h1EI5","COOKE S4 753","753","40","T 2 3/10","5.177","1","-0.6","ARRI ALEXA 35"
"15:28:00:02","A_0019C004_250528_152715_h1EI5","COOKE S4 753","753","40","T 2 3/10","5.177","1","-0.6","ARRI ALEXA 35"
"15:28:00:03","A_0019C004_250528_152715_h1EI5","COOKE S4 753","753","40","T 2 3/10","5.177","1","-0.6","ARRI ALEXA 35"
"15:28:00:04","A_0019C004_250528_152715_h1EI5","COOKE S4 753","753","40","T 2 3/10","5.177","1","-0.6","ARRI ALEXA 35"
"15:28:00:05","A_0019C004_250528_152715_h1EI5","COOKE S4 753","753","40","T 2 3/10","5.177","1","-0.6","ARRI ALEXA 35"
"15:28:00:06","A_0019C004_250528_152715_h1EI5","COOKE S4 753","753","40","T 2 3/10","5.177","1","-0.6","ARRI ALEXA 35"
"15:28:00:07","A_0019C004_250528_152715_h1EI5","COOKE S4 753","753","40","T 2 3/10","5.177","1","-0.6","ARRI ALEXA 35"
"15:28:00:08","A_0019C004_250528_152715_h1EI5","COOKE S4 753","753","40","T 2 3/10","5.177","1","-0.6","ARRI ALEXA 35"
"15:28:00:09","A_0019C004_250528_152715_h1EI5","COOKE S4 753","753","40","T 2 3/10","5.177","1","-0.6","ARRI ALEXA 35"
"15:28:00:10","A_0019C004_250528_152715_h1EI5","COOKE S4 753","753","40","T 2 3/10","5.177","1","-0.6","ARRI ALEXA 35"
"15:28:00:11","A_0019C004_250528_152715_h1EI5","COOKE S4 753","753","40","T 2 3/10","5.177","1","-0.6","ARRI ALEXA 35"
"15:28:00:12","A_0019C004_250528_152715_h1EI5","COOKE S4 753","753","40","T 2 3/10","5.177","1","-0.6","ARRI ALEXA 35"
"15:28:00:13","A_0019C004_250528_152715_h1EI5","COOKE S4 753","753","40","T 2 3/10","5.177","1","-0.6","ARRI ALEXA 35"
"15:28:00:14","A_0019C004_250528_152715_h1EI5","COOKE S4 753","753","40","T 2 3/10","5.144","1","-0.6","ARRI ALEXA 35"
"15:28:00:15","A_0019C004_250528_152715_h1EI5","COOKE S4 753","753","40","T 2 3/10","5.092","1","-0.6","ARRI ALEXA 35"
"15:28:00:16","A_0019C004_250528_152715_h1EI5","COOKE S4 753","753","40","T 2 3/10","5.089","1","-0.6","ARRI ALEXA 35"
"15:28:00:17","A_0019C004_250528_152715_h1EI5","COOKE S4 753","753","40","T 2 3/10","5.089","1","-0.6","ARRI ALEXA 35"
"15:28:00:18","A_0019C004_250528_152715_h1EI5","COOKE S4 753","753","40","T 2 3/10","5.062","1","-0.6","ARRI ALEXA 35"
"15:28:00:19","A_0019C004_250528_152715_h1EI5","COOKE S4 753","753","40","T 2 3/10","5.052","1","-0.6","ARRI ALEXA 35"
"15:28:00:20","A_0019C004_250528_152715_h1EI5","COOKE S4 753","753","40","T 2 3/10","5.039","1","-0.6","ARRI ALEXA 35"
"15:28:00:21","A_0019C004_250528_152715_h1EI5","COOKE S4 753","753","40","T 2 3/10","5.039","1","-0.6","ARRI ALEXA 35"
"15:28:00:22","A_0019C004_250528_152715_h1EI5","COOKE S4 753","753","40","T 2 3/10","5.039","1","-0.6","ARRI ALEXA 35"
"15:28:00:23","A_0019C004_250528_152715_h1EI5","COOKE S4 753","753","40","T 2 3/10","5.039","1","-0.6","ARRI ALEXA 35"
"15:28:01:00","A_0019C004_250528_152715_h1EI5","COOKE S4 753","753","40","T 2 3/10","5.039","1","-0.6","ARRI ALEXA 35"
"15:28:01:01","A_0019C004_250528_152715_h1EI5","COOKE S4 753","753","40","T 2 3/10","5.039","1","-0.6","ARRI ALEXA 35"
"15:28:01:02","A_0019C004_250528_152715_h1EI5","COOKE S4 753","753","40","T 2 3/10","5.039","1","-0.6","ARRI ALEXA 35"
"15:28:01:03","A_0019C004_250528_152715_h1EI5","COOKE S4 753","753","40","T 2 3/10","5.039","1","-0.6","ARRI ALEXA 35"
"15:28:01:04","A_0019C004_250528_152715_h1EI5","COOKE S4 753","753","40","T 2 3/10","5.039","1","-0.6","ARRI ALEXA 35"
"15:28:01:05","A_0019C004_250528_152715_h1EI5","COOKE S4 753","753","40","T 2 3/10","5.039","1","-0.6","ARRI ALEXA 35"
"15:28:01:06","A_0019C004_250528_152715_h1EI5","COOKE S4 753","753","40","T 2 3/10","5.039","1","-0.6","ARRI ALEXA 35"
"15:28:01:07","A_0019C004_250528_152715_h1EI5","COOKE S4 753","753","40","T 2 3/10","5.046","1","-0.6","ARRI ALEXA 35"
"15:28:01:08","A_0019C004_250528_152715_h1EI5","COOKE S4 753","753","40","T 2 3/10","5.046","1","-0.6","ARRI ALEXA 35"
"15:28:01:09","A_0019C004_250528_152715_h1EI5","COOKE S4 753","753","40","T 2 3/10","5.059","1","-0.6","ARRI ALEXA 35"
"15:28:01:10","A_0019C004_250528_152715_h1EI5","COOKE S4 753","753","40","T 2 3/10","5.066","1","-0.6","ARRI ALEXA 35"
"15:28:01:11","A_0019C004_250528_152715_h1EI5","COOKE S4 753","753","40","T 2 3/10","5.098","1","-0.6","ARRI ALEXA 35"
"15:28:01:12","A_0019C004_250528_152715_h1EI5","COOKE S4 753","753","40","T 2 3/10","5.105","1","-0.6","ARRI ALEXA 35"
"15:28:01:13","A_0019C004_250528_152715_h1EI5","COOKE S4 753","753","40","T 2 3/10","5.118","1","-0.6","ARRI ALEXA 35"
"15:28:01:14","A_0019C004_250528_152715_h1EI5","COOKE S4 753","753","40","T 2 3/10","5.135","1","-0.6","ARRI ALEXA 35"
"15:28:01:15","A_0019C004_250528_152715_h1EI5","COOKE S4 753","753","40","T 2 3/10","5.154","1","-0.6","ARRI ALEXA 35"
"15:28:01:16","A_0019C004_250528_152715_h1EI5","COOKE S4 753","753","40","T 2 3/10","5.164","1","-0.6","ARRI ALEXA 35"
"15:28:01:17","A_0019C004_250528_152715_h1EI5","COOKE S4 753","753","40","T 2 3/10","5.18","1","-0.6","ARRI ALEXA 35"
"15:28:01:18","A_0019C004_250528_152715_h1EI5","COOKE S4 753","753","40","T 2 3/10","5.184","1","-0.6","ARRI ALEXA 35"
"15:28:01:19","A_0019C004_250528_152715_h1EI5","COOKE S4 753","753","40","T 2 3/10","5.184","1","-0.6","ARRI ALEXA 35"
"15:28:01:20","A_0019C004_250528_152715_h1EI5","COOKE S4 753","753","40","T 2 3/10","5.184","1","-0.6","ARRI ALEXA 35"
"15:28:01:21","A_0019C004_250528_152715_h1EI5","COOKE S4 753","753","40","T 2 3/10","5.184","1","-0.6","ARRI ALEXA 35"
"15:28:01:22","A_0019C004_250528_152715_h1EI5","COOKE S4 753","753","40","T 2 3/10","5.184","1","-0.6","ARRI ALEXA 35"
"15:28:01:23","A_0019C004_250528_152715_h1EI5","COOKE S4 753","753","40","T 2 3/10","5.184","1","-0.6","ARRI ALEXA 35"
"15:28:02:00","A_0019C004_250528_152715_h1EI5","COOKE S4 753","753","40","T 2 3/10","5.184","1","-0.6","ARRI ALEXA 35"
"15:28:02:01","A_0019C004_250528_152715_h1EI5","COOKE S4 753","753","40","T 2 3/10","5.184","1","-0.6","ARRI ALEXA 35"
"15:28:02:02","A_0019C004_250528_152715_h1EI5","COOKE S4 753","753","40","T 2 3/10","5.184","1","-0.6","ARRI ALEXA 35"
"15:28:02:03","A_0019C004_250528_152715_h1EI5","COOKE S4 753","753","40","T 2 3/10","5.184","1","-0.6","ARRI ALEXA 35"
"15:28:02:04","A_0019C004_250528_152715_h1EI5","COOKE S4 753","753","40","T 2 3/10","5.184","1","-0.6","ARRI ALEXA 35"
"15:28:02:05","A_0019C004_250528_152715_h1EI5","COOKE S4 753","753","40","T 2 3/10","5.184","1","-0.6","ARRI ALEXA 35"
"15:28:02:06","A_0019C004_250528_152715_h1EI5","COOKE S4 753","753","40","T 2 3/10","5.184","1","-0.6","ARRI ALEXA 35"
"15:28:02:07","A_0019C004_250528_152715_h1EI5","COOKE S4 753","753","40","T 2 3/10","5.184","1","-0.6","ARRI ALEXA 35"
"15:28:02:08","A_0019C004_250528_152715_h1EI5","COOKE S4 753","753","40","T 2 3/10","5.184","1","-0.6","ARRI ALEXA 35"
"15:28:02:09","A_0019C004_250528_152715_h1EI5","COOKE S4 753","753","40","T 2 3/10","5.184","1","-0.6","ARRI ALEXA 35"
"15:28:02:10","A_0019C004_250528_152715_h1EI5","COOKE S4 753","753","40","T 2 3/10","5.184","1","-0.6","ARRI ALEXA 35"
"15:28:02:11","A_0019C004_250528_152715_h1EI5","COOKE S4 753","753","40","T 2 3/10","5.184","1","-0.6","ARRI ALEXA 35"
"15:28:02:12","A_0019C004_250528_152715_h1EI5","COOKE S4 753","753","40","T 2 3/10","5.184","1","-0.6","ARRI ALEXA 35"
"15:28:02:13","A_0019C004_250528_152715_h1EI5","COOKE S4 753","753","40","T 2 3/10","5.184","1","-0.6","ARRI ALEXA 35"
"15:28:02:14","A_0019C004_250528_152715_h1EI5","COOKE S4 753","753","40","T 2 3/10","5.184","1","-0.6","ARRI ALEXA 35"
"15:28:02:15","A_0019C004_250528_152715_h1EI5","COOKE S4 753","753","40","T 2 3/10","5.184","1","-0.6","ARRI ALEXA 35"
"15:28:02:16","A_0019C004_250528_152715_h1EI5","COOKE S4 753","753","40","T 2 3/10","5.184","1","-0.6","ARRI ALEXA 35"
"15:28:02:17","A_0019C004_250528_152715_h1EI5","COOKE S4 753","753","40","T 2 3/10","5.184","1","-0.6","ARRI ALEXA 35"
"15:28:02:18","A_0019C004_250528_152715_h1EI5","COOKE S4 753","753","40","T 2 3/10","5.184","1","-0.6","ARRI ALEXA 35"
"15:28:02:19","A_0019C004_250528_152715_h1EI5","COOKE S4 753","753","40","T 2 3/10","5.184","1","-0.6","ARRI ALEXA 35"
"15:28:02:20","A_0019C004_250528_152715_h1EI5","COOKE S4 753","753","40","T 2 3/10","5.184","1","-0.6","ARRI ALEXA 35"
"15:28:02:21","A_0019C004_250528_152715_h1EI5","COOKE S4 753","753","40","T 2 3/10","5.184","1","-0.6","ARRI ALEXA 35"
"15:28:02:22","A_0019C004_250528_152715_h1EI5","COOKE S4 753","753","40","T 2 3/10","5.184","1","-0.6","ARRI ALEXA 35"
"15:28:02:23","A_0019C004_250528_152715_h1EI5","COOKE S4 753","753","40","T 2 3/10","5.184","1","-0.6","ARRI ALEXA 35"
"15:28:03:00","A_0019C004_250528_152715_h1EI5","COOKE S4 753","753","40","T 2 3/10","5.184","1","-0.6","ARRI ALEXA 35"
"15:28:03:01","A_0019C004_250528_152715_h1EI5","COOKE S4 753","753","40","T 2 3/10","5.184","1","-0.6","ARRI ALEXA 35"
"15:28:03:02","A_0019C004_250528_152715_h1EI5","COOKE S4 753","753","40","T 2 3/10","5.184","1","-0.6","ARRI ALEXA 35"
"15:28:03:03","A_0019C004_250528_152715_h1EI5","COOKE S4 753","753","40","T 2 3/10","5.184","1","-0.6","ARRI ALEXA 35"
"15:28:03:04","A_0019C004_250528_152715_h1EI5","COOKE S4 753","753","40","T 2 3/10","5.184","1","-0.6","ARRI ALEXA 35"
"15:28:03:05","A_0019C004_250528_152715_h1EI5","COOKE S4 753","753","40","T 2 3/10","5.184","1","-0.6","ARRI ALEXA 35"
"15:28:03:06","A_0019C004_250528_152715_h1EI5","COOKE S4 753","753","40","T 2 3/10","5.184","1","-0.6","ARRI ALEXA 35"
"15:28:03:07","A_0019C004_250528_152715_h1EI5","COOKE S4 753","753","40","T 2 3/10","5.184","1","-0.6","ARRI ALEXA 35"
"15:28:03:08","A_0019C004_250528_152715_h1EI5","COOKE S4 753","753","40","T 2 3/10","5.184","1","-0.6","ARRI ALEXA 35"
"15:28:03:09","A_0019C004_250528_152715_h1EI5","COOKE S4 753","753","40","T 2 3/10","5.184","0.8","-0.6","ARRI ALEXA 35"
"15:28:03:10","A_0019C004_250528_152715_h1EI5","COOKE S4 753","753","40","T 2 3/10","5.184","0.8","-0.6","ARRI ALEXA 35"
"15:28:03:11","A_0019C004_250528_152715_h1EI5","COOKE S4 753","753","40","T 2 3/10","5.184","0.8","-0.6","ARRI ALEXA 35"
"15:28:03:12","A_0019C004_250528_152715_h1EI5","COOKE S4 753","753","40","T 2 3/10","5.184","0.8","-0.6","ARRI ALEXA 35"
"15:28:03:13","A_0019C004_250528_152715_h1EI5","COOKE S4 753","753","40","T 2 3/10","5.184","0.8","-0.6","ARRI ALEXA 35"
"15:28:03:14","A_0019C004_250528_152715_h1EI5","COOKE S4 753","753","40","T 2 3/10","5.184","0.8","-0.6","ARRI ALEXA 35"
"15:28:03:15","A_0019C004_250528_152715_h1EI5","COOKE S4 753","753","40","T 2 3/10","5.184","0.8","-0.6","ARRI ALEXA 35"
"15:28:03:16","A_0019C004_250528_152715_h1EI5","COOKE S4 753","753","40","T 2 3/10","5.184","0.8","-0.6","ARRI ALEXA 35"
"15:28:03:17","A_0019C004_250528_152715_h1EI5","COOKE S4 753","753","40","T 2 3/10","5.184","0.8","-0.6","ARRI ALEXA 35"
"15:28:03:18","A_0019C004_250528_152715_h1EI5","COOKE S4 753","753","40","T 2 3/10","5.184","0.8","-0.6","ARRI ALEXA 35"
"15:28:03:19","A_0019C004_250528_152715_h1EI5","COOKE S4 753","753","40","T 2 3/10","5.184","0.8","-0.6","ARRI ALEXA 35"
"15:28:03:20","A_0019C004_250528_152715_h1EI5","COOKE S4 753","753","40","T 2 3/10","5.184","0.8","-0.6","ARRI ALEXA 35"
"15:28:03:21","A_0019C004_250528_152715_h1EI5","COOKE S4 753","753","40","T 2 3/10","5.184","0.8","-0.6","ARRI ALEXA 35"
"15:28:03:22","A_0019C004_250528_152715_h1EI5","COOKE S4 753","753","40","T 2 3/10","5.184","0.8","-0.6","ARRI ALEXA 35"
"15:28:03:23","A_0019C004_250528_152715_h1EI5","COOKE S4 753","753","40","T 2 3/10","5.184","0.8","-0.6","ARRI ALEXA 35"
"15:28:04:00","A_0019C004_250528_152715_h1EI5","COOKE S4 753","753","40","T 2 3/10","5.184","0.8","-0.6","ARRI ALEXA 35"
"15:28:04:01","A_0019C004_250528_152715_h1EI5","COOKE S4 753","753","40","T 2 3/10","5.184","0.8","-0.6","ARRI ALEXA 35"
"15:28:04:02","A_0019C004_250528_152715_h1EI5","COOKE S4 753","753","40","T 2 3/10","5.184","0.8","-0.6","ARRI ALEXA 35"
"15:28:04:03","A_0019C004_250528_152715_h1EI5","COOKE S4 753","753","40","T 2 3/10","5.184","0.8","-0.6","ARRI ALEXA 35"
"15:28:04:04","A_0019C004_250528_152715_h1EI5","COOKE S4 753","753","40","T 2 3/10","5.184","0.8","-0.6","ARRI ALEXA 35"
"15:28:04:05","A_0019C004_250528_152715_h1EI5","COOKE S4 753","753","40","T 2 3/10","5.184","0.8","-0.6","ARRI ALEXA 35"
"15:28:04:06","A_0019C004_250528_152715_h1EI5","COOKE S4 753","753","40","T 2 3/10","5.184","0.8","-0.6","ARRI ALEXA 35"
"15:28:04:07","A_0019C004_250528_152715_h1EI5","COOKE S4 753","753","40","T 2 3/10","5.184","0.8","-0.6","ARRI ALEXA 35"
"15:28:04:08","A_0019C004_250528_152715_h1EI5","COOKE S4 753","753","40","T 2 3/10","5.184","0.8","-0.6","ARRI ALEXA 35"
"15:28:04:09","A_0019C004_250528_152715_h1EI5","COOKE S4 753","753","40","T 2 3/10","5.184","0.8","-0.6","ARRI ALEXA 35"
"15:28:04:10","A_0019C004_250528_152715_h1EI5","COOKE S4 753","753","40","T 2 3/10","5.184","0.8","-0.6","ARRI ALEXA 35"
"15:28:04:11","A_0019C004_250528_152715_h1EI5","COOKE S4 753","753","40","T 2 3/10","5.184","0.8","-0.6","ARRI ALEXA 35"
"15:28:04:12","A_0019C004_250528_152715_h1EI5","COOKE S4 753","753","40","T 2 3/10","5.184","0.8","-0.6","ARRI ALEXA 35"
"15:28:04:13","A_0019C004_250528_152715_h1EI5","COOKE S4 753","753","40","T 2 3/10","5.184","0.8","-0.6","ARRI ALEXA 35"
"15:28:04:14","A_0019C004_250528_152715_h1EI5","COOKE S4 753","753","40","T 2 3/10","5.184","0.8","-0.6","ARRI ALEXA 35"
"15:28:04:15","A_0019C004_250528_152715_h1EI5","COOKE S4 753","753","40","T 2 3/10","5.184","0.8","-0.6","ARRI ALEXA 35"
"15:28:04:16","A_0019C004_250528_152715_h1EI5","COOKE S4 753","753","40","T 2 3/10","5.184","0.8","-0.6","ARRI ALEXA 35"
"15:28:04:17","A_0019C004_250528_152715_h1EI5","COOKE S4 753","753","40","T 2 3/10","5.184","0.8","-0.6","ARRI ALEXA 35"
"15:28:04:18","A_0019C004_250528_152715_h1EI5","COOKE S4 753","753","40","T 2 3/10","5.184","0.8","-0.6","ARRI ALEXA 35"
"15:28:04:19","A_0019C004_250528_152715_h1EI5","COOKE S4 753","753","40","T 2 3/10","5.184","0.8","-0.6","ARRI ALEXA 35"
"15:28:04:20","A_0019C004_250528_152715_h1EI5","COOKE S4 753","753","40","T 2 3/10","5.184","0.8","-0.6","ARRI ALEXA 35"
"15:28:04:21","A_0019C004_250528_152715_h1EI5","COOKE S4 753","753","40","T 2 3/10","5.184","0.8","-0.6","ARRI ALEXA 35"
"15:28:04:22","A_0019C004_250528_152715_h1EI5","COOKE S4 753","753","40","T 2 3/10","5.184","0.8","-0.6","ARRI ALEXA 35"
"15:28:04:23","A_0019C004_250528_152715_h1EI5","COOKE S4 753","753","40","T 2 3/10","5.184","0.8","-0.6","ARRI ALEXA 35"
"15:28:05:00","A_0019C004_250528_152715_h1EI5","COOKE S4 753","753","40","T 2 3/10","5.184","0.8","-0.6","ARRI ALEXA 35"
"15:28:05:01","A_0019C004_250528_152715_h1EI5","COOKE S4 753","753","40","T 2 3/10","5.184","0.8","-0.6","ARRI ALEXA 35"
"15:28:05:02","A_0019C004_250528_152715_h1EI5","COOKE S4 753","753","40","T 2 3/10","5.184","0.8","-0.6","ARRI ALEXA 35"
"15:28:05:03","A_0019C004_250528_152715_h1EI5","COOKE S4 753","753","40","T 2 3/10","5.184","0.8","-0.6","ARRI ALEXA 35"
"15:28:05:04","A_0019C004_250528_152715_h1EI5","COOKE S4 753","753","40","T 2 3/10","5.184","0.8","-0.6","ARRI ALEXA 35"
"15:28:05:05","A_0019C004_250528_152715_h1EI5","COOKE S4 753","753","40","T 2 3/10","5.184","0.8","-0.6","ARRI ALEXA 35"
"15:28:05:06","A_0019C004_250528_152715_h1EI5","COOKE S4 753","753","40","T 2 3/10","5.184","0.8","-0.6","ARRI ALEXA 35"
"15:28:05:07","A_0019C004_250528_152715_h1EI5","COOKE S4 753","753","40","T 2 3/10","5.184","0.8","-0.6","ARRI ALEXA 35"
"15:28:05:08","A_0019C004_250528_152715_h1EI5","COOKE S4 753","753","40","T 2 3/10","5.184","0.9","-0.6","ARRI ALEXA 35"
"15:28:05:09","A_0019C004_250528_152715_h1EI5","COOKE S4 753","753","40","T 2 3/10","5.184","0.9","-0.6","ARRI ALEXA 35"
"15:28:05:10","A_0019C004_250528_152715_h1EI5","COOKE S4 753","753","40","T 2 3/10","5.184","0.9","-0.6","ARRI ALEXA 35"
"15:28:05:11","A_0019C004_250528_152715_h1EI5","COOKE S4 753","753","40","T 2 3/10","5.184","0.9","-0.6","ARRI ALEXA 35"
"15:28:05:12","A_0019C004_250528_152715_h1EI5","COOKE S4 753","753","40","T 2 3/10","5.184","0.9","-0.6","ARRI ALEXA 35"
"15:28:05:13","A_0019C004_250528_152715_h1EI5","COOKE S4 753","753","40","T 2 3/10","5.184","0.9","-0.6","ARRI ALEXA 35"
"15:28:05:14","A_0019C004_250528_152715_h1EI5","COOKE S4 753","753","40","T 2 3/10","5.184","0.9","-0.6","ARRI ALEXA 35"
"15:28:05:15","A_0019C004_250528_152715_h1EI5","COOKE S4 753","753","40","T 2 3/10","5.184","0.9","-0.6","ARRI ALEXA 35"
"15:28:05:16","A_0019C004_250528_152715_h1EI5","COOKE S4 753","753","40","T 2 3/10","5.184","0.9","-0.6","ARRI ALEXA 35"
"15:28:05:17","A_0019C004_250528_152715_h1EI5","COOKE S4 753","753","40","T 2 3/10","5.184","0.9","-0.6","ARRI ALEXA 35"
"15:28:05:18","A_0019C004_250528_152715_h1EI5","COOKE S4 753","753","40","T 2 3/10","5.184","0.9","-0.6","ARRI ALEXA 35"
"15:28:05:19","A_0019C004_250528_152715_h1EI5","COOKE S4 753","753","40","T 2 3/10","5.184","0.9","-0.6","ARRI ALEXA 35"
"15:28:05:20","A_0019C004_250528_152715_h1EI5","COOKE S4 753","753","40","T 2 3/10","5.184","0.9","-0.6","ARRI ALEXA 35"
"15:28:05:21","A_0019C004_250528_152715_h1EI5","COOKE S4 753","753","40","T 2 3/10","5.184","0.9","-0.6","ARRI ALEXA 35"
"15:28:05:22","A_0019C004_250528_152715_h1EI5","COOKE S4 753","753","40","T 2 3/10","5.184","0.9","-0.6","ARRI ALEXA 35"
"15:28:05:23","A_0019C004_250528_152715_h1EI5","COOKE S4 753","753","40","T 2 3/10","5.184","0.9","-0.6","ARRI ALEXA 35"
"15:28:06:00","A_0019C004_250528_152715_h1EI5","COOKE S4 753","753","40","T 2 3/10","5.184","0.9","-0.6","ARRI ALEXA 35"
"15:28:06:01","A_0019C004_250528_152715_h1EI5","COOKE S4 753","753","40","T 2 3/10","5.184","0.9","-0.6","ARRI ALEXA 35"
"15:28:06:02","A_0019C004_250528_152715_h1EI5","COOKE S4 753","753","40","T 2 3/10","5.184","0.9","-0.6","ARRI ALEXA 35"
"15:28:06:03","A_0019C004_250528_152715_h1EI5","COOKE S4 753","753","40","T 2 3/10","5.184","0.9","-0.6","ARRI ALEXA 35"
"15:28:06:04","A_0019C004_250528_152715_h1EI5","COOKE S4 753","753","40","T 2 3/10","5.184","0.9","-0.6","ARRI ALEXA 35"
"15:28:06:05","A_0019C004_250528_152715_h1EI5","COOKE S4 753","753","40","T 2 3/10","5.184","0.9","-0.6","ARRI ALEXA 35"
"15:28:06:06","A_0019C004_250528_152715_h1EI5","COOKE S4 753","753","40","T 2 3/10","5.184","0.9","-0.6","ARRI ALEXA 35"
"15:28:06:07","A_0019C004_250528_152715_h1EI5","COOKE S4 753","753","40","T 2 3/10","5.184","0.9","-0.6","ARRI ALEXA 35"
"15:28:06:08","A_0019C004_250528_152715_h1EI5","COOKE S4 753","753","40","T 2 3/10","5.184","0.9","-0.6","ARRI ALEXA 35"
"15:28:06:09","A_0019C004_250528_152715_h1EI5","COOKE S4 753","753","40","T 2 3/10","5.184","0.9","-0.6","ARRI ALEXA 35"
"15:28:06:10","A_0019C004_250528_152715_h1EI5","COOKE S4 753","753","40","T 2 3/10","5.184","0.9","-0.6","ARRI ALEXA 35"
"15:28:06:11","A_0019C004_250528_152715_h1EI5","COOKE S4 753","753","40","T 2 3/10","5.184","0.9","-0.6","ARRI ALEXA 35"
"15:28:06:12","A_0019C004_250528_152715_h1EI5","COOKE S4 753","753","40","T 2 3/10","5.184","0.9","-0.6","ARRI ALEXA 35"
"15:28:06:13","A_0019C004_250528_152715_h1EI5","COOKE S4 753","753","40","T 2 3/10","5.184","0.9","-0.6","ARRI ALEXA 35"
"15:28:06:14","A_0019C004_250528_152715_h1EI5","COOKE S4 753","753","40","T 2 3/10","5.184","0.9","-0.6","ARRI ALEXA 35"
"15:28:06:15","A_0019C004_250528_152715_h1EI5","COOKE S4 753","753","40","T 2 3/10","5.184","0.9","-0.6","ARRI ALEXA 35"
"15:28:06:16","A_0019C004_250528_152715_h1EI5","COOKE S4 753","753","40","T 2 3/10","5.184","0.9","-0.6","ARRI ALEXA 35"
"15:28:06:17","A_0019C004_250528_152715_h1EI5","COOKE S4 753","753","40","T 2 3/10","5.184","0.9","-0.6","ARRI ALEXA 35"
"15:28:06:18","A_0019C004_250528_152715_h1EI5","COOKE S4 753","753","40","T 2 3/10","5.184","0.9","-0.6","ARRI ALEXA 35"
"15:28:06:19","A_0019C004_250528_152715_h1EI5","COOKE S4 753","753","40","T 2 3/10","5.184","0.9","-0.6","ARRI ALEXA 35"
"15:28:06:20","A_0019C004_250528_152715_h1EI5","COOKE S4 753","753","40","T 2 3/10","5.184","0.9","-0.6","ARRI ALEXA 35"
"15:28:06:21","A_0019C004_250528_152715_h1EI5","COOKE S4 753","753","40","T 2 3/10","5.184","0.9","-0.6","ARRI ALEXA 35"
"15:28:06:22","A_0019C004_250528_152715_h1EI5","COOKE S4 753","753","40","T 2 3/10","5.184","0.9","-0.6","ARRI ALEXA 35"
"15:28:06:23","A_0019C004_250528_152715_h1EI5","COOKE S4 753","753","40","T 2 3/10","5.184","0.9","-0.6","ARRI ALEXA 35"
"15:28:07:00","A_0019C004_250528_152715_h1EI5","COOKE S4 753","753","40","T 2 3/10","5.184","0.9","-0.6","ARRI ALEXA 35"
"15:28:07:01","A_0019C004_250528_152715_h1EI5","COOKE S4 753","753","40","T 2 3/10","5.184","0.9","-0.6","ARRI ALEXA 35"
"15:28:07:02","A_0019C004_250528_152715_h1EI5","COOKE S4 753","753","40","T 2 3/10","5.184","0.9","-0.6","ARRI ALEXA 35"
"15:28:07:03","A_0019C004_250528_152715_h1EI5","COOKE S4 753","753","40","T 2 3/10","5.184","0.9","-0.6","ARRI ALEXA 35"
"15:28:07:04","A_0019C004_250528_152715_h1EI5","COOKE S4 753","753","40","T 2 3/10","5.184","0.9","-0.6","ARRI ALEXA 35"
"15:28:07:05","A_0019C004_250528_152715_h1EI5","COOKE S4 753","753","40","T 2 3/10","5.184","0.9","-0.6","ARRI ALEXA 35"
"15:28:07:06","A_0019C004_250528_152715_h1EI5","COOKE S4 753","753","40","T 2 3/10","5.184","0.9","-0.6","ARRI ALEXA 35"
"15:28:07:07","A_0019C004_250528_152715_h1EI5","COOKE S4 753","753","40","T 2 3/10","5.184","0.9","-0.6","ARRI ALEXA 35"
"15:28:07:08","A_0019C004_250528_152715_h1EI5","COOKE S4 753","753","40","T 2 3/10","5.184","0.9","-0.6","ARRI ALEXA 35"
"15:28:07:09","A_0019C004_250528_152715_h1EI5","COOKE S4 753","753","40","T 2 3/10","5.184","0.9","-0.6","ARRI ALEXA 35"
"15:28:07:10","A_0019C004_250528_152715_h1EI5","COOKE S4 753","753","40","T 2 3/10","5.184","0.9","-0.6","ARRI ALEXA 35"
"15:28:07:11","A_0019C004_250528_152715_h1EI5","COOKE S4 753","753","40","T 2 3/10","5.184","0.9","-0.6","ARRI ALEXA 35"
"15:28:07:12","A_0019C004_250528_152715_h1EI5","COOKE S4 753","753","40","T 2 3/10","5.184","0.9","-0.6","ARRI ALEXA 35"
"15:28:07:13","A_0019C004_250528_152715_h1EI5","COOKE S4 753","753","40","T 2 3/10","5.184","0.9","-0.6","ARRI ALEXA 35"
"15:28:07:14","A_0019C004_250528_152715_h1EI5","COOKE S4 753","753","40","T 2 3/10","5.184","0.9","-0.6","ARRI ALEXA 35"
"15:28:07:15","A_0019C004_250528_152715_h1EI5","COOKE S4 753","753","40","T 2 3/10","5.184","0.9","-0.6","ARRI ALEXA 35"
"15:28:07:16","A_0019C004_250528_152715_h1EI5","COOKE S4 753","753","40","T 2 3/10","5.184","0.9","-0.6","ARRI ALEXA 35"
"15:28:07:17","A_0019C004_250528_152715_h1EI5","COOKE S4 753","753","40","T 2 3/10","5.184","0.9","-0.6","ARRI ALEXA 35"
"15:28:07:18","A_0019C004_250528_152715_h1EI5","COOKE S4 753","753","40","T 2 3/10","5.184","0.9","-0.6","ARRI ALEXA 35"
"15:28:07:19","A_0019C004_250528_152715_h1EI5","COOKE S4 753","753","40","T 2 3/10","5.184","0.9","-0.6","ARRI ALEXA 35"
"15:28:07:20","A_0019C004_250528_152715_h1EI5","COOKE S4 753","753","40","T 2 3/10","5.184","0.9","-0.6","ARRI ALEXA 35"
"15:28:07:21","A_0019C004_250528_152715_h1EI5","COOKE S4 753","753","40","T 2 3/10","5.184","0.9","-0.6","ARRI ALEXA 35"
"15:28:07:22","A_0019C004_250528_152715_h1EI5","COOKE S4 753","753","40","T 2 3/10","5.184","0.9","-0.6","ARRI ALEXA 35"
"15:28:07:23","A_0019C004_250528_152715_h1EI5","COOKE S4 753","753","40","T 2 3/10","5.184","0.9","-0.6","ARRI ALEXA 35"
"15:28:08:00","A_0019C004_250528_152715_h1EI5","COOKE S4 753","753","40","T 2 3/10","5.184","0.9","-0.6","ARRI ALEXA 35"
"15:28:08:01","A_0019C004_250528_152715_h1EI5","COOKE S4 753","753","40","T 2 3/10","5.184","0.9","-0.6","ARRI ALEXA 35"
"15:28:08:02","A_0019C004_250528_152715_h1EI5","COOKE S4 753","753","40","T 2 3/10","5.184","0.9","-0.6","ARRI ALEXA 35"
"15:28:08:03","A_0019C004_250528_152715_h1EI5","COOKE S4 753","753","40","T 2 3/10","5.184","0.9","-0.6","ARRI ALEXA 35"
"15:28:08:04","A_0019C004_250528_152715_h1EI5","COOKE S4 753","753","40","T 2 3/10","5.184","0.9","-0.6","ARRI ALEXA 35"
"15:28:08:05","A_0019C004_250528_152715_h1EI5","COOKE S4 753","753","40","T 2 3/10","5.184","0.9","-0.6","ARRI ALEXA 35"
"15:28:08:06","A_0019C004_250528_152715_h1EI5","COOKE S4 753","753","40","T 2 3/10","5.184","0.9","-0.6","ARRI ALEXA 35"
"15:28:08:07","A_0019C004_250528_152715_h1EI5","COOKE S4 753","753","40","T 2 3/10","5.184","0.9","-0.6","ARRI ALEXA 35"
"15:28:08:08","A_0019C004_250528_152715_h1EI5","COOKE S4 753","753","40","T 2 3/10","5.184","0.9","-0.6","ARRI ALEXA 35"
"15:28:08:09","A_0019C004_250528_152715_h1EI5","COOKE S4 753","753","40","T 2 3/10","5.184","0.9","-0.6","ARRI ALEXA 35"
"15:28:08:10","A_0019C004_250528_152715_h1EI5","COOKE S4 753","753","40","T 2 3/10","5.184","0.9","-0.6","ARRI ALEXA 35"
"15:28:08:11","A_0019C004_250528_152715_h1EI5","COOKE S4 753","753","40","T 2 3/10","5.184","0.9","-0.6","ARRI ALEXA 35"
"15:28:08:12","A_0019C004_250528_152715_h1EI5","COOKE S4 753","753","40","T 2 3/10","5.184","0.9","-0.6","ARRI ALEXA 35"
"15:28:08:13","A_0019C004_250528_152715_h1EI5","COOKE S4 753","753","40","T 2 3/10","5.184","0.9","-0.6","ARRI ALEXA 35"
"15:28:08:14","A_0019C004_250528_152715_h1EI5","COOKE S4 753","753","40","T 2 3/10","5.184","0.9","-0.6","ARRI ALEXA 35"
"15:28:08:15","A_0019C004_250528_152715_h1EI5","COOKE S4 753","753","40","T 2 3/10","5.184","0.9","-0.6","ARRI ALEXA 35"
"15:28:08:16","A_0019C004_250528_152715_h1EI5","COOKE S4 753","753","40","T 2 3/10","5.184","0.9","-0.6","ARRI ALEXA 35"
"15:28:08:17","A_0019C004_250528_152715_h1EI5","COOKE S4 753","753","40","T 2 3/10","5.184","0.9","-0.6","ARRI ALEXA 35"
"15:28:08:18","A_0019C004_250528_152715_h1EI5","COOKE S4 753","753","40","T 2 3/10","5.177","0.9","-0.6","ARRI ALEXA 35"
"15:28:08:19","A_0019C004_250528_152715_h1EI5","COOKE S4 753","753","40","T 2 3/10","5.171","0.9","-0.6","ARRI ALEXA 35"
"15:28:08:20","A_0019C004_250528_152715_h1EI5","COOKE S4 753","753","40","T 2 3/10","5.151","0.9","-0.6","ARRI ALEXA 35"
"15:28:08:21","A_0019C004_250528_152715_h1EI5","COOKE S4 753","753","40","T 2 3/10","5.148","0.9","-0.6","ARRI ALEXA 35"
"15:28:08:22","A_0019C004_250528_152715_h1EI5","COOKE S4 753","753","40","T 2 3/10","5.141","0.9","-0.6","ARRI ALEXA 35"
"15:28:08:23","A_0019C004_250528_152715_h1EI5","COOKE S4 753","753","40","T 2 3/10","5.135","0.9","-0.6","ARRI ALEXA 35"
"15:28:09:00","A_0019C004_250528_152715_h1EI5","COOKE S4 753","753","40","T 2 3/10","5.135","0.9","-0.6","ARRI ALEXA 35"
"15:28:09:01","A_0019C004_250528_152715_h1EI5","COOKE S4 753","753","40","T 2 3/10","5.135","0.9","-0.6","ARRI ALEXA 35"
"15:28:09:02","A_0019C004_250528_152715_h1EI5","COOKE S4 753","753","40","T 2 3/10","5.135","0.9","-0.6","ARRI ALEXA 35"
"15:28:09:03","A_0019C004_250528_152715_h1EI5","COOKE S4 753","753","40","T 2 3/10","5.135","0.9","-0.6","ARRI ALEXA 35"
"15:28:09:04","A_0019C004_250528_152715_h1EI5","COOKE S4 753","753","40","T 2 3/10","5.135","0.9","-0.6","ARRI ALEXA 35"
"15:28:09:05","A_0019C004_250528_152715_h1EI5","COOKE S4 753","753","40","T 2 3/10","5.135","0.9","-0.6","ARRI ALEXA 35"
"15:28:09:06","A_0019C004_250528_152715_h1EI5","COOKE S4 753","753","40","T 2 3/10","5.135","0.9","-0.6","ARRI ALEXA 35"
"15:28:09:07","A_0019C004_250528_152715_h1EI5","COOKE S4 753","753","40","T 2 3/10","5.135","0.9","-0.6","ARRI ALEXA 35"
"15:28:09:08","A_0019C004_250528_152715_h1EI5","COOKE S4 753","753","40","T 2 3/10","5.135","0.9","-0.6","ARRI ALEXA 35"
"15:28:09:09","A_0019C004_250528_152715_h1EI5","COOKE S4 753","753","40","T 2 3/10","5.135","0.9","-0.6","ARRI ALEXA 35"
"15:28:09:10","A_0019C004_250528_152715_h1EI5","COOKE S4 753","753","40","T 2 3/10","5.135","0.9","-0.6","ARRI ALEXA 35"
"15:28:09:11","A_0019C004_250528_152715_h1EI5","COOKE S4 753","753","40","T 2 3/10","5.135","0.9","-0.6","ARRI ALEXA 35"
"15:28:09:12","A_0019C004_250528_152715_h1EI5","COOKE S4 753","753","40","T 2 3/10","5.135","0.9","-0.6","ARRI ALEXA 35"
"15:28:09:13","A_0019C004_250528_152715_h1EI5","COOKE S4 753","753","40","T 2 3/10","5.135","0.9","-0.6","ARRI ALEXA 35"
"15:28:09:14","A_0019C004_250528_152715_h1EI5","COOKE S4 753","753","40","T 2 3/10","5.135","0.9","-0.6","ARRI ALEXA 35"
"15:28:09:15","A_0019C004_250528_152715_h1EI5","COOKE S4 753","753","40","T 2 3/10","5.135","0.9","-0.6","ARRI ALEXA 35"
"15:28:09:16","A_0019C004_250528_152715_h1EI5","COOKE S4 753","753","40","T 2 3/10","5.135","0.9","-0.6","ARRI ALEXA 35"
"15:28:09:17","A_0019C004_250528_152715_h1EI5","COOKE S4 753","753","40","T 2 3/10","5.135","0.9","-0.6","ARRI ALEXA 35"
"15:28:09:18","A_0019C004_250528_152715_h1EI5","COOKE S4 753","753","40","T 2 3/10","5.135","0.9","-0.6","ARRI ALEXA 35"
"15:28:09:19","A_0019C004_250528_152715_h1EI5","COOKE S4 753","753","40","T 2 3/10","5.135","0.9","-0.6","ARRI ALEXA 35"
"15:28:09:20","A_0019C004_250528_152715_h1EI5","COOKE S4 753","753","40","T 2 3/10","5.135","0.9","-0.6","ARRI ALEXA 35"
"15:28:09:21","A_0019C004_250528_152715_h1EI5","COOKE S4 753","753","40","T 2 3/10","5.135","0.9","-0.6","ARRI ALEXA 35"
"15:28:09:22","A_0019C004_250528_152715_h1EI5","COOKE S4 753","753","40","T 2 3/10","5.135","0.9","-0.6","ARRI ALEXA 35"
"15:28:09:23","A_0019C004_250528_152715_h1EI5","COOKE S4 753","753","40","T 2 3/10","5.135","0.9","-0.6","ARRI ALEXA 35"
"15:28:10:00","A_0019C004_250528_152715_h1EI5","COOKE S4 753","753","40","T 2 3/10","5.135","0.9","-0.6","ARRI ALEXA 35"
"15:28:10:01","A_0019C004_250528_152715_h1EI5","COOKE S4 753","753","40","T 2 3/10","5.135","0.9","-0.6","ARRI ALEXA 35"
"15:28:10:02","A_0019C004_250528_152715_h1EI5","COOKE S4 753","753","40","T 2 3/10","5.135","0.9","-0.6","ARRI ALEXA 35"
"15:28:10:03","A_0019C004_250528_152715_h1EI5","COOKE S4 753","753","40","T 2 3/10","5.135","0.9","-0.6","ARRI ALEXA 35"
"15:28:10:04","A_0019C004_250528_152715_h1EI5","COOKE S4 753","753","40","T 2 3/10","5.135","0.9","-0.6","ARRI ALEXA 35"
"15:28:10:05","A_0019C004_250528_152715_h1EI5","COOKE S4 753","753","40","T 2 3/10","5.135","0.9","-0.6","ARRI ALEXA 35"
"15:28:10:06","A_0019C004_250528_152715_h1EI5","COOKE S4 753","753","40","T 2 3/10","5.131","0.9","-0.6","ARRI ALEXA 35"
"15:28:10:07","A_0019C004_250528_152715_h1EI5","COOKE S4 753","753","40","T 2 3/10","5.131","0.9","-0.6","ARRI ALEXA 35"
"15:28:10:08","A_0019C004_250528_152715_h1EI5","COOKE S4 753","753","40","T 2 3/10","5.131","0.9","-0.6","ARRI ALEXA 35"
"15:28:10:09","A_0019C004_250528_152715_h1EI5","COOKE S4 753","753","40","T 2 3/10","5.131","0.9","-0.6","ARRI ALEXA 35"
"15:28:10:10","A_0019C004_250528_152715_h1EI5","COOKE S4 753","753","40","T 2 3/10","5.131","0.9","-0.6","ARRI ALEXA 35"
"15:28:10:11","A_0019C004_250528_152715_h1EI5","COOKE S4 753","753","40","T 2 3/10","5.131","0.9","-0.6","ARRI ALEXA 35"
"15:28:10:12","A_0019C004_250528_152715_h1EI5","COOKE S4 753","753","40","T 2 3/10","5.131","0.9","-0.6","ARRI ALEXA 35"
"15:28:10:13","A_0019C004_250528_152715_h1EI5","COOKE S4 753","753","40","T 2 3/10","5.131","0.9","-0.6","ARRI ALEXA 35"
"15:28:10:14","A_0019C004_250528_152715_h1EI5","COOKE S4 753","753","40","T 2 3/10","5.131","0.9","-0.6","ARRI ALEXA 35"
"15:28:10:15","A_0019C004_250528_152715_h1EI5","COOKE S4 753","753","40","T 2 3/10","5.131","0.9","-0.6","ARRI ALEXA 35"
"15:28:10:16","A_0019C004_250528_152715_h1EI5","COOKE S4 753","753","40","T 2 3/10","5.131","0.9","-0.6","ARRI ALEXA 35"
"15:28:10:17","A_0019C004_250528_152715_h1EI5","COOKE S4 753","753","40","T 2 3/10","5.131","0.9","-0.6","ARRI ALEXA 35"
"15:28:10:18","A_0019C004_250528_152715_h1EI5","COOKE S4 753","753","40","T 2 3/10","5.131","0.9","-0.6","ARRI ALEXA 35"
"15:28:10:19","A_0019C004_250528_152715_h1EI5","COOKE S4 753","753","40","T 2 3/10","5.131","0.9","-0.6","ARRI ALEXA 35"
"15:28:10:20","A_0019C004_250528_152715_h1EI5","COOKE S4 753","753","40","T 2 3/10","5.131","0.9","-0.6","ARRI ALEXA 35"
"15:28:10:21","A_0019C004_250528_152715_h1EI5","COOKE S4 753","753","40","T 2 3/10","5.131","0.9","-0.6","ARRI ALEXA 35"
"15:28:10:22","A_0019C004_250528_152715_h1EI5","COOKE S4 753","753","40","T 2 3/10","5.131","0.9","-0.6","ARRI ALEXA 35"
"15:28:10:23","A_0019C004_250528_152715_h1EI5","COOKE S4 753","753","40","T 2 3/10","5.131","0.9","-0.6","ARRI ALEXA 35"
"15:28:11:00","A_0019C004_250528_152715_h1EI5","COOKE S4 753","753","40","T 2 3/10","5.131","0.9","-0.6","ARRI ALEXA 35"
"15:28:11:01","A_0019C004_250528_152715_h1EI5","COOKE S4 753","753","40","T 2 3/10","5.131","0.9","-0.6","ARRI ALEXA 35"
"15:28:11:02","A_0019C004_250528_152715_h1EI5","COOKE S4 753","753","40","T 2 3/10","5.131","0.9","-0.6","ARRI ALEXA 35"
"15:28:11:03","A_0019C004_250528_152715_h1EI5","COOKE S4 753","753","40","T 2 3/10","5.131","0.9","-0.6","ARRI ALEXA 35"
"15:28:11:04","A_0019C004_250528_152715_h1EI5","COOKE S4 753","753","40","T 2 3/10","5.131","0.9","-0.6","ARRI ALEXA 35"
"15:28:11:05","A_0019C004_250528_152715_h1EI5","COOKE S4 753","753","40","T 2 3/10","5.131","0.9","-0.6","ARRI ALEXA 35"
"15:28:11:06","A_0019C004_250528_152715_h1EI5","COOKE S4 753","753","40","T 2 3/10","5.131","0.9","-0.6","ARRI ALEXA 35"
"15:28:11:07","A_0019C004_250528_152715_h1EI5","COOKE S4 753","753","40","T 2 3/10","5.131","0.9","-0.6","ARRI ALEXA 35"
"15:28:11:08","A_0019C004_250528_152715_h1EI5","COOKE S4 753","753","40","T 2 3/10","5.131","0.9","-0.6","ARRI ALEXA 35"
"15:28:11:09","A_0019C004_250528_152715_h1EI5","COOKE S4 753","753","40","T 2 3/10","5.131","0.9","-0.6","ARRI ALEXA 35"
"15:28:11:10","A_0019C004_250528_152715_h1EI5","COOKE S4 753","753","40","T 2 3/10","5.131","0.9","-0.6","ARRI ALEXA 35"
"15:28:11:11","A_0019C004_250528_152715_h1EI5","COOKE S4 753","753","40","T 2 3/10","5.131","0.9","-0.6","ARRI ALEXA 35"
"15:28:11:12","A_0019C004_250528_152715_h1EI5","COOKE S4 753","753","40","T 2 3/10","5.131","0.9","-0.6","ARRI ALEXA 35"
"15:28:11:13","A_0019C004_250528_152715_h1EI5","COOKE S4 753","753","40","T 2 3/10","5.131","0.9","-0.6","ARRI ALEXA 35"
"15:28:11:14","A_0019C004_250528_152715_h1EI5","COOKE S4 753","753","40","T 2 3/10","5.131","0.9","-0.6","ARRI ALEXA 35"
"15:28:11:15","A_0019C004_250528_152715_h1EI5","COOKE S4 753","753","40","T 2 3/10","5.131","0.9","-0.6","ARRI ALEXA 35"
"15:28:11:16","A_0019C004_250528_152715_h1EI5","COOKE S4 753","753","40","T 2 3/10","5.131","0.9","-0.6","ARRI ALEXA 35"
"15:28:11:17","A_0019C004_250528_152715_h1EI5","COOKE S4 753","753","40","T 2 3/10","5.131","0.9","-0.6","ARRI ALEXA 35"
"15:28:11:18","A_0019C004_250528_152715_h1EI5","COOKE S4 753","753","40","T 2 3/10","5.131","0.9","-0.6","ARRI ALEXA 35"
"15:28:11:19","A_0019C004_250528_152715_h1EI5","COOKE S4 753","753","40","T 2 3/10","5.131","0.9","-0.6","ARRI ALEXA 35"
"15:28:11:20","A_0019C004_250528_152715_h1EI5","COOKE S4 753","753","40","T 2 3/10","5.131","0.9","-0.6","ARRI ALEXA 35"
"15:28:11:21","A_0019C004_250528_152715_h1EI5","COOKE S4 753","753","40","T 2 3/10","5.131","0.9","-0.6","ARRI ALEXA 35"
"15:28:11:22","A_0019C004_250528_152715_h1EI5","COOKE S4 753","753","40","T 2 3/10","5.131","0.9","-0.6","ARRI ALEXA 35"
"15:28:11:23","A_0019C004_250528_152715_h1EI5","COOKE S4 753","753","40","T 2 3/10","5.131","0.9","-0.6","ARRI ALEXA 35"
"15:28:12:00","A_0019C004_250528_152715_h1EI5","COOKE S4 753","753","40","T 2 3/10","5.131","0.9","-0.6","ARRI ALEXA 35"
"15:28:12:01","A_0019C004_250528_152715_h1EI5","COOKE S4 753","753","40","T 2 3/10","5.131","0.9","-0.6","ARRI ALEXA 35"
"15:28:12:02","A_0019C004_250528_152715_h1EI5","COOKE S4 753","753","40","T 2 3/10","5.131","0.9","-0.6","ARRI ALEXA 35"
"15:28:12:03","A_0019C004_250528_152715_h1EI5","COOKE S4 753","753","40","T 2 3/10","5.131","0.9","-0.6","ARRI ALEXA 35"
"15:28:12:04","A_0019C004_250528_152715_h1EI5","COOKE S4 753","753","40","T 2 3/10","5.131","0.9","-0.6","ARRI ALEXA 35"
"15:28:12:05","A_0019C004_250528_152715_h1EI5","COOKE S4 753","753","40","T 2 3/10","5.131","0.9","-0.6","ARRI ALEXA 35"
"15:28:12:06","A_0019C004_250528_152715_h1EI5","COOKE S4 753","753","40","T 2 3/10","5.131","0.9","-0.6","ARRI ALEXA 35"
"15:28:12:07","A_0019C004_250528_152715_h1EI5","COOKE S4 753","753","40","T 2 3/10","5.131","0.9","-0.6","ARRI ALEXA 35"
"15:28:12:08","A_0019C004_250528_152715_h1EI5","COOKE S4 753","753","40","T 2 3/10","5.131","0.9","-0.6","ARRI ALEXA 35"
"15:28:12:09","A_0019C004_250528_152715_h1EI5","COOKE S4 753","753","40","T 2 3/10","5.131","0.9","-0.6","ARRI ALEXA 35"
"15:28:12:10","A_0019C004_250528_152715_h1EI5","COOKE S4 753","753","40","T 2 3/10","5.131","0.9","-0.6","ARRI ALEXA 35"
"15:28:12:11","A_0019C004_250528_152715_h1EI5","COOKE S4 753","753","40","T 2 3/10","5.131","0.9","-0.6","ARRI ALEXA 35"
"15:28:12:12","A_0019C004_250528_152715_h1EI5","COOKE S4 753","753","40","T 2 3/10","5.131","0.9","-0.6","ARRI ALEXA 35"
"15:28:12:13","A_0019C004_250528_152715_h1EI5","COOKE S4 753","753","40","T 2 3/10","5.131","0.9","-0.6","ARRI ALEXA 35"
"15:28:12:14","A_0019C004_250528_152715_h1EI5","COOKE S4 753","753","40","T 2 3/10","5.131","0.9","-0.6","ARRI ALEXA 35"
"15:28:12:15","A_0019C004_250528_152715_h1EI5","COOKE S4 753","753","40","T 2 3/10","5.131","0.9","-0.6","ARRI ALEXA 35"
"15:28:12:16","A_0019C004_250528_152715_h1EI5","COOKE S4 753","753","40","T 2 3/10","5.131","0.9","-0.6","ARRI ALEXA 35"
"15:28:12:17","A_0019C004_250528_152715_h1EI5","COOKE S4 753","753","40","T 2 3/10","5.131","0.9","-0.6","ARRI ALEXA 35"
"15:28:12:18","A_0019C004_250528_152715_h1EI5","COOKE S4 753","753","40","T 2 3/10","5.131","0.9","-0.6","ARRI ALEXA 35"
"15:28:12:19","A_0019C004_250528_152715_h1EI5","COOKE S4 753","753","40","T 2 3/10","5.131","0.9","-0.6","ARRI ALEXA 35"
"15:28:12:20","A_0019C004_250528_152715_h1EI5","COOKE S4 753","753","40","T 2 3/10","5.131","0.9","-0.6","ARRI ALEXA 35"
"15:28:12:21","A_0019C004_250528_152715_h1EI5","COOKE S4 753","753","40","T 2 3/10","5.131","0.9","-0.6","ARRI ALEXA 35"
"15:28:12:22","A_0019C004_250528_152715_h1EI5","COOKE S4 753","753","40","T 2 3/10","5.131","0.9","-0.6","ARRI ALEXA 35"
"15:28:12:23","A_0019C004_250528_152715_h1EI5","COOKE S4 753","753","40","T 2 3/10","5.131","0.9","-0.6","ARRI ALEXA 35"
"15:28:13:00","A_0019C004_250528_152715_h1EI5","COOKE S4 753","753","40","T 2 3/10","5.131","0.9","-0.6","ARRI ALEXA 35"
"15:28:13:01","A_0019C004_250528_152715_h1EI5","COOKE S4 753","753","40","T 2 3/10","5.131","0.9","-0.6","ARRI ALEXA 35"
"15:28:13:02","A_0019C004_250528_152715_h1EI5","COOKE S4 753","753","40","T 2 3/10","5.131","0.9","-0.6","ARRI ALEXA 35"
"15:28:13:03","A_0019C004_250528_152715_h1EI5","COOKE S4 753","753","40","T 2 3/10","5.131","0.9","-0.6","ARRI ALEXA 35"
"15:28:13:04","A_0019C004_250528_152715_h1EI5","COOKE S4 753","753","40","T 2 3/10","5.131","0.9","-0.6","ARRI ALEXA 35"
"15:28:13:05","A_0019C004_250528_152715_h1EI5","COOKE S4 753","753","40","T 2 3/10","5.131","0.9","-0.6","ARRI ALEXA 35"
"15:28:13:06","A_0019C004_250528_152715_h1EI5","COOKE S4 753","753","40","T 2 3/10","5.131","0.9","-0.6","ARRI ALEXA 35"
"15:28:13:07","A_0019C004_250528_152715_h1EI5","COOKE S4 753","753","40","T 2 3/10","5.131","0.9","-0.6","ARRI ALEXA 35"
"15:28:13:08","A_0019C004_250528_152715_h1EI5","COOKE S4 753","753","40","T 2 3/10","5.131","0.9","-0.6","ARRI ALEXA 35"
"15:28:13:09","A_0019C004_250528_152715_h1EI5","COOKE S4 753","753","40","T 2 3/10","5.131","0.9","-0.6","ARRI ALEXA 35"
"15:28:13:10","A_0019C004_250528_152715_h1EI5","COOKE S4 753","753","40","T 2 3/10","5.131","0.9","-0.6","ARRI ALEXA 35"
"15:28:13:11","A_0019C004_250528_152715_h1EI5","COOKE S4 753","753","40","T 2 3/10","5.131","0.9","-0.6","ARRI ALEXA 35"
"15:28:13:12","A_0019C004_250528_152715_h1EI5","COOKE S4 753","753","40","T 2 3/10","5.131","0.9","-0.6","ARRI ALEXA 35"
"15:28:13:13","A_0019C004_250528_152715_h1EI5","COOKE S4 753","753","40","T 2 3/10","5.131","0.9","-0.6","ARRI ALEXA 35"
"15:28:13:14","A_0019C004_250528_152715_h1EI5","COOKE S4 753","753","40","T 2 3/10","5.131","0.9","-0.6","ARRI ALEXA 35"
"15:28:13:15","A_0019C004_250528_152715_h1EI5","COOKE S4 753","753","40","T 2 3/10","5.131","0.9","-0.6","ARRI ALEXA 35"
"15:28:13:16","A_0019C004_250528_152715_h1EI5","COOKE S4 753","753","40","T 2 3/10","5.131","0.9","-0.6","ARRI ALEXA 35"
"15:28:13:17","A_0019C004_250528_152715_h1EI5","COOKE S4 753","753","40","T 2 3/10","5.131","0.9","-0.6","ARRI ALEXA 35"
"15:28:13:18","A_0019C004_250528_152715_h1EI5","COOKE S4 753","753","40","T 2 3/10","5.131","0.9","-0.6","ARRI ALEXA 35"
"15:28:13:19","A_0019C004_250528_152715_h1EI5","COOKE S4 753","753","40","T 2 3/10","5.131","0.9","-0.6","ARRI ALEXA 35"
"15:28:13:20","A_0019C004_250528_152715_h1EI5","COOKE S4 753","753","40","T 2 3/10","5.131","0.9","-0.6","ARRI ALEXA 35"
"15:28:13:21","A_0019C004_250528_152715_h1EI5","COOKE S4 753","753","40","T 2 3/10","5.131","0.9","-0.6","ARRI ALEXA 35"
"15:28:13:22","A_0019C004_250528_152715_h1EI5","COOKE S4 753","753","40","T 2 3/10","5.131","0.9","-0.6","ARRI ALEXA 35"
"15:28:13:23","A_0019C004_250528_152715_h1EI5","COOKE S4 753","753","40","T 2 3/10","5.131","0.9","-0.6","ARRI ALEXA 35"
"15:28:14:00","A_0019C004_250528_152715_h1EI5","COOKE S4 753","753","40","T 2 3/10","5.131","0.9","-0.6","ARRI ALEXA 35"
"15:28:14:01","A_0019C004_250528_152715_h1EI5","COOKE S4 753","753","40","T 2 3/10","5.131","0.9","-0.6","ARRI ALEXA 35"
"15:28:14:02","A_0019C004_250528_152715_h1EI5","COOKE S4 753","753","40","T 2 3/10","5.131","0.9","-0.6","ARRI ALEXA 35"
"15:28:14:03","A_0019C004_250528_152715_h1EI5","COOKE S4 753","753","40","T 2 3/10","5.131","0.9","-0.6","ARRI ALEXA 35"
"15:28:14:04","A_0019C004_250528_152715_h1EI5","COOKE S4 753","753","40","T 2 3/10","5.131","0.9","-0.6","ARRI ALEXA 35"
"15:28:14:05","A_0019C004_250528_152715_h1EI5","COOKE S4 753","753","40","T 2 3/10","5.131","0.9","-0.6","ARRI ALEXA 35"
"15:28:14:06","A_0019C004_250528_152715_h1EI5","COOKE S4 753","753","40","T 2 3/10","5.131","0.9","-0.6","ARRI ALEXA 35"
"15:28:14:07","A_0019C004_250528_152715_h1EI5","COOKE S4 753","753","40","T 2 3/10","5.131","0.9","-0.6","ARRI ALEXA 35"
"15:28:14:08","A_0019C004_250528_152715_h1EI5","COOKE S4 753","753","40","T 2 3/10","5.131","0.9","-0.6","ARRI ALEXA 35"
"15:28:14:09","A_0019C004_250528_152715_h1EI5","COOKE S4 753","753","40","T 2 3/10","5.131","0.9","-0.6","ARRI ALEXA 35"
"15:28:14:10","A_0019C004_250528_152715_h1EI5","COOKE S4 753","753","40","T 2 3/10","5.131","0.9","-0.6","ARRI ALEXA 35"
"15:28:14:11","A_0019C004_250528_152715_h1EI5","COOKE S4 753","753","40","T 2 3/10","5.131","0.9","-0.6","ARRI ALEXA 35"
"15:28:14:12","A_0019C004_250528_152715_h1EI5","COOKE S4 753","753","40","T 2 3/10","5.131","0.9","-0.6","ARRI ALEXA 35"
"15:28:14:13","A_0019C004_250528_152715_h1EI5","COOKE S4 753","753","40","T 2 3/10","5.131","0.9","-0.6","ARRI ALEXA 35"
"15:28:14:14","A_0019C004_250528_152715_h1EI5","COOKE S4 753","753","40","T 2 3/10","5.131","0.9","-0.6","ARRI ALEXA 35"
"15:28:14:15","A_0019C004_250528_152715_h1EI5","COOKE S4 753","753","40","T 2 3/10","5.131","0.9","-0.6","ARRI ALEXA 35"
"15:28:14:16","A_0019C004_250528_152715_h1EI5","COOKE S4 753","753","40","T 2 3/10","5.131","0.9","-0.6","ARRI ALEXA 35"
"15:28:14:17","A_0019C004_250528_152715_h1EI5","COOKE S4 753","753","40","T 2 3/10","5.131","0.9","-0.6","ARRI ALEXA 35"
"15:28:14:18","A_0019C004_250528_152715_h1EI5","COOKE S4 753","753","40","T 2 3/10","5.131","0.9","-0.6","ARRI ALEXA 35"
"15:28:14:19","A_0019C004_250528_152715_h1EI5","COOKE S4 753","753","40","T 2 3/10","5.131","0.9","-0.6","ARRI ALEXA 35"
"15:28:14:20","A_0019C004_250528_152715_h1EI5","COOKE S4 753","753","40","T 2 3/10","5.131","0.9","-0.6","ARRI ALEXA 35"
"15:28:14:21","A_0019C004_250528_152715_h1EI5","COOKE S4 753","753","40","T 2 3/10","5.131","0.9","-0.6","ARRI ALEXA 35"
"15:28:14:22","A_0019C004_250528_152715_h1EI5","COOKE S4 753","753","40","T 2 3/10","5.131","0.9","-0.6","ARRI ALEXA 35"
"15:28:14:23","A_0019C004_250528_152715_h1EI5","COOKE S4 753","753","40","T 2 3/10","5.131","0.9","-0.6","ARRI ALEXA 35"
"15:28:15:00","A_0019C004_250528_152715_h1EI5","COOKE S4 753","753","40","T 2 3/10","5.131","0.9","-0.6","ARRI ALEXA 35"
"15:28:15:01","A_0019C004_250528_152715_h1EI5","COOKE S4 753","753","40","T 2 3/10","5.131","0.9","-0.6","ARRI ALEXA 35"
"15:28:15:02","A_0019C004_250528_152715_h1EI5","COOKE S4 753","753","40","T 2 3/10","5.131","0.9","-0.6","ARRI ALEXA 35"
"15:28:15:03","A_0019C004_250528_152715_h1EI5","COOKE S4 753","753","40","T 2 3/10","5.131","0.9","-0.6","ARRI ALEXA 35"
"15:28:15:04","A_0019C004_250528_152715_h1EI5","COOKE S4 753","753","40","T 2 3/10","5.131","0.9","-0.6","ARRI ALEXA 35"
"15:28:15:05","A_0019C004_250528_152715_h1EI5","COOKE S4 753","753","40","T 2 3/10","5.131","0.9","-0.6","ARRI ALEXA 35"
"15:28:15:06","A_0019C004_250528_152715_h1EI5","COOKE S4 753","753","40","T 2 3/10","5.131","0.9","-0.6","ARRI ALEXA 35"
"15:28:15:07","A_0019C004_250528_152715_h1EI5","COOKE S4 753","753","40","T 2 3/10","5.131","0.9","-0.6","ARRI ALEXA 35"
"15:28:15:08","A_0019C004_250528_152715_h1EI5","COOKE S4 753","753","40","T 2 3/10","5.131","0.9","-0.6","ARRI ALEXA 35"
"15:28:15:09","A_0019C004_250528_152715_h1EI5","COOKE S4 753","753","40","T 2 3/10","5.131","0.9","-0.6","ARRI ALEXA 35"
"15:28:15:10","A_0019C004_250528_152715_h1EI5","COOKE S4 753","753","40","T 2 3/10","5.131","0.9","-0.6","ARRI ALEXA 35"
"15:28:15:11","A_0019C004_250528_152715_h1EI5","COOKE S4 753","753","40","T 2 3/10","5.131","0.9","-0.6","ARRI ALEXA 35"
"15:28:15:12","A_0019C004_250528_152715_h1EI5","COOKE S4 753","753","40","T 2 3/10","5.131","0.9","-0.6","ARRI ALEXA 35"
"15:28:15:13","A_0019C004_250528_152715_h1EI5","COOKE S4 753","753","40","T 2 3/10","5.131","0.9","-0.6","ARRI ALEXA 35"
"15:28:15:14","A_0019C004_250528_152715_h1EI5","COOKE S4 753","753","40","T 2 3/10","5.131","0.9","-0.6","ARRI ALEXA 35"
"15:28:15:15","A_0019C004_250528_152715_h1EI5","COOKE S4 753","753","40","T 2 3/10","5.131","0.9","-0.6","ARRI ALEXA 35"
"15:28:15:16","A_0019C004_250528_152715_h1EI5","COOKE S4 753","753","40","T 2 3/10","5.131","0.9","-0.6","ARRI ALEXA 35"
"15:28:15:17","A_0019C004_250528_152715_h1EI5","COOKE S4 753","753","40","T 2 3/10","5.131","0.9","-0.6","ARRI ALEXA 35"
"15:28:15:18","A_0019C004_250528_152715_h1EI5","COOKE S4 753","753","40","T 2 3/10","5.131","0.9","-0.6","ARRI ALEXA 35"
"15:28:15:19","A_0019C004_250528_152715_h1EI5","COOKE S4 753","753","40","T 2 3/10","5.131","0.9","-0.6","ARRI ALEXA 35"
"15:28:15:20","A_0019C004_250528_152715_h1EI5","COOKE S4 753","753","40","T 2 3/10","5.131","0.9","-0.6","ARRI ALEXA 35"
"15:28:15:21","A_0019C004_250528_152715_h1EI5","COOKE S4 753","753","40","T 2 3/10","5.131","0.9","-0.6","ARRI ALEXA 35"
"15:28:15:22","A_0019C004_250528_152715_h1EI5","COOKE S4 753","753","40","T 2 3/10","5.131","0.9","-0.6","ARRI ALEXA 35"
"15:28:15:23","A_0019C004_250528_152715_h1EI5","COOKE S4 753","753","40","T 2 3/10","5.131","0.9","-0.6","ARRI ALEXA 35"
"15:28:16:00","A_0019C004_250528_152715_h1EI5","COOKE S4 753","753","40","T 2 3/10","5.131","0.9","-0.6","ARRI ALEXA 35"
"15:28:16:01","A_0019C004_250528_152715_h1EI5","COOKE S4 753","753","40","T 2 3/10","5.131","0.9","-0.6","ARRI ALEXA 35"
"15:28:16:02","A_0019C004_250528_152715_h1EI5","COOKE S4 753","753","40","T 2 3/10","5.131","0.9","-0.6","ARRI ALEXA 35"
"15:28:16:03","A_0019C004_250528_152715_h1EI5","COOKE S4 753","753","40","T 2 3/10","5.131","0.9","-0.6","ARRI ALEXA 35"
"15:28:16:04","A_0019C004_250528_152715_h1EI5","COOKE S4 753","753","40","T 2 3/10","5.131","0.9","-0.6","ARRI ALEXA 35"
"15:28:16:05","A_0019C004_250528_152715_h1EI5","COOKE S4 753","753","40","T 2 3/10","5.131","0.9","-0.6","ARRI ALEXA 35"
"15:28:16:06","A_0019C004_250528_152715_h1EI5","COOKE S4 753","753","40","T 2 3/10","5.131","0.9","-0.6","ARRI ALEXA 35"
"15:28:16:07","A_0019C004_250528_152715_h1EI5","COOKE S4 753","753","40","T 2 3/10","5.131","0.9","-0.6","ARRI ALEXA 35"
"15:28:16:08","A_0019C004_250528_152715_h1EI5","COOKE S4 753","753","40","T 2 3/10","5.131","0.9","-0.6","ARRI ALEXA 35"
"15:28:16:09","A_0019C004_250528_152715_h1EI5","COOKE S4 753","753","40","T 2 3/10","5.131","0.9","-0.6","ARRI ALEXA 35"
"15:28:16:10","A_0019C004_250528_152715_h1EI5","COOKE S4 753","753","40","T 2 3/10","5.131","0.9","-0.6","ARRI ALEXA 35"
"15:28:16:11","A_0019C004_250528_152715_h1EI5","COOKE S4 753","753","40","T 2 3/10","5.131","0.9","-0.6","ARRI ALEXA 35"
"15:28:16:12","A_0019C004_250528_152715_h1EI5","COOKE S4 753","753","40","T 2 3/10","5.131","0.9","-0.6","ARRI ALEXA 35"
"15:28:16:13","A_0019C004_250528_152715_h1EI5","COOKE S4 753","753","40","T 2 3/10","5.131","0.9","-0.6","ARRI ALEXA 35"
"15:28:16:14","A_0019C004_250528_152715_h1EI5","COOKE S4 753","753","40","T 2 3/10","5.131","0.9","-0.6","ARRI ALEXA 35"
"15:28:16:15","A_0019C004_250528_152715_h1EI5","COOKE S4 753","753","40","T 2 3/10","5.131","0.9","-0.6","ARRI ALEXA 35"
"15:28:16:16","A_0019C004_250528_152715_h1EI5","COOKE S4 753","753","40","T 2 3/10","5.131","0.9","-0.6","ARRI ALEXA 35"
"15:28:16:17","A_0019C004_250528_152715_h1EI5","COOKE S4 753","753","40","T 2 3/10","5.131","0.9","-0.6","ARRI ALEXA 35"
"15:28:16:18","A_0019C004_250528_152715_h1EI5","COOKE S4 753","753","40","T 2 3/10","5.131","0.9","-0.6","ARRI ALEXA 35"
"15:28:16:19","A_0019C004_250528_152715_h1EI5","COOKE S4 753","753","40","T 2 3/10","5.131","0.9","-0.6","ARRI ALEXA 35"
"15:28:16:20","A_0019C004_250528_152715_h1EI5","COOKE S4 753","753","40","T 2 3/10","5.131","0.9","-0.6","ARRI ALEXA 35"
"15:28:16:21","A_0019C004_250528_152715_h1EI5","COOKE S4 753","753","40","T 2 3/10","5.131","0.9","-0.6","ARRI ALEXA 35"
"15:28:16:22","A_0019C004_250528_152715_h1EI5","COOKE S4 753","753","40","T 2 3/10","5.131","0.9","-0.6","ARRI ALEXA 35"
"15:28:16:23","A_0019C004_250528_152715_h1EI5","COOKE S4 753","753","40","T 2 3/10","5.131","0.9","-0.6","ARRI ALEXA 35"
"15:28:17:00","A_0019C004_250528_152715_h1EI5","COOKE S4 753","753","40","T 2 3/10","5.131","0.9","-0.6","ARRI ALEXA 35"
"15:28:17:01","A_0019C004_250528_152715_h1EI5","COOKE S4 753","753","40","T 2 3/10","5.131","0.9","-0.6","ARRI ALEXA 35"
"15:28:17:02","A_0019C004_250528_152715_h1EI5","COOKE S4 753","753","40","T 2 3/10","5.131","0.9","-0.6","ARRI ALEXA 35"
"15:28:17:03","A_0019C004_250528_152715_h1EI5","COOKE S4 753","753","40","T 2 3/10","5.131","0.9","-0.6","ARRI ALEXA 35"
"15:28:17:04","A_0019C004_250528_152715_h1EI5","COOKE S4 753","753","40","T 2 3/10","5.131","0.9","-0.6","ARRI ALEXA 35"
"15:28:17:05","A_0019C004_250528_152715_h1EI5","COOKE S4 753","753","40","T 2 3/10","5.131","0.9","-0.6","ARRI ALEXA 35"
"15:28:17:06","A_0019C004_250528_152715_h1EI5","COOKE S4 753","753","40","T 2 3/10","5.131","0.9","-0.6","ARRI ALEXA 35"
"15:28:17:07","A_0019C004_250528_152715_h1EI5","COOKE S4 753","753","40","T 2 3/10","5.131","0.9","-0.6","ARRI ALEXA 35"
"15:28:17:08","A_0019C004_250528_152715_h1EI5","COOKE S4 753","753","40","T 2 3/10","5.131","0.9","-0.6","ARRI ALEXA 35"
"15:28:17:09","A_0019C004_250528_152715_h1EI5","COOKE S4 753","753","40","T 2 3/10","5.131","0.9","-0.6","ARRI ALEXA 35"
"15:28:17:10","A_0019C004_250528_152715_h1EI5","COOKE S4 753","753","40","T 2 3/10","5.131","0.9","-0.6","ARRI ALEXA 35"
"15:28:17:11","A_0019C004_250528_152715_h1EI5","COOKE S4 753","753","40","T 2 3/10","5.131","0.9","-0.6","ARRI ALEXA 35"
"15:28:17:12","A_0019C004_250528_152715_h1EI5","COOKE S4 753","753","40","T 2 3/10","5.131","0.9","-0.6","ARRI ALEXA 35"
"15:28:17:13","A_0019C004_250528_152715_h1EI5","COOKE S4 753","753","40","T 2 3/10","5.131","0.9","-0.6","ARRI ALEXA 35"
"15:28:17:14","A_0019C004_250528_152715_h1EI5","COOKE S4 753","753","40","T 2 3/10","5.131","0.9","-0.6","ARRI ALEXA 35"
"15:28:17:15","A_0019C004_250528_152715_h1EI5","COOKE S4 753","753","40","T 2 3/10","5.131","0.9","-0.6","ARRI ALEXA 35"
"15:28:17:16","A_0019C004_250528_152715_h1EI5","COOKE S4 753","753","40","T 2 3/10","5.131","0.9","-0.6","ARRI ALEXA 35"
"15:28:17:17","A_0019C004_250528_152715_h1EI5","COOKE S4 753","753","40","T 2 3/10","5.131","0.9","-0.6","ARRI ALEXA 35"
"15:28:17:18","A_0019C004_250528_152715_h1EI5","COOKE S4 753","753","40","T 2 3/10","5.131","0.9","-0.6","ARRI ALEXA 35"
"15:28:17:19","A_0019C004_250528_152715_h1EI5","COOKE S4 753","753","40","T 2 3/10","5.131","0.9","-0.6","ARRI ALEXA 35"
"15:28:17:20","A_0019C004_250528_152715_h1EI5","COOKE S4 753","753","40","T 2 3/10","5.131","0.9","-0.6","ARRI ALEXA 35"
"15:28:17:21","A_0019C004_250528_152715_h1EI5","COOKE S4 753","753","40","T 2 3/10","5.131","0.9","-0.6","ARRI ALEXA 35"
"15:28:17:22","A_0019C004_250528_152715_h1EI5","COOKE S4 753","753","40","T 2 3/10","5.131","0.9","-0.6","ARRI ALEXA 35"
"15:28:17:23","A_0019C004_250528_152715_h1EI5","COOKE S4 753","753","40","T 2 3/10","5.131","0.9","-0.6","ARRI ALEXA 35"
"15:28:18:00","A_0019C004_250528_152715_h1EI5","COOKE S4 753","753","40","T 2 3/10","5.131","0.9","-0.6","ARRI ALEXA 35"
"15:28:18:01","A_0019C004_250528_152715_h1EI5","COOKE S4 753","753","40","T 2 3/10","5.131","0.9","-0.6","ARRI ALEXA 35"
"15:28:18:02","A_0019C004_250528_152715_h1EI5","COOKE S4 753","753","40","T 2 3/10","5.131","0.9","-0.6","ARRI ALEXA 35"
"15:28:18:03","A_0019C004_250528_152715_h1EI5","COOKE S4 753","753","40","T 2 3/10","5.131","0.9","-0.6","ARRI ALEXA 35"
"15:28:18:04","A_0019C004_250528_152715_h1EI5","COOKE S4 753","753","40","T 2 3/10","5.144","0.9","-0.6","ARRI ALEXA 35"
"15:28:18:05","A_0019C004_250528_152715_h1EI5","COOKE S4 753","753","40","T 2 3/10","5.171","0.9","-0.6","ARRI ALEXA 35"
"15:28:18:06","A_0019C004_250528_152715_h1EI5","COOKE S4 753","753","40","T 2 3/10","5.187","0.9","-0.6","ARRI ALEXA 35"
"15:28:18:07","A_0019C004_250528_152715_h1EI5","COOKE S4 753","753","40","T 2 3/10","5.2","0.9","-0.6","ARRI ALEXA 35"
"15:28:18:08","A_0019C004_250528_152715_h1EI5","COOKE S4 753","753","40","T 2 3/10","5.21","0.9","-0.6","ARRI ALEXA 35"
"15:28:18:09","A_0019C004_250528_152715_h1EI5","COOKE S4 753","753","40","T 2 3/10","5.21","0.9","-0.6","ARRI ALEXA 35"
"15:28:18:10","A_0019C004_250528_152715_h1EI5","COOKE S4 753","753","40","T 2 3/10","5.21","0.9","-0.6","ARRI ALEXA 35"
"15:28:18:11","A_0019C004_250528_152715_h1EI5","COOKE S4 753","753","40","T 2 3/10","5.21","0.9","-0.6","ARRI ALEXA 35"
"15:28:18:12","A_0019C004_250528_152715_h1EI5","COOKE S4 753","753","40","T 2 3/10","5.21","0.9","-0.6","ARRI ALEXA 35"
"15:28:18:13","A_0019C004_250528_152715_h1EI5","COOKE S4 753","753","40","T 2 3/10","5.21","0.9","-0.6","ARRI ALEXA 35"
"15:28:18:14","A_0019C004_250528_152715_h1EI5","COOKE S4 753","753","40","T 2 3/10","5.21","0.9","-0.6","ARRI ALEXA 35"
"15:28:18:15","A_0019C004_250528_152715_h1EI5","COOKE S4 753","753","40","T 2 3/10","5.21","0.9","-0.6","ARRI ALEXA 35"
"15:28:18:16","A_0019C004_250528_152715_h1EI5","COOKE S4 753","753","40","T 2 3/10","5.21","0.9","-0.6","ARRI ALEXA 35"
"15:28:18:17","A_0019C004_250528_152715_h1EI5","COOKE S4 753","753","40","T 2 3/10","5.21","0.9","-0.6","ARRI ALEXA 35"
"15:28:18:18","A_0019C004_250528_152715_h1EI5","COOKE S4 753","753","40","T 2 3/10","5.21","0.9","-0.6","ARRI ALEXA 35"
"15:28:18:19","A_0019C004_250528_152715_h1EI5","COOKE S4 753","753","40","T 2 3/10","5.21","0.9","-0.6","ARRI ALEXA 35"
"15:28:18:20","A_0019C004_250528_152715_h1EI5","COOKE S4 753","753","40","T 2 3/10","5.21","0.9","-0.6","ARRI ALEXA 35"
"15:28:18:21","A_0019C004_250528_152715_h1EI5","COOKE S4 753","753","40","T 2 3/10","5.21","0.9","-0.6","ARRI ALEXA 35"
"15:28:18:22","A_0019C004_250528_152715_h1EI5","COOKE S4 753","753","40","T 2 3/10","5.21","0.9","-0.6","ARRI ALEXA 35"
"15:28:18:23","A_0019C004_250528_152715_h1EI5","COOKE S4 753","753","40","T 2 3/10","5.21","0.9","-0.6","ARRI ALEXA 35"
"15:28:19:00","A_0019C004_250528_152715_h1EI5","COOKE S4 753","753","40","T 2 3/10","5.21","0.9","-0.6","ARRI ALEXA 35"
"15:28:19:01","A_0019C004_250528_152715_h1EI5","COOKE S4 753","753","40","T 2 3/10","5.21","0.9","-0.6","ARRI ALEXA 35"
"15:28:19:02","A_0019C004_250528_152715_h1EI5","COOKE S4 753","753","40","T 2 3/10","5.21","0.9","-0.6","ARRI ALEXA 35"
"15:28:19:03","A_0019C004_250528_152715_h1EI5","COOKE S4 753","753","40","T 2 3/10","5.21","0.9","-0.6","ARRI ALEXA 35"
"15:28:19:04","A_0019C004_250528_152715_h1EI5","COOKE S4 753","753","40","T 2 3/10","5.21","0.9","-0.6","ARRI ALEXA 35"
"15:28:19:05","A_0019C004_250528_152715_h1EI5","COOKE S4 753","753","40","T 2 3/10","5.21","0.9","-0.6","ARRI ALEXA 35"
"15:28:19:06","A_0019C004_250528_152715_h1EI5","COOKE S4 753","753","40","T 2 3/10","5.2","0.9","-0.6","ARRI ALEXA 35"
"15:28:19:07","A_0019C004_250528_152715_h1EI5","COOKE S4 753","753","40","T 2 3/10","5.2","0.9","-0.6","ARRI ALEXA 35"
"15:28:19:08","A_0019C004_250528_152715_h1EI5","COOKE S4 753","753","40","T 2 3/10","5.197","0.9","-0.6","ARRI ALEXA 35"
"15:28:19:09","A_0019C004_250528_152715_h1EI5","COOKE S4 753","753","40","T 2 3/10","5.197","0.9","-0.6","ARRI ALEXA 35"
"15:28:19:10","A_0019C004_250528_152715_h1EI5","COOKE S4 753","753","40","T 2 3/10","5.197","0.9","-0.6","ARRI ALEXA 35"
"15:28:19:11","A_0019C004_250528_152715_h1EI5","COOKE S4 753","753","40","T 2 3/10","5.19","0.9","-0.6","ARRI ALEXA 35"
"15:28:19:12","A_0019C004_250528_152715_h1EI5","COOKE S4 753","753","40","T 2 3/10","5.19","0.9","-0.6","ARRI ALEXA 35"
"15:28:19:13","A_0019C004_250528_152715_h1EI5","COOKE S4 753","753","40","T 2 3/10","5.19","0.9","-0.6","ARRI ALEXA 35"
"15:28:19:14","A_0019C004_250528_152715_h1EI5","COOKE S4 753","753","40","T 2 3/10","5.19","0.9","-0.6","ARRI ALEXA 35"
"15:28:19:15","A_0019C004_250528_152715_h1EI5","COOKE S4 753","753","40","T 2 3/10","5.19","0.9","-0.6","ARRI ALEXA 35"
"15:28:19:16","A_0019C004_250528_152715_h1EI5","COOKE S4 753","753","40","T 2 3/10","5.19","0.9","-0.6","ARRI ALEXA 35"
"15:28:19:17","A_0019C004_250528_152715_h1EI5","COOKE S4 753","753","40","T 2 3/10","5.19","0.9","-0.6","ARRI ALEXA 35"
"15:28:19:18","A_0019C004_250528_152715_h1EI5","COOKE S4 753","753","40","T 2 3/10","5.19","0.9","-0.6","ARRI ALEXA 35"
"15:28:19:19","A_0019C004_250528_152715_h1EI5","COOKE S4 753","753","40","T 2 3/10","5.19","0.9","-0.6","ARRI ALEXA 35"
"15:28:19:20","A_0019C004_250528_152715_h1EI5","COOKE S4 753","753","40","T 2 3/10","5.19","0.9","-0.6","ARRI ALEXA 35"
"15:28:19:21","A_0019C004_250528_152715_h1EI5","COOKE S4 753","753","40","T 2 3/10","5.19","0.9","-0.6","ARRI ALEXA 35"
"15:28:19:22","A_0019C004_250528_152715_h1EI5","COOKE S4 753","753","40","T 2 3/10","5.19","0.9","-0.6","ARRI ALEXA 35"
"15:28:19:23","A_0019C004_250528_152715_h1EI5","COOKE S4 753","753","40","T 2 3/10","5.19","0.9","-0.6","ARRI ALEXA 35"
"15:28:20:00","A_0019C004_250528_152715_h1EI5","COOKE S4 753","753","40","T 2 3/10","5.19","0.9","-0.6","ARRI ALEXA 35"
"15:28:20:01","A_0019C004_250528_152715_h1EI5","COOKE S4 753","753","40","T 2 3/10","5.19","0.9","-0.6","ARRI ALEXA 35"
"15:28:20:02","A_0019C004_250528_152715_h1EI5","COOKE S4 753","753","40","T 2 3/10","5.19","0.9","-0.6","ARRI ALEXA 35"
"15:28:20:03","A_0019C004_250528_152715_h1EI5","COOKE S4 753","753","40","T 2 3/10","5.19","0.9","-0.6","ARRI ALEXA 35"
"15:28:20:04","A_0019C004_250528_152715_h1EI5","COOKE S4 753","753","40","T 2 3/10","5.19","0.9","-0.6","ARRI ALEXA 35"
"15:28:20:05","A_0019C004_250528_152715_h1EI5","COOKE S4 753","753","40","T 2 3/10","5.19","0.9","-0.6","ARRI ALEXA 35"
"15:28:20:06","A_0019C004_250528_152715_h1EI5","COOKE S4 753","753","40","T 2 3/10","5.19","0.9","-0.6","ARRI ALEXA 35"
"15:28:20:07","A_0019C004_250528_152715_h1EI5","COOKE S4 753","753","40","T 2 3/10","5.19","0.9","-0.6","ARRI ALEXA 35"
"15:28:20:08","A_0019C004_250528_152715_h1EI5","COOKE S4 753","753","40","T 2 3/10","5.19","0.9","-0.6","ARRI ALEXA 35"
"15:28:20:09","A_0019C004_250528_152715_h1EI5","COOKE S4 753","753","40","T 2 3/10","5.19","0.9","-0.6","ARRI ALEXA 35"
"15:28:20:10","A_0019C004_250528_152715_h1EI5","COOKE S4 753","753","40","T 2 3/10","5.19","0.9","-0.6","ARRI ALEXA 35"
"15:28:20:11","A_0019C004_250528_152715_h1EI5","COOKE S4 753","753","40","T 2 3/10","5.19","0.9","-0.6","ARRI ALEXA 35"
"15:28:20:12","A_0019C004_250528_152715_h1EI5","COOKE S4 753","753","40","T 2 3/10","5.19","0.9","-0.6","ARRI ALEXA 35"
"15:28:20:13","A_0019C004_250528_152715_h1EI5","COOKE S4 753","753","40","T 2 3/10","5.19","0.9","-0.6","ARRI ALEXA 35"
"15:28:20:14","A_0019C004_250528_152715_h1EI5","COOKE S4 753","753","40","T 2 3/10","5.19","0.9","-0.6","ARRI ALEXA 35"
"15:28:20:15","A_0019C004_250528_152715_h1EI5","COOKE S4 753","753","40","T 2 3/10","5.19","0.9","-0.6","ARRI ALEXA 35"
"15:28:20:16","A_0019C004_250528_152715_h1EI5","COOKE S4 753","753","40","T 2 3/10","5.19","0.9","-0.6","ARRI ALEXA 35"
"15:28:20:17","A_0019C004_250528_152715_h1EI5","COOKE S4 753","753","40","T 2 3/10","5.19","0.9","-0.6","ARRI ALEXA 35"
"15:28:20:18","A_0019C004_250528_152715_h1EI5","COOKE S4 753","753","40","T 2 3/10","5.19","0.9","-0.6","ARRI ALEXA 35"
"15:28:20:19","A_0019C004_250528_152715_h1EI5","COOKE S4 753","753","40","T 2 3/10","5.19","0.9","-0.6","ARRI ALEXA 35"
"15:28:20:20","A_0019C004_250528_152715_h1EI5","COOKE S4 753","753","40","T 2 3/10","5.19","0.9","-0.6","ARRI ALEXA 35"
"15:28:20:21","A_0019C004_250528_152715_h1EI5","COOKE S4 753","753","40","T 2 3/10","5.19","0.9","-0.6","ARRI ALEXA 35"
"15:28:20:22","A_0019C004_250528_152715_h1EI5","COOKE S4 753","753","40","T 2 3/10","5.19","0.9","-0.6","ARRI ALEXA 35"
"15:28:20:23","A_0019C004_250528_152715_h1EI5","COOKE S4 753","753","40","T 2 3/10","5.19","0.9","-0.6","ARRI ALEXA 35"
"15:28:21:00","A_0019C004_250528_152715_h1EI5","COOKE S4 753","753","40","T 2 3/10","5.19","0.9","-0.6","ARRI ALEXA 35"
"15:28:21:01","A_0019C004_250528_152715_h1EI5","COOKE S4 753","753","40","T 2 3/10","5.19","0.9","-0.6","ARRI ALEXA 35"
"15:28:21:02","A_0019C004_250528_152715_h1EI5","COOKE S4 753","753","40","T 2 3/10","5.19","0.9","-0.6","ARRI ALEXA 35"
"15:28:21:03","A_0019C004_250528_152715_h1EI5","COOKE S4 753","753","40","T 2 3/10","5.19","0.9","-0.6","ARRI ALEXA 35"
"15:28:21:04","A_0019C004_250528_152715_h1EI5","COOKE S4 753","753","40","T 2 3/10","5.19","0.9","-0.6","ARRI ALEXA 35"
"15:28:21:05","A_0019C004_250528_152715_h1EI5","COOKE S4 753","753","40","T 2 3/10","5.19","0.9","-0.6","ARRI ALEXA 35"
"15:28:21:06","A_0019C004_250528_152715_h1EI5","COOKE S4 753","753","40","T 2 3/10","5.19","0.9","-0.6","ARRI ALEXA 35"
"15:28:21:07","A_0019C004_250528_152715_h1EI5","COOKE S4 753","753","40","T 2 3/10","5.187","0.9","-0.6","ARRI ALEXA 35"
"15:28:21:08","A_0019C004_250528_152715_h1EI5","COOKE S4 753","753","40","T 2 3/10","5.187","0.9","-0.6","ARRI ALEXA 35"
"15:28:21:09","A_0019C004_250528_152715_h1EI5","COOKE S4 753","753","40","T 2 3/10","5.187","0.9","-0.6","ARRI ALEXA 35"
"15:28:21:10","A_0019C004_250528_152715_h1EI5","COOKE S4 753","753","40","T 2 3/10","5.187","0.9","-0.6","ARRI ALEXA 35"
"15:28:21:11","A_0019C004_250528_152715_h1EI5","COOKE S4 753","753","40","T 2 3/10","5.187","0.9","-0.6","ARRI ALEXA 35"
"15:28:21:12","A_0019C004_250528_152715_h1EI5","COOKE S4 753","753","40","T 2 3/10","5.187","0.9","-0.6","ARRI ALEXA 35"
"15:28:21:13","A_0019C004_250528_152715_h1EI5","COOKE S4 753","753","40","T 2 3/10","5.187","0.9","-0.6","ARRI ALEXA 35"
"15:28:21:14","A_0019C004_250528_152715_h1EI5","COOKE S4 753","753","40","T 2 3/10","5.187","0.9","-0.6","ARRI ALEXA 35"
"15:28:21:15","A_0019C004_250528_152715_h1EI5","COOKE S4 753","753","40","T 2 3/10","5.187","0.9","-0.6","ARRI ALEXA 35"
"15:28:21:16","A_0019C004_250528_152715_h1EI5","COOKE S4 753","753","40","T 2 3/10","5.187","0.9","-0.6","ARRI ALEXA 35"
"15:28:21:17","A_0019C004_250528_152715_h1EI5","COOKE S4 753","753","40","T 2 3/10","5.187","0.9","-0.6","ARRI ALEXA 35"
"15:28:21:18","A_0019C004_250528_152715_h1EI5","COOKE S4 753","753","40","T 2 3/10","5.187","0.9","-0.6","ARRI ALEXA 35"
"15:28:21:19","A_0019C004_250528_152715_h1EI5","COOKE S4 753","753","40","T 2 3/10","5.187","0.9","-0.6","ARRI ALEXA 35"
"15:28:21:20","A_0019C004_250528_152715_h1EI5","COOKE S4 753","753","40","T 2 3/10","5.187","0.9","-0.6","ARRI ALEXA 35"
"15:28:21:21","A_0019C004_250528_152715_h1EI5","COOKE S4 753","753","40","T 2 3/10","5.187","0.9","-0.6","ARRI ALEXA 35"
"15:28:21:22","A_0019C004_250528_152715_h1EI5","COOKE S4 753","753","40","T 2 3/10","5.187","0.9","-0.6","ARRI ALEXA 35"
"15:28:21:23","A_0019C004_250528_152715_h1EI5","COOKE S4 753","753","40","T 2 3/10","5.187","0.9","-0.6","ARRI ALEXA 35"
"15:28:22:00","A_0019C004_250528_152715_h1EI5","COOKE S4 753","753","40","T 2 3/10","5.187","0.9","-0.6","ARRI ALEXA 35"
"15:28:22:01","A_0019C004_250528_152715_h1EI5","COOKE S4 753","753","40","T 2 3/10","5.187","0.9","-0.6","ARRI ALEXA 35"
"15:28:22:02","A_0019C004_250528_152715_h1EI5","COOKE S4 753","753","40","T 2 3/10","5.187","0.9","-0.6","ARRI ALEXA 35"
"15:28:22:03","A_0019C004_250528_152715_h1EI5","COOKE S4 753","753","40","T 2 3/10","5.187","0.9","-0.6","ARRI ALEXA 35"
"15:28:22:04","A_0019C004_250528_152715_h1EI5","COOKE S4 753","753","40","T 2 3/10","5.187","0.9","-0.6","ARRI ALEXA 35"
"15:28:22:05","A_0019C004_250528_152715_h1EI5","COOKE S4 753","753","40","T 2 3/10","5.187","0.9","-0.6","ARRI ALEXA 35"
"15:28:22:06","A_0019C004_250528_152715_h1EI5","COOKE S4 753","753","40","T 2 3/10","5.187","0.9","-0.6","ARRI ALEXA 35"
"15:28:22:07","A_0019C004_250528_152715_h1EI5","COOKE S4 753","753","40","T 2 3/10","5.187","0.9","-0.6","ARRI ALEXA 35"
"15:28:22:08","A_0019C004_250528_152715_h1EI5","COOKE S4 753","753","40","T 2 3/10","5.187","0.9","-0.6","ARRI ALEXA 35"
"15:28:22:09","A_0019C004_250528_152715_h1EI5","COOKE S4 753","753","40","T 2 3/10","5.187","0.9","-0.6","ARRI ALEXA 35"
"15:28:22:10","A_0019C004_250528_152715_h1EI5","COOKE S4 753","753","40","T 2 3/10","5.187","0.9","-0.6","ARRI ALEXA 35"
"15:28:22:11","A_0019C004_250528_152715_h1EI5","COOKE S4 753","753","40","T 2 3/10","5.187","0.9","-0.6","ARRI ALEXA 35"
"15:28:22:12","A_0019C004_250528_152715_h1EI5","COOKE S4 753","753","40","T 2 3/10","5.187","0.9","-0.6","ARRI ALEXA 35"
"15:28:22:13","A_0019C004_250528_152715_h1EI5","COOKE S4 753","753","40","T 2 3/10","5.187","0.9","-0.6","ARRI ALEXA 35"
"15:28:22:14","A_0019C004_250528_152715_h1EI5","COOKE S4 753","753","40","T 2 3/10","5.187","0.9","-0.6","ARRI ALEXA 35"
"15:28:22:15","A_0019C004_250528_152715_h1EI5","COOKE S4 753","753","40","T 2 3/10","5.187","0.9","-0.6","ARRI ALEXA 35"
"15:28:22:16","A_0019C004_250528_152715_h1EI5","COOKE S4 753","753","40","T 2 3/10","5.187","0.9","-0.6","ARRI ALEXA 35"
"15:28:22:17","A_0019C004_250528_152715_h1EI5","COOKE S4 753","753","40","T 2 3/10","5.187","0.9","-0.6","ARRI ALEXA 35"
"15:28:22:18","A_0019C004_250528_152715_h1EI5","COOKE S4 753","753","40","T 2 3/10","5.187","0.9","-0.6","ARRI ALEXA 35"
"15:28:22:19","A_0019C004_250528_152715_h1EI5","COOKE S4 753","753","40","T 2 3/10","5.187","0.9","-0.6","ARRI ALEXA 35"
"15:28:22:20","A_0019C004_250528_152715_h1EI5","COOKE S4 753","753","40","T 2 3/10","5.187","0.9","-0.6","ARRI ALEXA 35"
"15:28:22:21","A_0019C004_250528_152715_h1EI5","COOKE S4 753","753","40","T 2 3/10","5.187","0.9","-0.6","ARRI ALEXA 35"
"15:28:22:22","A_0019C004_250528_152715_h1EI5","COOKE S4 753","753","40","T 2 3/10","5.187","0.9","-0.6","ARRI ALEXA 35"
"15:28:22:23","A_0019C004_250528_152715_h1EI5","COOKE S4 753","753","40","T 2 3/10","5.187","0.9","-0.6","ARRI ALEXA 35"
"15:28:23:00","A_0019C004_250528_152715_h1EI5","COOKE S4 753","753","40","T 2 3/10","5.187","0.9","-0.6","ARRI ALEXA 35"
"15:28:23:01","A_0019C004_250528_152715_h1EI5","COOKE S4 753","753","40","T 2 3/10","5.187","0.9","-0.6","ARRI ALEXA 35"
"15:28:23:02","A_0019C004_250528_152715_h1EI5","COOKE S4 753","753","40","T 2 3/10","5.187","0.9","-0.6","ARRI ALEXA 35"
"15:28:23:03","A_0019C004_250528_152715_h1EI5","COOKE S4 753","753","40","T 2 3/10","5.187","0.9","-0.6","ARRI ALEXA 35"
"15:28:23:04","A_0019C004_250528_152715_h1EI5","COOKE S4 753","753","40","T 2 3/10","5.187","0.9","-0.6","ARRI ALEXA 35"
"15:28:23:05","A_0019C004_250528_152715_h1EI5","COOKE S4 753","753","40","T 2 3/10","5.187","0.9","-0.6","ARRI ALEXA 35"
"15:28:23:06","A_0019C004_250528_152715_h1EI5","COOKE S4 753","753","40","T 2 3/10","5.187","0.9","-0.6","ARRI ALEXA 35"
"15:28:23:07","A_0019C004_250528_152715_h1EI5","COOKE S4 753","753","40","T 2 3/10","5.187","0.9","-0.6","ARRI ALEXA 35"
"15:28:23:08","A_0019C004_250528_152715_h1EI5","COOKE S4 753","753","40","T 2 3/10","5.187","0.9","-0.6","ARRI ALEXA 35"
"15:28:23:09","A_0019C004_250528_152715_h1EI5","COOKE S4 753","753","40","T 2 3/10","5.187","0.9","-0.6","ARRI ALEXA 35"
"15:28:23:10","A_0019C004_250528_152715_h1EI5","COOKE S4 753","753","40","T 2 3/10","5.187","0.9","-0.6","ARRI ALEXA 35"
"15:28:23:11","A_0019C004_250528_152715_h1EI5","COOKE S4 753","753","40","T 2 3/10","5.187","0.9","-0.6","ARRI ALEXA 35"
"15:28:23:12","A_0019C004_250528_152715_h1EI5","COOKE S4 753","753","40","T 2 3/10","5.187","0.9","-0.6","ARRI ALEXA 35"
"15:28:23:13","A_0019C004_250528_152715_h1EI5","COOKE S4 753","753","40","T 2 3/10","5.187","0.9","-0.6","ARRI ALEXA 35"
"15:28:23:14","A_0019C004_250528_152715_h1EI5","COOKE S4 753","753","40","T 2 3/10","5.187","0.9","-0.6","ARRI ALEXA 35"
"15:28:23:15","A_0019C004_250528_152715_h1EI5","COOKE S4 753","753","40","T 2 3/10","5.187","0.9","-0.6","ARRI ALEXA 35"
"15:28:23:16","A_0019C004_250528_152715_h1EI5","COOKE S4 753","753","40","T 2 3/10","5.187","0.9","-0.6","ARRI ALEXA 35"
"15:28:23:17","A_0019C004_250528_152715_h1EI5","COOKE S4 753","753","40","T 2 3/10","5.187","0.9","-0.6","ARRI ALEXA 35"
"15:28:23:18","A_0019C004_250528_152715_h1EI5","COOKE S4 753","753","40","T 2 3/10","5.187","0.9","-0.6","ARRI ALEXA 35"
"15:28:23:19","A_0019C004_250528_152715_h1EI5","COOKE S4 753","753","40","T 2 3/10","5.187","0.9","-0.6","ARRI ALEXA 35"
"15:28:23:20","A_0019C004_250528_152715_h1EI5","COOKE S4 753","753","40","T 2 3/10","5.187","0.9","-0.6","ARRI ALEXA 35"
"15:28:23:21","A_0019C004_250528_152715_h1EI5","COOKE S4 753","753","40","T 2 3/10","5.187","0.9","-0.6","ARRI ALEXA 35"
"15:28:23:22","A_0019C004_250528_152715_h1EI5","COOKE S4 753","753","40","T 2 3/10","5.187","0.9","-0.6","ARRI ALEXA 35"
"15:28:23:23","A_0019C004_250528_152715_h1EI5","COOKE S4 753","753","40","T 2 3/10","5.187","0.9","-0.6","ARRI ALEXA 35"
"15:28:24:00","A_0019C004_250528_152715_h1EI5","COOKE S4 753","753","40","T 2 3/10","5.187","0.9","-0.6","ARRI ALEXA 35"
"15:28:24:01","A_0019C004_250528_152715_h1EI5","COOKE S4 753","753","40","T 2 3/10","5.187","0.9","-0.6","ARRI ALEXA 35"
"15:28:24:02","A_0019C004_250528_152715_h1EI5","COOKE S4 753","753","40","T 2 3/10","5.187","0.9","-0.6","ARRI ALEXA 35"
"15:28:24:03","A_0019C004_250528_152715_h1EI5","COOKE S4 753","753","40","T 2 3/10","5.187","0.9","-0.6","ARRI ALEXA 35"
"15:28:24:04","A_0019C004_250528_152715_h1EI5","COOKE S4 753","753","40","T 2 3/10","5.187","0.9","-0.6","ARRI ALEXA 35"
"15:28:24:05","A_0019C004_250528_152715_h1EI5","COOKE S4 753","753","40","T 2 3/10","5.187","0.9","-0.6","ARRI ALEXA 35"
"15:28:24:06","A_0019C004_250528_152715_h1EI5","COOKE S4 753","753","40","T 2 3/10","5.187","0.9","-0.6","ARRI ALEXA 35"
"15:28:24:07","A_0019C004_250528_152715_h1EI5","COOKE S4 753","753","40","T 2 3/10","5.187","0.9","-0.6","ARRI ALEXA 35"
"15:28:24:08","A_0019C004_250528_152715_h1EI5","COOKE S4 753","753","40","T 2 3/10","5.187","0.9","-0.6","ARRI ALEXA 35"
"15:28:24:09","A_0019C004_250528_152715_h1EI5","COOKE S4 753","753","40","T 2 3/10","5.187","0.9","-0.6","ARRI ALEXA 35"
"15:28:24:10","A_0019C004_250528_152715_h1EI5","COOKE S4 753","753","40","T 2 3/10","5.187","0.9","-0.6","ARRI ALEXA 35"
"15:28:24:11","A_0019C004_250528_152715_h1EI5","COOKE S4 753","753","40","T 2 3/10","5.187","0.9","-0.6","ARRI ALEXA 35"
"15:28:24:12","A_0019C004_250528_152715_h1EI5","COOKE S4 753","753","40","T 2 3/10","5.187","0.9","-0.6","ARRI ALEXA 35"
"15:28:24:13","A_0019C004_250528_152715_h1EI5","COOKE S4 753","753","40","T 2 3/10","5.187","0.9","-0.6","ARRI ALEXA 35"
"15:28:24:14","A_0019C004_250528_152715_h1EI5","COOKE S4 753","753","40","T 2 3/10","5.187","0.9","-0.6","ARRI ALEXA 35"
"15:28:24:15","A_0019C004_250528_152715_h1EI5","COOKE S4 753","753","40","T 2 3/10","5.187","0.9","-0.6","ARRI ALEXA 35"
"15:28:24:16","A_0019C004_250528_152715_h1EI5","COOKE S4 753","753","40","T 2 3/10","5.187","0.9","-0.6","ARRI ALEXA 35"
"15:28:24:17","A_0019C004_250528_152715_h1EI5","COOKE S4 753","753","40","T 2 3/10","5.187","0.9","-0.6","ARRI ALEXA 35"
"15:28:24:18","A_0019C004_250528_152715_h1EI5","COOKE S4 753","753","40","T 2 3/10","5.187","0.9","-0.6","ARRI ALEXA 35"
"15:28:24:19","A_0019C004_250528_152715_h1EI5","COOKE S4 753","753","40","T 2 3/10","5.187","0.9","-0.6","ARRI ALEXA 35"
"15:28:24:20","A_0019C004_250528_152715_h1EI5","COOKE S4 753","753","40","T 2 3/10","5.187","0.9","-0.6","ARRI ALEXA 35"
"15:28:24:21","A_0019C004_250528_152715_h1EI5","COOKE S4 753","753","40","T 2 3/10","5.187","0.9","-0.6","ARRI ALEXA 35"
"15:28:24:22","A_0019C004_250528_152715_h1EI5","COOKE S4 753","753","40","T 2 3/10","5.187","0.9","-0.6","ARRI ALEXA 35"
"15:28:24:23","A_0019C004_250528_152715_h1EI5","COOKE S4 753","753","40","T 2 3/10","5.187","0.9","-0.6","ARRI ALEXA 35"
"15:28:25:00","A_0019C004_250528_152715_h1EI5","COOKE S4 753","753","40","T 2 3/10","5.187","0.9","-0.6","ARRI ALEXA 35"
"15:28:25:01","A_0019C004_250528_152715_h1EI5","COOKE S4 753","753","40","T 2 3/10","5.187","0.9","-0.6","ARRI ALEXA 35"
"15:28:25:02","A_0019C004_250528_152715_h1EI5","COOKE S4 753","753","40","T 2 3/10","5.187","0.9","-0.6","ARRI ALEXA 35"
"15:28:25:03","A_0019C004_250528_152715_h1EI5","COOKE S4 753","753","40","T 2 3/10","5.187","0.9","-0.6","ARRI ALEXA 35"
"15:28:25:04","A_0019C004_250528_152715_h1EI5","COOKE S4 753","753","40","T 2 3/10","5.187","0.9","-0.6","ARRI ALEXA 35"
"15:28:25:05","A_0019C004_250528_152715_h1EI5","COOKE S4 753","753","40","T 2 3/10","5.187","0.9","-0.6","ARRI ALEXA 35"
"15:28:25:06","A_0019C004_250528_152715_h1EI5","COOKE S4 753","753","40","T 2 3/10","5.187","0.9","-0.6","ARRI ALEXA 35"
"15:28:25:07","A_0019C004_250528_152715_h1EI5","COOKE S4 753","753","40","T 2 3/10","5.187","0.9","-0.6","ARRI ALEXA 35"
"15:28:25:08","A_0019C004_250528_152715_h1EI5","COOKE S4 753","753","40","T 2 3/10","5.187","0.9","-0.6","ARRI ALEXA 35"
"15:28:25:09","A_0019C004_250528_152715_h1EI5","COOKE S4 753","753","40","T 2 3/10","5.187","0.9","-0.6","ARRI ALEXA 35"
"15:28:25:10","A_0019C004_250528_152715_h1EI5","COOKE S4 753","753","40","T 2 3/10","5.187","0.9","-0.6","ARRI ALEXA 35"
"15:28:25:11","A_0019C004_250528_152715_h1EI5","COOKE S4 753","753","40","T 2 3/10","5.187","0.9","-0.6","ARRI ALEXA 35"
"15:28:25:12","A_0019C004_250528_152715_h1EI5","COOKE S4 753","753","40","T 2 3/10","5.187","0.9","-0.6","ARRI ALEXA 35"
"15:28:25:13","A_0019C004_250528_152715_h1EI5","COOKE S4 753","753","40","T 2 3/10","5.187","0.9","-0.6","ARRI ALEXA 35"
"15:28:25:14","A_0019C004_250528_152715_h1EI5","COOKE S4 753","753","40","T 2 3/10","5.187","0.9","-0.6","ARRI ALEXA 35"
"15:28:25:15","A_0019C004_250528_152715_h1EI5","COOKE S4 753","753","40","T 2 3/10","5.187","0.9","-0.6","ARRI ALEXA 35"
"15:28:25:16","A_0019C004_250528_152715_h1EI5","COOKE S4 753","753","40","T 2 3/10","5.187","0.9","-0.6","ARRI ALEXA 35"
"15:28:25:17","A_0019C004_250528_152715_h1EI5","COOKE S4 753","753","40","T 2 3/10","5.187","0.9","-0.6","ARRI ALEXA 35"
"15:28:25:18","A_0019C004_250528_152715_h1EI5","COOKE S4 753","753","40","T 2 3/10","5.187","0.9","-0.6","ARRI ALEXA 35"
"15:28:25:19","A_0019C004_250528_152715_h1EI5","COOKE S4 753","753","40","T 2 3/10","5.187","0.9","-0.6","ARRI ALEXA 35"
"15:28:25:20","A_0019C004_250528_152715_h1EI5","COOKE S4 753","753","40","T 2 3/10","5.187","0.9","-0.6","ARRI ALEXA 35"
"15:28:25:21","A_0019C004_250528_152715_h1EI5","COOKE S4 753","753","40","T 2 3/10","5.187","0.9","-0.6","ARRI ALEXA 35"
"15:28:25:22","A_0019C004_250528_152715_h1EI5","COOKE S4 753","753","40","T 2 3/10","5.187","0.9","-0.6","ARRI ALEXA 35"
"15:28:25:23","A_0019C004_250528_152715_h1EI5","COOKE S4 753","753","40","T 2 3/10","5.187","0.9","-0.6","ARRI ALEXA 35"
"15:28:26:00","A_0019C004_250528_152715_h1EI5","COOKE S4 753","753","40","T 2 3/10","5.187","0.9","-0.6","ARRI ALEXA 35"
"15:28:26:01","A_0019C004_250528_152715_h1EI5","COOKE S4 753","753","40","T 2 3/10","5.187","0.9","-0.6","ARRI ALEXA 35"
"15:28:26:02","A_0019C004_250528_152715_h1EI5","COOKE S4 753","753","40","T 2 3/10","5.187","0.9","-0.6","ARRI ALEXA 35"
"15:28:26:03","A_0019C004_250528_152715_h1EI5","COOKE S4 753","753","40","T 2 3/10","5.187","0.9","-0.6","ARRI ALEXA 35"
"15:28:26:04","A_0019C004_250528_152715_h1EI5","COOKE S4 753","753","40","T 2 3/10","5.187","0.9","-0.6","ARRI ALEXA 35"
"15:28:26:05","A_0019C004_250528_152715_h1EI5","COOKE S4 753","753","40","T 2 3/10","5.187","0.9","-0.6","ARRI ALEXA 35"
"15:28:26:06","A_0019C004_250528_152715_h1EI5","COOKE S4 753","753","40","T 2 3/10","5.187","0.9","-0.6","ARRI ALEXA 35"
"15:28:26:07","A_0019C004_250528_152715_h1EI5","COOKE S4 753","753","40","T 2 3/10","5.187","0.9","-0.6","ARRI ALEXA 35"
"15:28:26:08","A_0019C004_250528_152715_h1EI5","COOKE S4 753","753","40","T 2 3/10","5.187","0.9","-0.6","ARRI ALEXA 35"
"15:28:26:09","A_0019C004_250528_152715_h1EI5","COOKE S4 753","753","40","T 2 3/10","5.187","0.9","-0.6","ARRI ALEXA 35"
"15:28:26:10","A_0019C004_250528_152715_h1EI5","COOKE S4 753","753","40","T 2 3/10","5.187","0.9","-0.6","ARRI ALEXA 35"
"15:28:26:11","A_0019C004_250528_152715_h1EI5","COOKE S4 753","753","40","T 2 3/10","5.187","0.9","-0.6","ARRI ALEXA 35"
"15:28:26:12","A_0019C004_250528_152715_h1EI5","COOKE S4 753","753","40","T 2 3/10","5.187","0.9","-0.6","ARRI ALEXA 35"
"15:28:26:13","A_0019C004_250528_152715_h1EI5","COOKE S4 753","753","40","T 2 3/10","5.187","0.9","-0.6","ARRI ALEXA 35"
"15:28:26:14","A_0019C004_250528_152715_h1EI5","COOKE S4 753","753","40","T 2 3/10","5.187","0.9","-0.6","ARRI ALEXA 35"
"15:28:26:15","A_0019C004_250528_152715_h1EI5","COOKE S4 753","753","40","T 2 3/10","5.187","0.9","-0.6","ARRI ALEXA 35"
"15:28:26:16","A_0019C004_250528_152715_h1EI5","COOKE S4 753","753","40","T 2 3/10","5.187","0.9","-0.6","ARRI ALEXA 35"
"15:28:26:17","A_0019C004_250528_152715_h1EI5","COOKE S4 753","753","40","T 2 3/10","5.187","0.9","-0.6","ARRI ALEXA 35"
"15:28:26:18","A_0019C004_250528_152715_h1EI5","COOKE S4 753","753","40","T 2 3/10","5.187","0.9","-0.6","ARRI ALEXA 35"
"15:28:26:19","A_0019C004_250528_152715_h1EI5","COOKE S4 753","753","40","T 2 3/10","5.187","0.9","-0.6","ARRI ALEXA 35"
"15:28:26:20","A_0019C004_250528_152715_h1EI5","COOKE S4 753","753","40","T 2 3/10","5.187","0.9","-0.6","ARRI ALEXA 35"
"15:28:26:21","A_0019C004_250528_152715_h1EI5","COOKE S4 753","753","40","T 2 3/10","5.187","0.9","-0.6","ARRI ALEXA 35"
"15:28:26:22","A_0019C004_250528_152715_h1EI5","COOKE S4 753","753","40","T 2 3/10","5.187","0.9","-0.6","ARRI ALEXA 35"
"15:28:26:23","A_0019C004_250528_152715_h1EI5","COOKE S4 753","753","40","T 2 3/10","5.187","0.9","-0.6","ARRI ALEXA 35"
"15:28:27:00","A_0019C004_250528_152715_h1EI5","COOKE S4 753","753","40","T 2 3/10","5.187","0.9","-0.6","ARRI ALEXA 35"
"15:28:27:01","A_0019C004_250528_152715_h1EI5","COOKE S4 753","753","40","T 2 3/10","5.187","0.9","-0.6","ARRI ALEXA 35"
"15:28:27:02","A_0019C004_250528_152715_h1EI5","COOKE S4 753","753","40","T 2 3/10","5.187","1","-0.6","ARRI ALEXA 35"
"15:28:27:03","A_0019C004_250528_152715_h1EI5","COOKE S4 753","753","40","T 2 3/10","5.187","1","-0.6","ARRI ALEXA 35"
"15:28:27:04","A_0019C004_250528_152715_h1EI5","COOKE S4 753","753","40","T 2 3/10","5.187","1","-0.6","ARRI ALEXA 35"
"15:28:27:05","A_0019C004_250528_152715_h1EI5","COOKE S4 753","753","40","T 2 3/10","5.187","1","-0.6","ARRI ALEXA 35"
"15:28:27:06","A_0019C004_250528_152715_h1EI5","COOKE S4 753","753","40","T 2 3/10","5.187","1","-0.6","ARRI ALEXA 35"
"15:28:27:07","A_0019C004_250528_152715_h1EI5","COOKE S4 753","753","40","T 2 3/10","5.187","1","-0.6","ARRI ALEXA 35"
"15:28:27:08","A_0019C004_250528_152715_h1EI5","COOKE S4 753","753","40","T 2 3/10","5.187","1","-0.6","ARRI ALEXA 35"
"15:28:27:09","A_0019C004_250528_152715_h1EI5","COOKE S4 753","753","40","T 2 3/10","5.187","1","-0.6","ARRI ALEXA 35"
"15:28:27:10","A_0019C004_250528_152715_h1EI5","COOKE S4 753","753","40","T 2 3/10","5.187","1","-0.6","ARRI ALEXA 35"
"15:28:27:11","A_0019C004_250528_152715_h1EI5","COOKE S4 753","753","40","T 2 3/10","5.187","1","-0.6","ARRI ALEXA 35"
"15:28:27:12","A_0019C004_250528_152715_h1EI5","COOKE S4 753","753","40","T 2 3/10","5.187","1","-0.6","ARRI ALEXA 35"
"15:28:27:13","A_0019C004_250528_152715_h1EI5","COOKE S4 753","753","40","T 2 3/10","5.187","1","-0.6","ARRI ALEXA 35"
"15:28:27:14","A_0019C004_250528_152715_h1EI5","COOKE S4 753","753","40","T 2 3/10","5.187","1","-0.6","ARRI ALEXA 35"
"15:28:27:15","A_0019C004_250528_152715_h1EI5","COOKE S4 753","753","40","T 2 3/10","5.187","1","-0.6","ARRI ALEXA 35"
"15:28:27:16","A_0019C004_250528_152715_h1EI5","COOKE S4 753","753","40","T 2 3/10","5.187","1","-0.6","ARRI ALEXA 35"
"15:28:27:17","A_0019C004_250528_152715_h1EI5","COOKE S4 753","753","40","T 2 3/10","5.187","1","-0.6","ARRI ALEXA 35"
"15:28:27:18","A_0019C004_250528_152715_h1EI5","COOKE S4 753","753","40","T 2 3/10","5.187","1","-0.6","ARRI ALEXA 35"
"15:28:27:19","A_0019C004_250528_152715_h1EI5","COOKE S4 753","753","40","T 2 3/10","5.187","1","-0.6","ARRI ALEXA 35"
"15:28:27:20","A_0019C004_250528_152715_h1EI5","COOKE S4 753","753","40","T 2 3/10","5.187","1","-0.6","ARRI ALEXA 35"
"15:28:27:21","A_0019C004_250528_152715_h1EI5","COOKE S4 753","753","40","T 2 3/10","5.187","1","-0.6","ARRI ALEXA 35"
"15:28:27:22","A_0019C004_250528_152715_h1EI5","COOKE S4 753","753","40","T 2 3/10","5.187","1","-0.6","ARRI ALEXA 35"
"15:28:27:23","A_0019C004_250528_152715_h1EI5","COOKE S4 753","753","40","T 2 3/10","5.187","1","-0.6","ARRI ALEXA 35"
"15:28:28:00","A_0019C004_250528_152715_h1EI5","COOKE S4 753","753","40","T 2 3/10","5.187","1","-0.6","ARRI ALEXA 35"
"15:28:28:01","A_0019C004_250528_152715_h1EI5","COOKE S4 753","753","40","T 2 3/10","5.187","1","-0.6","ARRI ALEXA 35"
"15:28:28:02","A_0019C004_250528_152715_h1EI5","COOKE S4 753","753","40","T 2 3/10","5.187","1","-0.6","ARRI ALEXA 35"
"15:28:28:03","A_0019C004_250528_152715_h1EI5","COOKE S4 753","753","40","T 2 3/10","5.187","1","-0.6","ARRI ALEXA 35"
"15:28:28:04","A_0019C004_250528_152715_h1EI5","COOKE S4 753","753","40","T 2 3/10","5.187","1","-0.6","ARRI ALEXA 35"
"15:28:28:05","A_0019C004_250528_152715_h1EI5","COOKE S4 753","753","40","T 2 3/10","5.187","1","-0.6","ARRI ALEXA 35"
"15:28:28:06","A_0019C004_250528_152715_h1EI5","COOKE S4 753","753","40","T 2 3/10","5.187","1","-0.6","ARRI ALEXA 35"
"15:28:28:07","A_0019C004_250528_152715_h1EI5","COOKE S4 753","753","40","T 2 3/10","5.187","1","-0.6","ARRI ALEXA 35"
"15:28:28:08","A_0019C004_250528_152715_h1EI5","COOKE S4 753","753","40","T 2 3/10","5.187","1","-0.6","ARRI ALEXA 35"
"15:28:28:09","A_0019C004_250528_152715_h1EI5","COOKE S4 753","753","40","T 2 3/10","5.187","1","-0.6","ARRI ALEXA 35"
"15:28:28:10","A_0019C004_250528_152715_h1EI5","COOKE S4 753","753","40","T 2 3/10","5.187","1","-0.6","ARRI ALEXA 35"
"15:28:28:11","A_0019C004_250528_152715_h1EI5","COOKE S4 753","753","40","T 2 3/10","5.187","1","-0.6","ARRI ALEXA 35"
"15:28:28:12","A_0019C004_250528_152715_h1EI5","COOKE S4 753","753","40","T 2 3/10","5.187","1","-0.6","ARRI ALEXA 35"
"15:28:28:13","A_0019C004_250528_152715_h1EI5","COOKE S4 753","753","40","T 2 3/10","5.187","1","-0.6","ARRI ALEXA 35"
"15:28:28:14","A_0019C004_250528_152715_h1EI5","COOKE S4 753","753","40","T 2 3/10","5.187","1","-0.6","ARRI ALEXA 35"
"15:28:28:15","A_0019C004_250528_152715_h1EI5","COOKE S4 753","753","40","T 2 3/10","5.187","1","-0.6","ARRI ALEXA 35"
"15:28:28:16","A_0019C004_250528_152715_h1EI5","COOKE S4 753","753","40","T 2 3/10","5.187","1","-0.6","ARRI ALEXA 35"
"15:28:28:17","A_0019C004_250528_152715_h1EI5","COOKE S4 753","753","40","T 2 3/10","5.187","1","-0.6","ARRI ALEXA 35"
"15:28:28:18","A_0019C004_250528_152715_h1EI5","COOKE S4 753","753","40","T 2 3/10","5.187","1","-0.6","ARRI ALEXA 35"
"15:28:28:19","A_0019C004_250528_152715_h1EI5","COOKE S4 753","753","40","T 2 3/10","5.187","1","-0.6","ARRI ALEXA 35"
"15:28:28:20","A_0019C004_250528_152715_h1EI5","COOKE S4 753","753","40","T 2 3/10","5.187","1","-0.6","ARRI ALEXA 35"
"15:28:28:21","A_0019C004_250528_152715_h1EI5","COOKE S4 753","753","40","T 2 3/10","5.187","1","-0.6","ARRI ALEXA 35"
"15:28:28:22","A_0019C004_250528_152715_h1EI5","COOKE S4 753","753","40","T 2 3/10","5.187","1","-0.6","ARRI ALEXA 35"
"15:28:28:23","A_0019C004_250528_152715_h1EI5","COOKE S4 753","753","40","T 2 3/10","5.187","1","-0.6","ARRI ALEXA 35"
"15:28:29:00","A_0019C004_250528_152715_h1EI5","COOKE S4 753","753","40","T 2 3/10","5.187","1","-0.6","ARRI ALEXA 35"
"15:28:29:01","A_0019C004_250528_152715_h1EI5","COOKE S4 753","753","40","T 2 3/10","5.187","1","-0.6","ARRI ALEXA 35"
"15:28:29:02","A_0019C004_250528_152715_h1EI5","COOKE S4 753","753","40","T 2 3/10","5.187","1","-0.6","ARRI ALEXA 35"
"15:28:29:03","A_0019C004_250528_152715_h1EI5","COOKE S4 753","753","40","T 2 3/10","5.187","1","-0.6","ARRI ALEXA 35"
"15:28:29:04","A_0019C004_250528_152715_h1EI5","COOKE S4 753","753","40","T 2 3/10","5.187","1","-0.6","ARRI ALEXA 35"
"15:28:29:05","A_0019C004_250528_152715_h1EI5","COOKE S4 753","753","40","T 2 3/10","5.187","1","-0.6","ARRI ALEXA 35"
"15:28:29:06","A_0019C004_250528_152715_h1EI5","COOKE S4 753","753","40","T 2 3/10","5.187","1","-0.6","ARRI ALEXA 35"
"15:28:29:07","A_0019C004_250528_152715_h1EI5","COOKE S4 753","753","40","T 2 3/10","5.187","1","-0.6","ARRI ALEXA 35"
"15:28:29:08","A_0019C004_250528_152715_h1EI5","COOKE S4 753","753","40","T 2 3/10","5.187","1","-0.6","ARRI ALEXA 35"
"15:28:29:09","A_0019C004_250528_152715_h1EI5","COOKE S4 753","753","40","T 2 3/10","5.187","1","-0.6","ARRI ALEXA 35"
"15:28:29:10","A_0019C004_250528_152715_h1EI5","COOKE S4 753","753","40","T 2 3/10","5.187","1","-0.6","ARRI ALEXA 35"
"15:28:29:11","A_0019C004_250528_152715_h1EI5","COOKE S4 753","753","40","T 2 3/10","5.187","1","-0.6","ARRI ALEXA 35"
"15:28:29:12","A_0019C004_250528_152715_h1EI5","COOKE S4 753","753","40","T 2 3/10","5.187","1","-0.6","ARRI ALEXA 35"
"15:28:29:13","A_0019C004_250528_152715_h1EI5","COOKE S4 753","753","40","T 2 3/10","5.187","1","-0.6","ARRI ALEXA 35"
"15:28:29:14","A_0019C004_250528_152715_h1EI5","COOKE S4 753","753","40","T 2 3/10","5.187","1","-0.6","ARRI ALEXA 35"
"15:28:29:15","A_0019C004_250528_152715_h1EI5","COOKE S4 753","753","40","T 2 3/10","5.187","1","-0.6","ARRI ALEXA 35"
"15:28:29:16","A_0019C004_250528_152715_h1EI5","COOKE S4 753","753","40","T 2 3/10","5.187","1","-0.6","ARRI ALEXA 35"
"15:28:29:17","A_0019C004_250528_152715_h1EI5","COOKE S4 753","753","40","T 2 3/10","5.187","1","-0.6","ARRI ALEXA 35"
"15:28:29:18","A_0019C004_250528_152715_h1EI5","COOKE S4 753","753","40","T 2 3/10","5.187","1","-0.6","ARRI ALEXA 35"
"15:28:29:19","A_0019C004_250528_152715_h1EI5","COOKE S4 753","753","40","T 2 3/10","5.187","1","-0.6","ARRI ALEXA 35"
"15:28:29:20","A_0019C004_250528_152715_h1EI5","COOKE S4 753","753","40","T 2 3/10","5.187","1","-0.6","ARRI ALEXA 35"
"15:28:29:21","A_0019C004_250528_152715_h1EI5","COOKE S4 753","753","40","T 2 3/10","5.187","1","-0.6","ARRI ALEXA 35"
"15:28:29:22","A_0019C004_250528_152715_h1EI5","COOKE S4 753","753","40","T 2 3/10","5.187","1","-0.6","ARRI ALEXA 35"
"15:28:29:23","A_0019C004_250528_152715_h1EI5","COOKE S4 753","753","40","T 2 3/10","5.187","1","-0.6","ARRI ALEXA 35"
"15:28:30:00","A_0019C004_250528_152715_h1EI5","COOKE S4 753","753","40","T 2 3/10","5.187","1","-0.6","ARRI ALEXA 35"
"15:28:30:01","A_0019C004_250528_152715_h1EI5","COOKE S4 753","753","40","T 2 3/10","5.187","1","-0.6","ARRI ALEXA 35"
"15:28:30:02","A_0019C004_250528_152715_h1EI5","COOKE S4 753","753","40","T 2 3/10","5.187","1","-0.6","ARRI ALEXA 35"
"15:28:30:03","A_0019C004_250528_152715_h1EI5","COOKE S4 753","753","40","T 2 3/10","5.187","1","-0.6","ARRI ALEXA 35"
"15:28:30:04","A_0019C004_250528_152715_h1EI5","COOKE S4 753","753","40","T 2 3/10","5.187","1","-0.6","ARRI ALEXA 35"
"15:28:30:05","A_0019C004_250528_152715_h1EI5","COOKE S4 753","753","40","T 2 3/10","5.187","1","-0.6","ARRI ALEXA 35"
"15:28:30:06","A_0019C004_250528_152715_h1EI5","COOKE S4 753","753","40","T 2 3/10","5.187","1","-0.6","ARRI ALEXA 35"
"15:28:30:07","A_0019C004_250528_152715_h1EI5","COOKE S4 753","753","40","T 2 3/10","5.187","1","-0.6","ARRI ALEXA 35"
"15:28:30:08","A_0019C004_250528_152715_h1EI5","COOKE S4 753","753","40","T 2 3/10","5.187","1","-0.6","ARRI ALEXA 35"
"15:28:30:09","A_0019C004_250528_152715_h1EI5","COOKE S4 753","753","40","T 2 3/10","5.187","1","-0.6","ARRI ALEXA 35"
"15:28:30:10","A_0019C004_250528_152715_h1EI5","COOKE S4 753","753","40","T 2 3/10","5.187","1","-0.6","ARRI ALEXA 35"
"15:28:30:11","A_0019C004_250528_152715_h1EI5","COOKE S4 753","753","40","T 2 3/10","5.187","1","-0.6","ARRI ALEXA 35"
"15:28:30:12","A_0019C004_250528_152715_h1EI5","COOKE S4 753","753","40","T 2 3/10","5.187","1","-0.6","ARRI ALEXA 35"
"15:28:30:13","A_0019C004_250528_152715_h1EI5","COOKE S4 753","753","40","T 2 3/10","5.187","1","-0.6","ARRI ALEXA 35"
"15:28:30:14","A_0019C004_250528_152715_h1EI5","COOKE S4 753","753","40","T 2 3/10","5.187","1","-0.6","ARRI ALEXA 35"
"15:28:30:15","A_0019C004_250528_152715_h1EI5","COOKE S4 753","753","40","T 2 3/10","5.187","1","-0.6","ARRI ALEXA 35"
"15:28:30:16","A_0019C004_250528_152715_h1EI5","COOKE S4 753","753","40","T 2 3/10","5.187","1","-0.6","ARRI ALEXA 35"
"15:28:30:17","A_0019C004_250528_152715_h1EI5","COOKE S4 753","753","40","T 2 3/10","5.187","1","-0.6","ARRI ALEXA 35"
"15:28:30:18","A_0019C004_250528_152715_h1EI5","COOKE S4 753","753","40","T 2 3/10","5.187","1","-0.6","ARRI ALEXA 35"
"15:28:30:19","A_0019C004_250528_152715_h1EI5","COOKE S4 753","753","40","T 2 3/10","5.187","1","-0.6","ARRI ALEXA 35"
"15:28:30:20","A_0019C004_250528_152715_h1EI5","COOKE S4 753","753","40","T 2 3/10","5.187","1","-0.6","ARRI ALEXA 35"
"15:28:30:21","A_0019C004_250528_152715_h1EI5","COOKE S4 753","753","40","T 2 3/10","5.187","1","-0.6","ARRI ALEXA 35"
"15:28:30:22","A_0019C004_250528_152715_h1EI5","COOKE S4 753","753","40","T 2 3/10","5.187","1","-0.6","ARRI ALEXA 35"
"15:28:30:23","A_0019C004_250528_152715_h1EI5","COOKE S4 753","753","40","T 2 3/10","5.187","1","-0.6","ARRI ALEXA 35"
"15:28:31:00","A_0019C004_250528_152715_h1EI5","COOKE S4 753","753","40","T 2 3/10","5.187","1","-0.6","ARRI ALEXA 35"
"15:28:31:01","A_0019C004_250528_152715_h1EI5","COOKE S4 753","753","40","T 2 3/10","5.187","1","-0.6","ARRI ALEXA 35"
"15:28:31:02","A_0019C004_250528_152715_h1EI5","COOKE S4 753","753","40","T 2 3/10","5.187","1","-0.6","ARRI ALEXA 35"
"15:28:31:03","A_0019C004_250528_152715_h1EI5","COOKE S4 753","753","40","T 2 3/10","5.164","1","-0.6","ARRI ALEXA 35"
"15:28:31:04","A_0019C004_250528_152715_h1EI5","COOKE S4 753","753","40","T 2 3/10","5.161","1","-0.6","ARRI ALEXA 35"
"15:28:31:05","A_0019C004_250528_152715_h1EI5","COOKE S4 753","753","40","T 2 3/10","5.148","1","-0.6","ARRI ALEXA 35"
"15:28:31:06","A_0019C004_250528_152715_h1EI5","COOKE S4 753","753","40","T 2 3/10","5.144","1","-0.6","ARRI ALEXA 35"
"15:28:31:07","A_0019C004_250528_152715_h1EI5","COOKE S4 753","753","40","T 2 3/10","5.135","1","-0.6","ARRI ALEXA 35"
"15:28:31:08","A_0019C004_250528_152715_h1EI5","COOKE S4 753","753","40","T 2 3/10","5.135","1","-0.6","ARRI ALEXA 35"
"15:28:31:09","A_0019C004_250528_152715_h1EI5","COOKE S4 753","753","40","T 2 3/10","5.135","1","-0.6","ARRI ALEXA 35"
"15:28:31:10","A_0019C004_250528_152715_h1EI5","COOKE S4 753","753","40","T 2 3/10","5.135","1","-0.6","ARRI ALEXA 35"
"15:28:31:11","A_0019C004_250528_152715_h1EI5","COOKE S4 753","753","40","T 2 3/10","5.135","1","-0.6","ARRI ALEXA 35"
"15:28:31:12","A_0019C004_250528_152715_h1EI5","COOKE S4 753","753","40","T 2 3/10","5.135","1","-0.6","ARRI ALEXA 35"
"15:28:31:13","A_0019C004_250528_152715_h1EI5","COOKE S4 753","753","40","T 2 3/10","5.135","1","-0.6","ARRI ALEXA 35"
"15:28:31:14","A_0019C004_250528_152715_h1EI5","COOKE S4 753","753","40","T 2 3/10","5.135","1","-0.6","ARRI ALEXA 35"
"15:28:31:15","A_0019C004_250528_152715_h1EI5","COOKE S4 753","753","40","T 2 3/10","5.135","1","-0.6","ARRI ALEXA 35"
"15:28:31:16","A_0019C004_250528_152715_h1EI5","COOKE S4 753","753","40","T 2 3/10","5.135","1","-0.6","ARRI ALEXA 35"
"15:28:31:17","A_0019C004_250528_152715_h1EI5","COOKE S4 753","753","40","T 2 3/10","5.131","1","-0.6","ARRI ALEXA 35"
"15:28:31:18","A_0019C004_250528_152715_h1EI5","COOKE S4 753","753","40","T 2 3/10","5.131","1","-0.6","ARRI ALEXA 35"
"15:28:31:19","A_0019C004_250528_152715_h1EI5","COOKE S4 753","753","40","T 2 3/10","5.131","1","-0.6","ARRI ALEXA 35"
"15:28:31:20","A_0019C004_250528_152715_h1EI5","COOKE S4 753","753","40","T 2 3/10","5.131","1","-0.6","ARRI ALEXA 35"
"15:28:31:21","A_0019C004_250528_152715_h1EI5","COOKE S4 753","753","40","T 2 3/10","5.131","1","-0.6","ARRI ALEXA 35"
"15:28:31:22","A_0019C004_250528_152715_h1EI5","COOKE S4 753","753","40","T 2 3/10","5.131","1","-0.6","ARRI ALEXA 35"
"15:28:31:23","A_0019C004_250528_152715_h1EI5","COOKE S4 753","753","40","T 2 3/10","5.131","1","-0.6","ARRI ALEXA 35"
"15:28:32:00","A_0019C004_250528_152715_h1EI5","COOKE S4 753","753","40","T 2 3/10","5.131","1","-0.6","ARRI ALEXA 35"
"15:28:32:01","A_0019C004_250528_152715_h1EI5","COOKE S4 753","753","40","T 2 3/10","5.131","1","-0.6","ARRI ALEXA 35"
"15:28:32:02","A_0019C004_250528_152715_h1EI5","COOKE S4 753","753","40","T 2 3/10","5.131","1","-0.6","ARRI ALEXA 35"
"15:28:32:03","A_0019C004_250528_152715_h1EI5","COOKE S4 753","753","40","T 2 3/10","5.131","1","-0.6","ARRI ALEXA 35"
"15:28:32:04","A_0019C004_250528_152715_h1EI5","COOKE S4 753","753","40","T 2 3/10","5.131","1","-0.6","ARRI ALEXA 35"
"15:28:32:05","A_0019C004_250528_152715_h1EI5","COOKE S4 753","753","40","T 2 3/10","5.131","1","-0.6","ARRI ALEXA 35"
"15:28:32:06","A_0019C004_250528_152715_h1EI5","COOKE S4 753","753","40","T 2 3/10","5.131","1","-0.6","ARRI ALEXA 35"
"15:28:32:07","A_0019C004_250528_152715_h1EI5","COOKE S4 753","753","40","T 2 3/10","5.131","1","-0.6","ARRI ALEXA 35"
"15:28:32:08","A_0019C004_250528_152715_h1EI5","COOKE S4 753","753","40","T 2 3/10","5.131","1","-0.6","ARRI ALEXA 35"
"15:28:32:09","A_0019C004_250528_152715_h1EI5","COOKE S4 753","753","40","T 2 3/10","5.131","1","-0.6","ARRI ALEXA 35"
"15:28:32:10","A_0019C004_250528_152715_h1EI5","COOKE S4 753","753","40","T 2 3/10","5.131","1","-0.6","ARRI ALEXA 35"
"15:28:32:11","A_0019C004_250528_152715_h1EI5","COOKE S4 753","753","40","T 2 3/10","5.131","1","-0.6","ARRI ALEXA 35"
"15:28:32:12","A_0019C004_250528_152715_h1EI5","COOKE S4 753","753","40","T 2 3/10","5.131","1","-0.6","ARRI ALEXA 35"
"15:28:32:13","A_0019C004_250528_152715_h1EI5","COOKE S4 753","753","40","T 2 3/10","5.131","1","-0.6","ARRI ALEXA 35"
"15:28:32:14","A_0019C004_250528_152715_h1EI5","COOKE S4 753","753","40","T 2 3/10","5.131","1","-0.6","ARRI ALEXA 35"
"15:28:32:15","A_0019C004_250528_152715_h1EI5","COOKE S4 753","753","40","T 2 3/10","5.131","1","-0.6","ARRI ALEXA 35"
"15:28:32:16","A_0019C004_250528_152715_h1EI5","COOKE S4 753","753","40","T 2 3/10","5.131","1","-0.6","ARRI ALEXA 35"
"15:28:32:17","A_0019C004_250528_152715_h1EI5","COOKE S4 753","753","40","T 2 3/10","5.131","1","-0.6","ARRI ALEXA 35"
"15:28:32:18","A_0019C004_250528_152715_h1EI5","COOKE S4 753","753","40","T 2 3/10","5.131","1","-0.6","ARRI ALEXA 35"
"15:28:32:19","A_0019C004_250528_152715_h1EI5","COOKE S4 753","753","40","T 2 3/10","5.131","1","-0.6","ARRI ALEXA 35"
"15:28:32:20","A_0019C004_250528_152715_h1EI5","COOKE S4 753","753","40","T 2 3/10","5.131","1","-0.6","ARRI ALEXA 35"
"15:28:32:21","A_0019C004_250528_152715_h1EI5","COOKE S4 753","753","40","T 2 3/10","5.131","1","-0.6","ARRI ALEXA 35"
"15:28:32:22","A_0019C004_250528_152715_h1EI5","COOKE S4 753","753","40","T 2 3/10","5.131","1","-0.6","ARRI ALEXA 35"
"15:28:32:23","A_0019C004_250528_152715_h1EI5","COOKE S4 753","753","40","T 2 3/10","5.131","1","-0.6","ARRI ALEXA 35"
"15:28:33:00","A_0019C004_250528_152715_h1EI5","COOKE S4 753","753","40","T 2 3/10","5.131","1","-0.6","ARRI ALEXA 35"
"15:28:33:01","A_0019C004_250528_152715_h1EI5","COOKE S4 753","753","40","T 2 3/10","5.131","1","-0.6","ARRI ALEXA 35"
"15:28:33:02","A_0019C004_250528_152715_h1EI5","COOKE S4 753","753","40","T 2 3/10","5.131","1","-0.6","ARRI ALEXA 35"
"15:28:33:03","A_0019C004_250528_152715_h1EI5","COOKE S4 753","753","40","T 2 3/10","5.131","1","-0.6","ARRI ALEXA 35"
"15:28:33:04","A_0019C004_250528_152715_h1EI5","COOKE S4 753","753","40","T 2 3/10","5.131","1","-0.6","ARRI ALEXA 35"
"15:28:33:05","A_0019C004_250528_152715_h1EI5","COOKE S4 753","753","40","T 2 3/10","5.131","1","-0.6","ARRI ALEXA 35"
"15:28:33:06","A_0019C004_250528_152715_h1EI5","COOKE S4 753","753","40","T 2 3/10","5.131","1","-0.6","ARRI ALEXA 35"
"15:28:33:07","A_0019C004_250528_152715_h1EI5","COOKE S4 753","753","40","T 2 3/10","5.131","1","-0.6","ARRI ALEXA 35"
"15:28:33:08","A_0019C004_250528_152715_h1EI5","COOKE S4 753","753","40","T 2 3/10","5.131","1","-0.6","ARRI ALEXA 35"
"15:28:33:09","A_0019C004_250528_152715_h1EI5","COOKE S4 753","753","40","T 2 3/10","5.131","1","-0.6","ARRI ALEXA 35"
"15:28:33:10","A_0019C004_250528_152715_h1EI5","COOKE S4 753","753","40","T 2 3/10","5.131","1","-0.6","ARRI ALEXA 35"
"15:28:33:11","A_0019C004_250528_152715_h1EI5","COOKE S4 753","753","40","T 2 3/10","5.131","1","-0.6","ARRI ALEXA 35"
"15:28:33:12","A_0019C004_250528_152715_h1EI5","COOKE S4 753","753","40","T 2 3/10","5.131","1","-0.6","ARRI ALEXA 35"
"15:28:33:13","A_0019C004_250528_152715_h1EI5","COOKE S4 753","753","40","T 2 3/10","5.131","1","-0.6","ARRI ALEXA 35"
"15:28:33:14","A_0019C004_250528_152715_h1EI5","COOKE S4 753","753","40","T 2 3/10","5.131","1","-0.6","ARRI ALEXA 35"
"15:28:33:15","A_0019C004_250528_152715_h1EI5","COOKE S4 753","753","40","T 2 3/10","5.131","1","-0.6","ARRI ALEXA 35"
"15:28:33:16","A_0019C004_250528_152715_h1EI5","COOKE S4 753","753","40","T 2 3/10","5.131","1","-0.6","ARRI ALEXA 35"
"15:28:33:17","A_0019C004_250528_152715_h1EI5","COOKE S4 753","753","40","T 2 3/10","5.131","1","-0.6","ARRI ALEXA 35"
"15:28:33:18","A_0019C004_250528_152715_h1EI5","COOKE S4 753","753","40","T 2 3/10","5.131","1","-0.6","ARRI ALEXA 35"
"15:28:33:19","A_0019C004_250528_152715_h1EI5","COOKE S4 753","753","40","T 2 3/10","5.131","1","-0.6","ARRI ALEXA 35"
"15:28:33:20","A_0019C004_250528_152715_h1EI5","COOKE S4 753","753","40","T 2 3/10","5.131","1","-0.6","ARRI ALEXA 35"
"15:28:33:21","A_0019C004_250528_152715_h1EI5","COOKE S4 753","753","40","T 2 3/10","5.131","1","-0.6","ARRI ALEXA 35"
"15:28:33:22","A_0019C004_250528_152715_h1EI5","COOKE S4 753","753","40","T 2 3/10","5.131","1","-0.6","ARRI ALEXA 35"
"15:28:33:23","A_0019C004_250528_152715_h1EI5","COOKE S4 753","753","40","T 2 3/10","5.131","1","-0.6","ARRI ALEXA 35"
"15:28:34:00","A_0019C004_250528_152715_h1EI5","COOKE S4 753","753","40","T 2 3/10","5.131","1","-0.6","ARRI ALEXA 35"
"15:28:34:01","A_0019C004_250528_152715_h1EI5","COOKE S4 753","753","40","T 2 3/10","5.131","1","-0.6","ARRI ALEXA 35"
"15:28:34:02","A_0019C004_250528_152715_h1EI5","COOKE S4 753","753","40","T 2 3/10","5.131","1","-0.6","ARRI ALEXA 35"
"15:28:34:03","A_0019C004_250528_152715_h1EI5","COOKE S4 753","753","40","T 2 3/10","5.131","1","-0.6","ARRI ALEXA 35"
"15:28:34:04","A_0019C004_250528_152715_h1EI5","COOKE S4 753","753","40","T 2 3/10","5.131","1","-0.6","ARRI ALEXA 35"
"15:28:34:05","A_0019C004_250528_152715_h1EI5","COOKE S4 753","753","40","T 2 3/10","5.131","1","-0.6","ARRI ALEXA 35"
"15:28:34:06","A_0019C004_250528_152715_h1EI5","COOKE S4 753","753","40","T 2 3/10","5.131","1","-0.6","ARRI ALEXA 35"
"15:28:34:07","A_0019C004_250528_152715_h1EI5","COOKE S4 753","753","40","T 2 3/10","5.131","1","-0.6","ARRI ALEXA 35"
"15:28:34:08","A_0019C004_250528_152715_h1EI5","COOKE S4 753","753","40","T 2 3/10","5.131","1","-0.6","ARRI ALEXA 35"
"15:28:34:09","A_0019C004_250528_152715_h1EI5","COOKE S4 753","753","40","T 2 3/10","5.131","1","-0.6","ARRI ALEXA 35"
"15:28:34:10","A_0019C004_250528_152715_h1EI5","COOKE S4 753","753","40","T 2 3/10","5.131","1","-0.6","ARRI ALEXA 35"
"15:28:34:11","A_0019C004_250528_152715_h1EI5","COOKE S4 753","753","40","T 2 3/10","5.131","1","-0.6","ARRI ALEXA 35"
"15:28:34:12","A_0019C004_250528_152715_h1EI5","COOKE S4 753","753","40","T 2 3/10","5.131","1","-0.6","ARRI ALEXA 35"
"15:28:34:13","A_0019C004_250528_152715_h1EI5","COOKE S4 753","753","40","T 2 3/10","5.131","1","-0.6","ARRI ALEXA 35"
"15:28:34:14","A_0019C004_250528_152715_h1EI5","COOKE S4 753","753","40","T 2 3/10","5.131","1","-0.6","ARRI ALEXA 35"
"15:28:34:15","A_0019C004_250528_152715_h1EI5","COOKE S4 753","753","40","T 2 3/10","5.131","1","-0.6","ARRI ALEXA 35"
"15:28:34:16","A_0019C004_250528_152715_h1EI5","COOKE S4 753","753","40","T 2 3/10","5.131","1","-0.6","ARRI ALEXA 35"
"15:28:34:17","A_0019C004_250528_152715_h1EI5","COOKE S4 753","753","40","T 2 3/10","5.131","1","-0.6","ARRI ALEXA 35"
"15:28:34:18","A_0019C004_250528_152715_h1EI5","COOKE S4 753","753","40","T 2 3/10","5.131","1","-0.6","ARRI ALEXA 35"
"15:28:34:19","A_0019C004_250528_152715_h1EI5","COOKE S4 753","753","40","T 2 3/10","5.131","1","-0.6","ARRI ALEXA 35"
"15:28:34:20","A_0019C004_250528_152715_h1EI5","COOKE S4 753","753","40","T 2 3/10","5.131","1","-0.6","ARRI ALEXA 35"
"15:28:34:21","A_0019C004_250528_152715_h1EI5","COOKE S4 753","753","40","T 2 3/10","5.131","1","-0.6","ARRI ALEXA 35"
"15:28:34:22","A_0019C004_250528_152715_h1EI5","COOKE S4 753","753","40","T 2 3/10","5.131","1","-0.6","ARRI ALEXA 35"
"15:28:34:23","A_0019C004_250528_152715_h1EI5","COOKE S4 753","753","40","T 2 3/10","5.131","1","-0.6","ARRI ALEXA 35"
"15:28:35:00","A_0019C004_250528_152715_h1EI5","COOKE S4 753","753","40","T 2 3/10","5.131","1","-0.6","ARRI ALEXA 35"
"15:28:35:01","A_0019C004_250528_152715_h1EI5","COOKE S4 753","753","40","T 2 3/10","5.131","1","-0.6","ARRI ALEXA 35"
"15:28:35:02","A_0019C004_250528_152715_h1EI5","COOKE S4 753","753","40","T 2 3/10","5.131","1","-0.6","ARRI ALEXA 35"
"15:28:35:03","A_0019C004_250528_152715_h1EI5","COOKE S4 753","753","40","T 2 3/10","5.131","1","-0.6","ARRI ALEXA 35"
"15:28:35:04","A_0019C004_250528_152715_h1EI5","COOKE S4 753","753","40","T 2 3/10","5.131","1","-0.6","ARRI ALEXA 35"
"15:28:35:05","A_0019C004_250528_152715_h1EI5","COOKE S4 753","753","40","T 2 3/10","5.131","1","-0.6","ARRI ALEXA 35"
"15:28:35:06","A_0019C004_250528_152715_h1EI5","COOKE S4 753","753","40","T 2 3/10","5.131","1","-0.6","ARRI ALEXA 35"
"15:28:35:07","A_0019C004_250528_152715_h1EI5","COOKE S4 753","753","40","T 2 3/10","5.131","1","-0.6","ARRI ALEXA 35"
"15:28:35:08","A_0019C004_250528_152715_h1EI5","COOKE S4 753","753","40","T 2 3/10","5.131","1","-0.6","ARRI ALEXA 35"
"15:28:35:09","A_0019C004_250528_152715_h1EI5","COOKE S4 753","753","40","T 2 3/10","5.131","1","-0.6","ARRI ALEXA 35"
"15:28:35:10","A_0019C004_250528_152715_h1EI5","COOKE S4 753","753","40","T 2 3/10","5.131","1","-0.6","ARRI ALEXA 35"
"15:28:35:11","A_0019C004_250528_152715_h1EI5","COOKE S4 753","753","40","T 2 3/10","5.131","1","-0.6","ARRI ALEXA 35"
"15:28:35:12","A_0019C004_250528_152715_h1EI5","COOKE S4 753","753","40","T 2 3/10","5.131","1","-0.6","ARRI ALEXA 35"
"15:28:35:13","A_0019C004_250528_152715_h1EI5","COOKE S4 753","753","40","T 2 3/10","5.131","1","-0.6","ARRI ALEXA 35"
"15:28:35:14","A_0019C004_250528_152715_h1EI5","COOKE S4 753","753","40","T 2 3/10","5.131","1","-0.6","ARRI ALEXA 35"
"15:28:35:15","A_0019C004_250528_152715_h1EI5","COOKE S4 753","753","40","T 2 3/10","5.131","1","-0.6","ARRI ALEXA 35"
"15:28:35:16","A_0019C004_250528_152715_h1EI5","COOKE S4 753","753","40","T 2 3/10","5.131","1","-0.6","ARRI ALEXA 35"
"15:28:35:17","A_0019C004_250528_152715_h1EI5","COOKE S4 753","753","40","T 2 3/10","5.131","1","-0.6","ARRI ALEXA 35"
"15:28:35:18","A_0019C004_250528_152715_h1EI5","COOKE S4 753","753","40","T 2 3/10","5.131","1","-0.6","ARRI ALEXA 35"
"15:28:35:19","A_0019C004_250528_152715_h1EI5","COOKE S4 753","753","40","T 2 3/10","5.131","1","-0.6","ARRI ALEXA 35"
"15:28:35:20","A_0019C004_250528_152715_h1EI5","COOKE S4 753","753","40","T 2 3/10","5.131","1","-0.6","ARRI ALEXA 35"
"15:28:35:21","A_0019C004_250528_152715_h1EI5","COOKE S4 753","753","40","T 2 3/10","5.131","1","-0.6","ARRI ALEXA 35"
"15:28:35:22","A_0019C004_250528_152715_h1EI5","COOKE S4 753","753","40","T 2 3/10","5.131","1","-0.6","ARRI ALEXA 35"
"15:28:35:23","A_0019C004_250528_152715_h1EI5","COOKE S4 753","753","40","T 2 3/10","5.131","1","-0.6","ARRI ALEXA 35"
"15:28:36:00","A_0019C004_250528_152715_h1EI5","COOKE S4 753","753","40","T 2 3/10","5.131","1","-0.6","ARRI ALEXA 35"
"15:28:36:01","A_0019C004_250528_152715_h1EI5","COOKE S4 753","753","40","T 2 3/10","5.131","1","-0.6","ARRI ALEXA 35"
"15:28:36:02","A_0019C004_250528_152715_h1EI5","COOKE S4 753","753","40","T 2 3/10","5.131","1","-0.6","ARRI ALEXA 35"
"15:28:36:03","A_0019C004_250528_152715_h1EI5","COOKE S4 753","753","40","T 2 3/10","5.131","1","-0.6","ARRI ALEXA 35"
"15:28:36:04","A_0019C004_250528_152715_h1EI5","COOKE S4 753","753","40","T 2 3/10","5.131","1","-0.6","ARRI ALEXA 35"
"15:28:36:05","A_0019C004_250528_152715_h1EI5","COOKE S4 753","753","40","T 2 3/10","5.131","1","-0.6","ARRI ALEXA 35"
"15:28:36:06","A_0019C004_250528_152715_h1EI5","COOKE S4 753","753","40","T 2 3/10","5.131","1","-0.6","ARRI ALEXA 35"
"15:28:36:07","A_0019C004_250528_152715_h1EI5","COOKE S4 753","753","40","T 2 3/10","5.131","1","-0.6","ARRI ALEXA 35"
"15:28:36:08","A_0019C004_250528_152715_h1EI5","COOKE S4 753","753","40","T 2 3/10","5.131","1","-0.6","ARRI ALEXA 35"
"15:28:36:09","A_0019C004_250528_152715_h1EI5","COOKE S4 753","753","40","T 2 3/10","5.131","1","-0.6","ARRI ALEXA 35"
"15:28:36:10","A_0019C004_250528_152715_h1EI5","COOKE S4 753","753","40","T 2 3/10","5.131","1","-0.6","ARRI ALEXA 35"
"15:28:36:11","A_0019C004_250528_152715_h1EI5","COOKE S4 753","753","40","T 2 3/10","5.131","1","-0.6","ARRI ALEXA 35"
"15:28:36:12","A_0019C004_250528_152715_h1EI5","COOKE S4 753","753","40","T 2 3/10","5.131","1","-0.6","ARRI ALEXA 35"
"15:28:36:13","A_0019C004_250528_152715_h1EI5","COOKE S4 753","753","40","T 2 3/10","5.131","1","-0.6","ARRI ALEXA 35"
"15:28:36:14","A_0019C004_250528_152715_h1EI5","COOKE S4 753","753","40","T 2 3/10","5.131","1","-0.6","ARRI ALEXA 35"
"15:28:36:15","A_0019C004_250528_152715_h1EI5","COOKE S4 753","753","40","T 2 3/10","5.131","1","-0.6","ARRI ALEXA 35"
"15:28:36:16","A_0019C004_250528_152715_h1EI5","COOKE S4 753","753","40","T 2 3/10","5.131","1","-0.6","ARRI ALEXA 35"
"15:28:36:17","A_0019C004_250528_152715_h1EI5","COOKE S4 753","753","40","T 2 3/10","5.131","1","-0.6","ARRI ALEXA 35"
"15:28:36:18","A_0019C004_250528_152715_h1EI5","COOKE S4 753","753","40","T 2 3/10","5.131","1","-0.6","ARRI ALEXA 35"
"15:28:36:19","A_0019C004_250528_152715_h1EI5","COOKE S4 753","753","40","T 2 3/10","5.131","1","-0.6","ARRI ALEXA 35"
"15:28:36:20","A_0019C004_250528_152715_h1EI5","COOKE S4 753","753","40","T 2 3/10","5.131","1","-0.6","ARRI ALEXA 35"
"15:28:36:21","A_0019C004_250528_152715_h1EI5","COOKE S4 753","753","40","T 2 3/10","5.131","1","-0.6","ARRI ALEXA 35"
"15:28:36:22","A_0019C004_250528_152715_h1EI5","COOKE S4 753","753","40","T 2 3/10","5.131","1","-0.6","ARRI ALEXA 35"
"15:28:36:23","A_0019C004_250528_152715_h1EI5","COOKE S4 753","753","40","T 2 3/10","5.131","1","-0.6","ARRI ALEXA 35"
"15:28:37:00","A_0019C004_250528_152715_h1EI5","COOKE S4 753","753","40","T 2 3/10","5.131","1","-0.6","ARRI ALEXA 35"
"15:28:37:01","A_0019C004_250528_152715_h1EI5","COOKE S4 753","753","40","T 2 3/10","5.131","1","-0.6","ARRI ALEXA 35"
"15:28:37:02","A_0019C004_250528_152715_h1EI5","COOKE S4 753","753","40","T 2 3/10","5.131","1","-0.6","ARRI ALEXA 35"
"15:28:37:03","A_0019C004_250528_152715_h1EI5","COOKE S4 753","753","40","T 2 3/10","5.131","1","-0.6","ARRI ALEXA 35"
"15:28:37:04","A_0019C004_250528_152715_h1EI5","COOKE S4 753","753","40","T 2 3/10","5.131","1","-0.6","ARRI ALEXA 35"
"15:28:37:05","A_0019C004_250528_152715_h1EI5","COOKE S4 753","753","40","T 2 3/10","5.131","1","-0.6","ARRI ALEXA 35"
"15:28:37:06","A_0019C004_250528_152715_h1EI5","COOKE S4 753","753","40","T 2 3/10","5.131","1","-0.6","ARRI ALEXA 35"
"15:28:37:07","A_0019C004_250528_152715_h1EI5","COOKE S4 753","753","40","T 2 3/10","5.131","1","-0.6","ARRI ALEXA 35"
"15:28:37:08","A_0019C004_250528_152715_h1EI5","COOKE S4 753","753","40","T 2 3/10","5.131","1","-0.6","ARRI ALEXA 35"
"15:28:37:09","A_0019C004_250528_152715_h1EI5","COOKE S4 753","753","40","T 2 3/10","5.131","1","-0.6","ARRI ALEXA 35"
"15:28:37:10","A_0019C004_250528_152715_h1EI5","COOKE S4 753","753","40","T 2 3/10","5.131","1","-0.6","ARRI ALEXA 35"
"15:28:37:11","A_0019C004_250528_152715_h1EI5","COOKE S4 753","753","40","T 2 3/10","5.131","1","-0.6","ARRI ALEXA 35"
"15:28:37:12","A_0019C004_250528_152715_h1EI5","COOKE S4 753","753","40","T 2 3/10","5.131","1","-0.6","ARRI ALEXA 35"
"15:28:37:13","A_0019C004_250528_152715_h1EI5","COOKE S4 753","753","40","T 2 3/10","5.131","1","-0.6","ARRI ALEXA 35"
"15:28:37:14","A_0019C004_250528_152715_h1EI5","COOKE S4 753","753","40","T 2 3/10","5.131","1","-0.6","ARRI ALEXA 35"
"15:28:37:15","A_0019C004_250528_152715_h1EI5","COOKE S4 753","753","40","T 2 3/10","5.131","1","-0.6","ARRI ALEXA 35"
"15:28:37:16","A_0019C004_250528_152715_h1EI5","COOKE S4 753","753","40","T 2 3/10","5.131","1","-0.6","ARRI ALEXA 35"
"15:28:37:17","A_0019C004_250528_152715_h1EI5","COOKE S4 753","753","40","T 2 3/10","5.131","1","-0.6","ARRI ALEXA 35"
"15:28:37:18","A_0019C004_250528_152715_h1EI5","COOKE S4 753","753","40","T 2 3/10","5.131","1","-0.6","ARRI ALEXA 35"
"15:28:37:19","A_0019C004_250528_152715_h1EI5","COOKE S4 753","753","40","T 2 3/10","5.131","1","-0.6","ARRI ALEXA 35"
"15:28:37:20","A_0019C004_250528_152715_h1EI5","COOKE S4 753","753","40","T 2 3/10","5.131","1","-0.6","ARRI ALEXA 35"
"15:28:37:21","A_0019C004_250528_152715_h1EI5","COOKE S4 753","753","40","T 2 3/10","5.131","1","-0.6","ARRI ALEXA 35"
"15:28:37:22","A_0019C004_250528_152715_h1EI5","COOKE S4 753","753","40","T 2 3/10","5.131","1","-0.6","ARRI ALEXA 35"
"15:28:37:23","A_0019C004_250528_152715_h1EI5","COOKE S4 753","753","40","T 2 3/10","5.131","1","-0.6","ARRI ALEXA 35"
"15:28:38:00","A_0019C004_250528_152715_h1EI5","COOKE S4 753","753","40","T 2 3/10","5.131","1","-0.6","ARRI ALEXA 35"
"15:28:38:01","A_0019C004_250528_152715_h1EI5","COOKE S4 753","753","40","T 2 3/10","5.131","1","-0.6","ARRI ALEXA 35"
"15:28:38:02","A_0019C004_250528_152715_h1EI5","COOKE S4 753","753","40","T 2 3/10","5.131","1","-0.6","ARRI ALEXA 35"
"15:28:38:03","A_0019C004_250528_152715_h1EI5","COOKE S4 753","753","40","T 2 3/10","5.131","1","-0.6","ARRI ALEXA 35"
"15:28:38:04","A_0019C004_250528_152715_h1EI5","COOKE S4 753","753","40","T 2 3/10","5.131","1","-0.6","ARRI ALEXA 35"
"15:28:38:05","A_0019C004_250528_152715_h1EI5","COOKE S4 753","753","40","T 2 3/10","5.131","1","-0.6","ARRI ALEXA 35"
"15:28:38:06","A_0019C004_250528_152715_h1EI5","COOKE S4 753","753","40","T 2 3/10","5.131","1","-0.6","ARRI ALEXA 35"
"15:28:38:07","A_0019C004_250528_152715_h1EI5","COOKE S4 753","753","40","T 2 3/10","5.131","1","-0.6","ARRI ALEXA 35"
"15:28:38:08","A_0019C004_250528_152715_h1EI5","COOKE S4 753","753","40","T 2 3/10","5.131","1","-0.6","ARRI ALEXA 35"
"15:28:38:09","A_0019C004_250528_152715_h1EI5","COOKE S4 753","753","40","T 2 3/10","5.131","1","-0.6","ARRI ALEXA 35"
"15:28:38:10","A_0019C004_250528_152715_h1EI5","COOKE S4 753","753","40","T 2 3/10","5.131","1","-0.6","ARRI ALEXA 35"
"15:28:38:11","A_0019C004_250528_152715_h1EI5","COOKE S4 753","753","40","T 2 3/10","5.131","1","-0.6","ARRI ALEXA 35"
"15:28:38:12","A_0019C004_250528_152715_h1EI5","COOKE S4 753","753","40","T 2 3/10","5.131","1","-0.6","ARRI ALEXA 35"
"15:28:38:13","A_0019C004_250528_152715_h1EI5","COOKE S4 753","753","40","T 2 3/10","5.131","1","-0.6","ARRI ALEXA 35"
"15:28:38:14","A_0019C004_250528_152715_h1EI5","COOKE S4 753","753","40","T 2 3/10","5.131","1","-0.6","ARRI ALEXA 35"
"15:28:38:15","A_0019C004_250528_152715_h1EI5","COOKE S4 753","753","40","T 2 3/10","5.131","1","-0.6","ARRI ALEXA 35"
"15:28:38:16","A_0019C004_250528_152715_h1EI5","COOKE S4 753","753","40","T 2 3/10","5.131","1","-0.6","ARRI ALEXA 35"
"15:28:38:17","A_0019C004_250528_152715_h1EI5","COOKE S4 753","753","40","T 2 3/10","5.131","1","-0.6","ARRI ALEXA 35"
"15:28:38:18","A_0019C004_250528_152715_h1EI5","COOKE S4 753","753","40","T 2 3/10","5.131","1","-0.6","ARRI ALEXA 35"
"15:28:38:19","A_0019C004_250528_152715_h1EI5","COOKE S4 753","753","40","T 2 3/10","5.131","1","-0.6","ARRI ALEXA 35"
"15:28:38:20","A_0019C004_250528_152715_h1EI5","COOKE S4 753","753","40","T 2 3/10","5.131","1","-0.6","ARRI ALEXA 35"
"15:28:38:21","A_0019C004_250528_152715_h1EI5","COOKE S4 753","753","40","T 2 3/10","5.131","1","-0.6","ARRI ALEXA 35"
"15:28:38:22","A_0019C004_250528_152715_h1EI5","COOKE S4 753","753","40","T 2 3/10","5.131","1","-0.6","ARRI ALEXA 35"
"15:28:38:23","A_0019C004_250528_152715_h1EI5","COOKE S4 753","753","40","T 2 3/10","5.131","1","-0.6","ARRI ALEXA 35"
"15:28:39:00","A_0019C004_250528_152715_h1EI5","COOKE S4 753","753","40","T 2 3/10","5.131","1","-0.6","ARRI ALEXA 35"
"15:28:39:01","A_0019C004_250528_152715_h1EI5","COOKE S4 753","753","40","T 2 3/10","5.131","1","-0.6","ARRI ALEXA 35"
"15:28:39:02","A_0019C004_250528_152715_h1EI5","COOKE S4 753","753","40","T 2 3/10","5.131","1","-0.6","ARRI ALEXA 35"
"15:28:39:03","A_0019C004_250528_152715_h1EI5","COOKE S4 753","753","40","T 2 3/10","5.131","1","-0.6","ARRI ALEXA 35"
"15:28:39:04","A_0019C004_250528_152715_h1EI5","COOKE S4 753","753","40","T 2 3/10","5.131","1","-0.6","ARRI ALEXA 35"
"15:28:39:05","A_0019C004_250528_152715_h1EI5","COOKE S4 753","753","40","T 2 3/10","5.131","1","-0.6","ARRI ALEXA 35"
"15:28:39:06","A_0019C004_250528_152715_h1EI5","COOKE S4 753","753","40","T 2 3/10","5.131","1","-0.6","ARRI ALEXA 35"
"15:28:39:07","A_0019C004_250528_152715_h1EI5","COOKE S4 753","753","40","T 2 3/10","5.131","1","-0.6","ARRI ALEXA 35"
"15:28:39:08","A_0019C004_250528_152715_h1EI5","COOKE S4 753","753","40","T 2 3/10","5.131","1","-0.6","ARRI ALEXA 35"
"15:28:39:09","A_0019C004_250528_152715_h1EI5","COOKE S4 753","753","40","T 2 3/10","5.131","1","-0.6","ARRI ALEXA 35"
"15:28:39:10","A_0019C004_250528_152715_h1EI5","COOKE S4 753","753","40","T 2 3/10","5.131","1","-0.6","ARRI ALEXA 35"
"15:28:39:11","A_0019C004_250528_152715_h1EI5","COOKE S4 753","753","40","T 2 3/10","5.131","1","-0.6","ARRI ALEXA 35"
"15:28:39:12","A_0019C004_250528_152715_h1EI5","COOKE S4 753","753","40","T 2 3/10","5.131","1","-0.6","ARRI ALEXA 35"
"15:28:39:13","A_0019C004_250528_152715_h1EI5","COOKE S4 753","753","40","T 2 3/10","5.131","1","-0.6","ARRI ALEXA 35"
"15:28:39:14","A_0019C004_250528_152715_h1EI5","COOKE S4 753","753","40","T 2 3/10","5.131","1","-0.6","ARRI ALEXA 35"
"15:28:39:15","A_0019C004_250528_152715_h1EI5","COOKE S4 753","753","40","T 2 3/10","5.131","1","-0.6","ARRI ALEXA 35"
"15:28:39:16","A_0019C004_250528_152715_h1EI5","COOKE S4 753","753","40","T 2 3/10","5.131","1","-0.6","ARRI ALEXA 35"
"15:28:39:17","A_0019C004_250528_152715_h1EI5","COOKE S4 753","753","40","T 2 3/10","5.131","1","-0.6","ARRI ALEXA 35"
"15:28:39:18","A_0019C004_250528_152715_h1EI5","COOKE S4 753","753","40","T 2 3/10","5.131","1","-0.6","ARRI ALEXA 35"
"15:28:39:19","A_0019C004_250528_152715_h1EI5","COOKE S4 753","753","40","T 2 3/10","5.131","1","-0.6","ARRI ALEXA 35"
"15:28:39:20","A_0019C004_250528_152715_h1EI5","COOKE S4 753","753","40","T 2 3/10","5.131","1","-0.6","ARRI ALEXA 35"
"15:28:39:21","A_0019C004_250528_152715_h1EI5","COOKE S4 753","753","40","T 2 3/10","5.131","1","-0.6","ARRI ALEXA 35"
"15:28:39:22","A_0019C004_250528_152715_h1EI5","COOKE S4 753","753","40","T 2 3/10","5.131","1","-0.6","ARRI ALEXA 35"
"15:28:39:23","A_0019C004_250528_152715_h1EI5","COOKE S4 753","753","40","T 2 3/10","5.131","1","-0.6","ARRI ALEXA 35"
"15:28:40:00","A_0019C004_250528_152715_h1EI5","COOKE S4 753","753","40","T 2 3/10","5.131","1","-0.6","ARRI ALEXA 35"
"15:28:40:01","A_0019C004_250528_152715_h1EI5","COOKE S4 753","753","40","T 2 3/10","5.131","1","-0.6","ARRI ALEXA 35"
"15:28:40:02","A_0019C004_250528_152715_h1EI5","COOKE S4 753","753","40","T 2 3/10","5.131","1","-0.6","ARRI ALEXA 35"
"15:28:40:03","A_0019C004_250528_152715_h1EI5","COOKE S4 753","753","40","T 2 3/10","5.131","1","-0.6","ARRI ALEXA 35"
"15:28:40:04","A_0019C004_250528_152715_h1EI5","COOKE S4 753","753","40","T 2 3/10","5.131","1","-0.6","ARRI ALEXA 35"
"15:28:40:05","A_0019C004_250528_152715_h1EI5","COOKE S4 753","753","40","T 2 3/10","5.131","1","-0.6","ARRI ALEXA 35"
"15:28:40:06","A_0019C004_250528_152715_h1EI5","COOKE S4 753","753","40","T 2 3/10","5.131","1","-0.6","ARRI ALEXA 35"
"15:28:40:07","A_0019C004_250528_152715_h1EI5","COOKE S4 753","753","40","T 2 3/10","5.131","1","-0.6","ARRI ALEXA 35"
"15:28:40:08","A_0019C004_250528_152715_h1EI5","COOKE S4 753","753","40","T 2 3/10","5.131","1","-0.6","ARRI ALEXA 35"
"15:28:40:09","A_0019C004_250528_152715_h1EI5","COOKE S4 753","753","40","T 2 3/10","5.131","1","-0.6","ARRI ALEXA 35"
"15:28:40:10","A_0019C004_250528_152715_h1EI5","COOKE S4 753","753","40","T 2 3/10","5.131","1","-0.6","ARRI ALEXA 35"
"15:28:40:11","A_0019C004_250528_152715_h1EI5","COOKE S4 753","753","40","T 2 3/10","5.131","1","-0.6","ARRI ALEXA 35"
"15:28:40:12","A_0019C004_250528_152715_h1EI5","COOKE S4 753","753","40","T 2 3/10","5.131","1","-0.6","ARRI ALEXA 35"
"15:28:40:13","A_0019C004_250528_152715_h1EI5","COOKE S4 753","753","40","T 2 3/10","5.131","1","-0.6","ARRI ALEXA 35"
"15:28:40:14","A_0019C004_250528_152715_h1EI5","COOKE S4 753","753","40","T 2 3/10","5.131","1","-0.6","ARRI ALEXA 35"
"15:28:40:15","A_0019C004_250528_152715_h1EI5","COOKE S4 753","753","40","T 2 3/10","5.131","1","-0.6","ARRI ALEXA 35"
"15:28:40:16","A_0019C004_250528_152715_h1EI5","COOKE S4 753","753","40","T 2 3/10","5.131","1","-0.6","ARRI ALEXA 35"
"15:28:40:17","A_0019C004_250528_152715_h1EI5","COOKE S4 753","753","40","T 2 3/10","5.131","1","-0.6","ARRI ALEXA 35"
"15:28:40:18","A_0019C004_250528_152715_h1EI5","COOKE S4 753","753","40","T 2 3/10","5.131","1","-0.6","ARRI ALEXA 35"
"15:28:40:19","A_0019C004_250528_152715_h1EI5","COOKE S4 753","753","40","T 2 3/10","5.131","1","-0.6","ARRI ALEXA 35"
"15:28:40:20","A_0019C004_250528_152715_h1EI5","COOKE S4 753","753","40","T 2 3/10","5.131","1","-0.6","ARRI ALEXA 35"
"15:28:40:21","A_0019C004_250528_152715_h1EI5","COOKE S4 753","753","40","T 2 3/10","5.131","1","-0.6","ARRI ALEXA 35"
"15:28:40:22","A_0019C004_250528_152715_h1EI5","COOKE S4 753","753","40","T 2 3/10","5.131","1","-0.6","ARRI ALEXA 35"
"15:28:40:23","A_0019C004_250528_152715_h1EI5","COOKE S4 753","753","40","T 2 3/10","5.131","1","-0.6","ARRI ALEXA 35"
"15:28:41:00","A_0019C004_250528_152715_h1EI5","COOKE S4 753","753","40","T 2 3/10","5.131","1","-0.6","ARRI ALEXA 35"
"15:28:41:01","A_0019C004_250528_152715_h1EI5","COOKE S4 753","753","40","T 2 3/10","5.131","1","-0.6","ARRI ALEXA 35"
"15:28:41:02","A_0019C004_250528_152715_h1EI5","COOKE S4 753","753","40","T 2 3/10","5.131","1","-0.6","ARRI ALEXA 35"
"15:28:41:03","A_0019C004_250528_152715_h1EI5","COOKE S4 753","753","40","T 2 3/10","5.131","1","-0.6","ARRI ALEXA 35"
"15:28:41:04","A_0019C004_250528_152715_h1EI5","COOKE S4 753","753","40","T 2 3/10","5.131","1","-0.6","ARRI ALEXA 35"
"15:28:41:05","A_0019C004_250528_152715_h1EI5","COOKE S4 753","753","40","T 2 3/10","5.131","1","-0.6","ARRI ALEXA 35"
"15:28:41:06","A_0019C004_250528_152715_h1EI5","COOKE S4 753","753","40","T 2 3/10","5.131","1","-0.6","ARRI ALEXA 35"
"15:28:41:07","A_0019C004_250528_152715_h1EI5","COOKE S4 753","753","40","T 2 3/10","5.131","1","-0.6","ARRI ALEXA 35"
"15:28:41:08","A_0019C004_250528_152715_h1EI5","COOKE S4 753","753","40","T 2 3/10","5.131","1","-0.6","ARRI ALEXA 35"
"15:28:41:09","A_0019C004_250528_152715_h1EI5","COOKE S4 753","753","40","T 2 3/10","5.131","1","-0.6","ARRI ALEXA 35"
"15:28:41:10","A_0019C004_250528_152715_h1EI5","COOKE S4 753","753","40","T 2 3/10","5.131","1","-0.6","ARRI ALEXA 35"
"15:28:41:11","A_0019C004_250528_152715_h1EI5","COOKE S4 753","753","40","T 2 3/10","5.131","1","-0.6","ARRI ALEXA 35"
"15:28:41:12","A_0019C004_250528_152715_h1EI5","COOKE S4 753","753","40","T 2 3/10","5.131","1","-0.6","ARRI ALEXA 35"
"15:28:41:13","A_0019C004_250528_152715_h1EI5","COOKE S4 753","753","40","T 2 3/10","5.131","1","-0.6","ARRI ALEXA 35"
"15:28:41:14","A_0019C004_250528_152715_h1EI5","COOKE S4 753","753","40","T 2 3/10","5.131","1","-0.6","ARRI ALEXA 35"
"15:28:41:15","A_0019C004_250528_152715_h1EI5","COOKE S4 753","753","40","T 2 3/10","5.131","1","-0.6","ARRI ALEXA 35"
"15:28:41:16","A_0019C004_250528_152715_h1EI5","COOKE S4 753","753","40","T 2 3/10","5.131","1","-0.6","ARRI ALEXA 35"
"15:28:41:17","A_0019C004_250528_152715_h1EI5","COOKE S4 753","753","40","T 2 3/10","5.131","1","-0.6","ARRI ALEXA 35"
"15:28:41:18","A_0019C004_250528_152715_h1EI5","COOKE S4 753","753","40","T 2 3/10","5.131","1","-0.6","ARRI ALEXA 35"
"15:28:41:19","A_0019C004_250528_152715_h1EI5","COOKE S4 753","753","40","T 2 3/10","5.131","1","-0.6","ARRI ALEXA 35"
"15:28:41:20","A_0019C004_250528_152715_h1EI5","COOKE S4 753","753","40","T 2 3/10","5.131","1","-0.6","ARRI ALEXA 35"
"15:28:41:21","A_0019C004_250528_152715_h1EI5","COOKE S4 753","753","40","T 2 3/10","5.131","1","-0.6","ARRI ALEXA 35"
"15:28:41:22","A_0019C004_250528_152715_h1EI5","COOKE S4 753","753","40","T 2 3/10","5.131","1","-0.6","ARRI ALEXA 35"
"15:28:41:23","A_0019C004_250528_152715_h1EI5","COOKE S4 753","753","40","T 2 3/10","5.131","1","-0.6","ARRI ALEXA 35"
"15:28:42:00","A_0019C004_250528_152715_h1EI5","COOKE S4 753","753","40","T 2 3/10","5.131","1","-0.6","ARRI ALEXA 35"
"15:28:42:01","A_0019C004_250528_152715_h1EI5","COOKE S4 753","753","40","T 2 3/10","5.131","1","-0.6","ARRI ALEXA 35"
"15:28:42:02","A_0019C004_250528_152715_h1EI5","COOKE S4 753","753","40","T 2 3/10","5.131","1","-0.6","ARRI ALEXA 35"
"15:28:42:03","A_0019C004_250528_152715_h1EI5","COOKE S4 753","753","40","T 2 3/10","5.131","1","-0.6","ARRI ALEXA 35"
"15:28:42:04","A_0019C004_250528_152715_h1EI5","COOKE S4 753","753","40","T 2 3/10","5.131","1","-0.6","ARRI ALEXA 35"
"15:28:42:05","A_0019C004_250528_152715_h1EI5","COOKE S4 753","753","40","T 2 3/10","5.131","1","-0.6","ARRI ALEXA 35"
"15:28:42:06","A_0019C004_250528_152715_h1EI5","COOKE S4 753","753","40","T 2 3/10","5.131","1","-0.6","ARRI ALEXA 35"
"15:28:42:07","A_0019C004_250528_152715_h1EI5","COOKE S4 753","753","40","T 2 3/10","5.131","1","-0.6","ARRI ALEXA 35"
"15:28:42:08","A_0019C004_250528_152715_h1EI5","COOKE S4 753","753","40","T 2 3/10","5.131","1","-0.6","ARRI ALEXA 35"
"15:28:42:09","A_0019C004_250528_152715_h1EI5","COOKE S4 753","753","40","T 2 3/10","5.131","1","-0.6","ARRI ALEXA 35"
"15:28:42:10","A_0019C004_250528_152715_h1EI5","COOKE S4 753","753","40","T 2 3/10","5.131","1","-0.6","ARRI ALEXA 35"
"15:28:42:11","A_0019C004_250528_152715_h1EI5","COOKE S4 753","753","40","T 2 3/10","5.131","1","-0.6","ARRI ALEXA 35"
"15:28:42:12","A_0019C004_250528_152715_h1EI5","COOKE S4 753","753","40","T 2 3/10","5.131","1","-0.6","ARRI ALEXA 35"
"15:28:42:13","A_0019C004_250528_152715_h1EI5","COOKE S4 753","753","40","T 2 3/10","5.131","1","-0.6","ARRI ALEXA 35"
"15:28:42:14","A_0019C004_250528_152715_h1EI5","COOKE S4 753","753","40","T 2 3/10","5.131","1","-0.6","ARRI ALEXA 35"
"15:28:42:15","A_0019C004_250528_152715_h1EI5","COOKE S4 753","753","40","T 2 3/10","5.131","1","-0.6","ARRI ALEXA 35"
"15:28:42:16","A_0019C004_250528_152715_h1EI5","COOKE S4 753","753","40","T 2 3/10","5.131","1","-0.6","ARRI ALEXA 35"
"15:28:42:17","A_0019C004_250528_152715_h1EI5","COOKE S4 753","753","40","T 2 3/10","5.131","1","-0.6","ARRI ALEXA 35"
"15:28:42:18","A_0019C004_250528_152715_h1EI5","COOKE S4 753","753","40","T 2 3/10","5.131","1","-0.6","ARRI ALEXA 35"
"15:28:42:19","A_0019C004_250528_152715_h1EI5","COOKE S4 753","753","40","T 2 3/10","5.131","1","-0.6","ARRI ALEXA 35"
"15:28:42:20","A_0019C004_250528_152715_h1EI5","COOKE S4 753","753","40","T 2 3/10","5.131","1","-0.6","ARRI ALEXA 35"
"15:28:42:21","A_0019C004_250528_152715_h1EI5","COOKE S4 753","753","40","T 2 3/10","5.131","1","-0.6","ARRI ALEXA 35"
"15:28:42:22","A_0019C004_250528_152715_h1EI5","COOKE S4 753","753","40","T 2 3/10","5.131","1","-0.6","ARRI ALEXA 35"
"15:28:42:23","A_0019C004_250528_152715_h1EI5","COOKE S4 753","753","40","T 2 3/10","5.131","1","-0.6","ARRI ALEXA 35"
"15:28:43:00","A_0019C004_250528_152715_h1EI5","COOKE S4 753","753","40","T 2 3/10","5.131","1","-0.6","ARRI ALEXA 35"
"15:28:43:01","A_0019C004_250528_152715_h1EI5","COOKE S4 753","753","40","T 2 3/10","5.131","1","-0.6","ARRI ALEXA 35"
"15:28:43:02","A_0019C004_250528_152715_h1EI5","COOKE S4 753","753","40","T 2 3/10","5.131","1","-0.6","ARRI ALEXA 35"
"15:28:43:03","A_0019C004_250528_152715_h1EI5","COOKE S4 753","753","40","T 2 3/10","5.131","1","-0.6","ARRI ALEXA 35"
"15:28:43:04","A_0019C004_250528_152715_h1EI5","COOKE S4 753","753","40","T 2 3/10","5.131","1","-0.6","ARRI ALEXA 35"
"15:28:43:05","A_0019C004_250528_152715_h1EI5","COOKE S4 753","753","40","T 2 3/10","5.131","1","-0.6","ARRI ALEXA 35"
"15:28:43:06","A_0019C004_250528_152715_h1EI5","COOKE S4 753","753","40","T 2 3/10","5.131","1","-0.6","ARRI ALEXA 35"
"15:28:43:07","A_0019C004_250528_152715_h1EI5","COOKE S4 753","753","40","T 2 3/10","5.131","1","-0.6","ARRI ALEXA 35"
"15:28:43:08","A_0019C004_250528_152715_h1EI5","COOKE S4 753","753","40","T 2 3/10","5.131","1","-0.6","ARRI ALEXA 35"
"15:28:43:09","A_0019C004_250528_152715_h1EI5","COOKE S4 753","753","40","T 2 3/10","5.131","1","-0.6","ARRI ALEXA 35"
"15:28:43:10","A_0019C004_250528_152715_h1EI5","COOKE S4 753","753","40","T 2 3/10","5.131","1","-0.6","ARRI ALEXA 35"
"15:28:43:11","A_0019C004_250528_152715_h1EI5","COOKE S4 753","753","40","T 2 3/10","5.131","1","-0.6","ARRI ALEXA 35"
"15:28:43:12","A_0019C004_250528_152715_h1EI5","COOKE S4 753","753","40","T 2 3/10","5.135","1","-0.6","ARRI ALEXA 35"
"15:28:43:13","A_0019C004_250528_152715_h1EI5","COOKE S4 753","753","40","T 2 3/10","5.141","1","-0.6","ARRI ALEXA 35"
"15:28:43:14","A_0019C004_250528_152715_h1EI5","COOKE S4 753","753","40","T 2 3/10","5.141","1","-0.6","ARRI ALEXA 35"
"15:28:43:15","A_0019C004_250528_152715_h1EI5","COOKE S4 753","753","40","T 2 3/10","5.141","1","-0.6","ARRI ALEXA 35"
"15:28:43:16","A_0019C004_250528_152715_h1EI5","COOKE S4 753","753","40","T 2 3/10","5.141","1","-0.6","ARRI ALEXA 35"
"15:28:43:17","A_0019C004_250528_152715_h1EI5","COOKE S4 753","753","40","T 2 3/10","5.141","1","-0.6","ARRI ALEXA 35"
"15:28:43:18","A_0019C004_250528_152715_h1EI5","COOKE S4 753","753","40","T 2 3/10","5.141","1","-0.6","ARRI ALEXA 35"
"15:28:43:19","A_0019C004_250528_152715_h1EI5","COOKE S4 753","753","40","T 2 3/10","5.141","1","-0.6","ARRI ALEXA 35"
"15:28:43:20","A_0019C004_250528_152715_h1EI5","COOKE S4 753","753","40","T 2 3/10","5.141","1","-0.6","ARRI ALEXA 35"
"15:28:43:21","A_0019C004_250528_152715_h1EI5","COOKE S4 753","753","40","T 2 3/10","5.141","1","-0.6","ARRI ALEXA 35"
"15:28:43:22","A_0019C004_250528_152715_h1EI5","COOKE S4 753","753","40","T 2 3/10","5.141","1","-0.6","ARRI ALEXA 35"
"15:28:43:23","A_0019C004_250528_152715_h1EI5","COOKE S4 753","753","40","T 2 3/10","5.141","1","-0.6","ARRI ALEXA 35"
"15:28:44:00","A_0019C004_250528_152715_h1EI5","COOKE S4 753","753","40","T 2 3/10","5.141","1","-0.6","ARRI ALEXA 35"
"15:28:44:01","A_0019C004_250528_152715_h1EI5","COOKE S4 753","753","40","T 2 3/10","5.141","1","-0.6","ARRI ALEXA 35"
"15:28:44:02","A_0019C004_250528_152715_h1EI5","COOKE S4 753","753","40","T 2 3/10","5.141","1","-0.6","ARRI ALEXA 35"
"15:28:44:03","A_0019C004_250528_152715_h1EI5","COOKE S4 753","753","40","T 2 3/10","5.141","1","-0.6","ARRI ALEXA 35"
"15:28:44:04","A_0019C004_250528_152715_h1EI5","COOKE S4 753","753","40","T 2 3/10","5.141","1","-0.6","ARRI ALEXA 35"
"15:28:44:05","A_0019C004_250528_152715_h1EI5","COOKE S4 753","753","40","T 2 3/10","5.141","1","-0.6","ARRI ALEXA 35"
"15:28:44:06","A_0019C004_250528_152715_h1EI5","COOKE S4 753","753","40","T 2 3/10","5.141","1","-0.6","ARRI ALEXA 35"
"15:28:44:07","A_0019C004_250528_152715_h1EI5","COOKE S4 753","753","40","T 2 3/10","5.141","1","-0.6","ARRI ALEXA 35"
"15:28:44:08","A_0019C004_250528_152715_h1EI5","COOKE S4 753","753","40","T 2 3/10","5.141","1","-0.6","ARRI ALEXA 35"
"15:28:44:09","A_0019C004_250528_152715_h1EI5","COOKE S4 753","753","40","T 2 3/10","5.141","1","-0.6","ARRI ALEXA 35"
"15:28:44:10","A_0019C004_250528_152715_h1EI5","COOKE S4 753","753","40","T 2 3/10","5.141","1","-0.6","ARRI ALEXA 35"
"15:28:44:11","A_0019C004_250528_152715_h1EI5","COOKE S4 753","753","40","T 2 3/10","5.141","1","-0.6","ARRI ALEXA 35"
"15:28:44:12","A_0019C004_250528_152715_h1EI5","COOKE S4 753","753","40","T 2 3/10","5.141","1","-0.6","ARRI ALEXA 35"
"15:28:44:13","A_0019C004_250528_152715_h1EI5","COOKE S4 753","753","40","T 2 3/10","5.141","1","-0.6","ARRI ALEXA 35"
"15:28:44:14","A_0019C004_250528_152715_h1EI5","COOKE S4 753","753","40","T 2 3/10","5.141","1","-0.6","ARRI ALEXA 35"
"15:28:44:15","A_0019C004_250528_152715_h1EI5","COOKE S4 753","753","40","T 2 3/10","5.141","1","-0.6","ARRI ALEXA 35"
"15:28:44:16","A_0019C004_250528_152715_h1EI5","COOKE S4 753","753","40","T 2 3/10","5.141","1","-0.6","ARRI ALEXA 35"
"15:28:44:17","A_0019C004_250528_152715_h1EI5","COOKE S4 753","753","40","T 2 3/10","5.141","1","-0.6","ARRI ALEXA 35"
"15:28:44:18","A_0019C004_250528_152715_h1EI5","COOKE S4 753","753","40","T 2 3/10","5.141","1","-0.6","ARRI ALEXA 35"
"15:28:44:19","A_0019C004_250528_152715_h1EI5","COOKE S4 753","753","40","T 2 3/10","5.144","1","-0.6","ARRI ALEXA 35"
"15:28:44:20","A_0019C004_250528_152715_h1EI5","COOKE S4 753","753","40","T 2 3/10","5.148","1","-0.6","ARRI ALEXA 35"
"15:28:44:21","A_0019C004_250528_152715_h1EI5","COOKE S4 753","753","40","T 2 3/10","5.151","1","-0.6","ARRI ALEXA 35"
"15:28:44:22","A_0019C004_250528_152715_h1EI5","COOKE S4 753","753","40","T 2 3/10","5.171","1","-0.6","ARRI ALEXA 35"
"15:28:44:23","A_0019C004_250528_152715_h1EI5","COOKE S4 753","753","40","T 2 3/10","5.171","1","-0.6","ARRI ALEXA 35"
"15:28:45:00","A_0019C004_250528_152715_h1EI5","COOKE S4 753","753","40","T 2 3/10","5.171","1","-0.6","ARRI ALEXA 35"
"15:28:45:01","A_0019C004_250528_152715_h1EI5","COOKE S4 753","753","40","T 2 3/10","5.171","1","-0.6","ARRI ALEXA 35"
"15:28:45:02","A_0019C004_250528_152715_h1EI5","COOKE S4 753","753","40","T 2 3/10","5.171","1","-0.6","ARRI ALEXA 35"
"15:28:45:03","A_0019C004_250528_152715_h1EI5","COOKE S4 753","753","40","T 2 3/10","5.171","1","-0.6","ARRI ALEXA 35"
"15:28:45:04","A_0019C004_250528_152715_h1EI5","COOKE S4 753","753","40","T 2 3/10","5.171","1","-0.6","ARRI ALEXA 35"
"15:28:45:05","A_0019C004_250528_152715_h1EI5","COOKE S4 753","753","40","T 2 3/10","5.171","1","-0.6","ARRI ALEXA 35"
"15:28:45:06","A_0019C004_250528_152715_h1EI5","COOKE S4 753","753","40","T 2 3/10","5.171","1","-0.6","ARRI ALEXA 35"
"15:28:45:07","A_0019C004_250528_152715_h1EI5","COOKE S4 753","753","40","T 2 3/10","5.171","1","-0.6","ARRI ALEXA 35"
"15:28:45:08","A_0019C004_250528_152715_h1EI5","COOKE S4 753","753","40","T 2 3/10","5.171","1","-0.6","ARRI ALEXA 35"
"15:28:45:09","A_0019C004_250528_152715_h1EI5","COOKE S4 753","753","40","T 2 3/10","5.171","1","-0.6","ARRI ALEXA 35"
"15:28:45:10","A_0019C004_250528_152715_h1EI5","COOKE S4 753","753","40","T 2 3/10","5.171","1","-0.6","ARRI ALEXA 35"
"15:28:45:11","A_0019C004_250528_152715_h1EI5","COOKE S4 753","753","40","T 2 3/10","5.171","1","-0.6","ARRI ALEXA 35"
"15:28:45:12","A_0019C004_250528_152715_h1EI5","COOKE S4 753","753","40","T 2 3/10","5.171","1","-0.6","ARRI ALEXA 35"
"15:28:45:13","A_0019C004_250528_152715_h1EI5","COOKE S4 753","753","40","T 2 3/10","5.171","1","-0.6","ARRI ALEXA 35"
"15:28:45:14","A_0019C004_250528_152715_h1EI5","COOKE S4 753","753","40","T 2 3/10","5.171","1","-0.6","ARRI ALEXA 35"
"15:28:45:15","A_0019C004_250528_152715_h1EI5","COOKE S4 753","753","40","T 2 3/10","5.171","1","-0.6","ARRI ALEXA 35"
"15:28:45:16","A_0019C004_250528_152715_h1EI5","COOKE S4 753","753","40","T 2 3/10","5.171","1","-0.6","ARRI ALEXA 35"
"15:28:45:17","A_0019C004_250528_152715_h1EI5","COOKE S4 753","753","40","T 2 3/10","5.171","1","-0.6","ARRI ALEXA 35"
"15:28:45:18","A_0019C004_250528_152715_h1EI5","COOKE S4 753","753","40","T 2 3/10","5.171","1","-0.6","ARRI ALEXA 35"
"15:28:45:19","A_0019C004_250528_152715_h1EI5","COOKE S4 753","753","40","T 2 3/10","5.171","1","-0.6","ARRI ALEXA 35"
"15:28:45:20","A_0019C004_250528_152715_h1EI5","COOKE S4 753","753","40","T 2 3/10","5.171","1","-0.6","ARRI ALEXA 35"
"15:28:45:21","A_0019C004_250528_152715_h1EI5","COOKE S4 753","753","40","T 2 3/10","5.171","1","-0.6","ARRI ALEXA 35"
"15:28:45:22","A_0019C004_250528_152715_h1EI5","COOKE S4 753","753","40","T 2 3/10","5.171","1","-0.6","ARRI ALEXA 35"
"15:28:45:23","A_0019C004_250528_152715_h1EI5","COOKE S4 753","753","40","T 2 3/10","5.171","1","-0.6","ARRI ALEXA 35"
"15:28:46:00","A_0019C004_250528_152715_h1EI5","COOKE S4 753","753","40","T 2 3/10","5.171","1","-0.6","ARRI ALEXA 35"
"15:28:46:01","A_0019C004_250528_152715_h1EI5","COOKE S4 753","753","40","T 2 3/10","5.171","1","-0.6","ARRI ALEXA 35"
"15:28:46:02","A_0019C004_250528_152715_h1EI5","COOKE S4 753","753","40","T 2 3/10","5.171","1","-0.6","ARRI ALEXA 35"
"15:28:46:03","A_0019C004_250528_152715_h1EI5","COOKE S4 753","753","40","T 2 3/10","5.171","1","-0.6","ARRI ALEXA 35"
"15:28:46:04","A_0019C004_250528_152715_h1EI5","COOKE S4 753","753","40","T 2 3/10","5.171","1","-0.6","ARRI ALEXA 35"
"15:28:46:05","A_0019C004_250528_152715_h1EI5","COOKE S4 753","753","40","T 2 3/10","5.171","1","-0.6","ARRI ALEXA 35"
"15:28:46:06","A_0019C004_250528_152715_h1EI5","COOKE S4 753","753","40","T 2 3/10","5.171","1","-0.6","ARRI ALEXA 35"
"15:28:46:07","A_0019C004_250528_152715_h1EI5","COOKE S4 753","753","40","T 2 3/10","5.171","1","-0.6","ARRI ALEXA 35"
"15:28:46:08","A_0019C004_250528_152715_h1EI5","COOKE S4 753","753","40","T 2 3/10","5.171","1","-0.6","ARRI ALEXA 35"
"15:28:46:09","A_0019C004_250528_152715_h1EI5","COOKE S4 753","753","40","T 2 3/10","5.171","1","-0.6","ARRI ALEXA 35"
"15:28:46:10","A_0019C004_250528_152715_h1EI5","COOKE S4 753","753","40","T 2 3/10","5.171","1","-0.6","ARRI ALEXA 35"
"15:28:46:11","A_0019C004_250528_152715_h1EI5","COOKE S4 753","753","40","T 2 3/10","5.171","1","-0.6","ARRI ALEXA 35"
"15:28:46:12","A_0019C004_250528_152715_h1EI5","COOKE S4 753","753","40","T 2 3/10","5.171","1","-0.6","ARRI ALEXA 35"
"15:28:46:13","A_0019C004_250528_152715_h1EI5","COOKE S4 753","753","40","T 2 3/10","5.171","1","-0.6","ARRI ALEXA 35"
"15:28:46:14","A_0019C004_250528_152715_h1EI5","COOKE S4 753","753","40","T 2 3/10","5.171","1","-0.6","ARRI ALEXA 35"
"15:28:46:15","A_0019C004_250528_152715_h1EI5","COOKE S4 753","753","40","T 2 3/10","5.171","1","-0.6","ARRI ALEXA 35"
"15:28:46:16","A_0019C004_250528_152715_h1EI5","COOKE S4 753","753","40","T 2 3/10","5.171","1","-0.6","ARRI ALEXA 35"
"15:28:46:17","A_0019C004_250528_152715_h1EI5","COOKE S4 753","753","40","T 2 3/10","5.171","1","-0.6","ARRI ALEXA 35"
"15:28:46:18","A_0019C004_250528_152715_h1EI5","COOKE S4 753","753","40","T 2 3/10","5.171","1","-0.6","ARRI ALEXA 35"
"15:28:46:19","A_0019C004_250528_152715_h1EI5","COOKE S4 753","753","40","T 2 3/10","5.171","1","-0.6","ARRI ALEXA 35"
"15:28:46:20","A_0019C004_250528_152715_h1EI5","COOKE S4 753","753","40","T 2 3/10","5.171","1","-0.6","ARRI ALEXA 35"
"15:28:46:21","A_0019C004_250528_152715_h1EI5","COOKE S4 753","753","40","T 2 3/10","5.171","1","-0.6","ARRI ALEXA 35"
"15:28:46:22","A_0019C004_250528_152715_h1EI5","COOKE S4 753","753","40","T 2 3/10","5.177","1","-0.6","ARRI ALEXA 35"
"15:28:46:23","A_0019C004_250528_152715_h1EI5","COOKE S4 753","753","40","T 2 3/10","5.177","1","-0.6","ARRI ALEXA 35"
"15:28:47:00","A_0019C004_250528_152715_h1EI5","COOKE S4 753","753","40","T 2 3/10","5.177","1","-0.6","ARRI ALEXA 35"
"15:28:47:01","A_0019C004_250528_152715_h1EI5","COOKE S4 753","753","40","T 2 3/10","5.177","1","-0.6","ARRI ALEXA 35"
"15:28:47:02","A_0019C004_250528_152715_h1EI5","COOKE S4 753","753","40","T 2 3/10","5.177","1","-0.6","ARRI ALEXA 35"
"15:28:47:03","A_0019C004_250528_152715_h1EI5","COOKE S4 753","753","40","T 2 3/10","5.177","1","-0.6","ARRI ALEXA 35"
"15:28:47:04","A_0019C004_250528_152715_h1EI5","COOKE S4 753","753","40","T 2 3/10","5.177","1","-0.6","ARRI ALEXA 35"
"15:28:47:05","A_0019C004_250528_152715_h1EI5","COOKE S4 753","753","40","T 2 3/10","5.177","1","-0.6","ARRI ALEXA 35"
"15:28:47:06","A_0019C004_250528_152715_h1EI5","COOKE S4 753","753","40","T 2 3/10","5.177","1","-0.6","ARRI ALEXA 35"
"15:28:47:07","A_0019C004_250528_152715_h1EI5","COOKE S4 753","753","40","T 2 3/10","5.177","1","-0.6","ARRI ALEXA 35"
"15:28:47:08","A_0019C004_250528_152715_h1EI5","COOKE S4 753","753","40","T 2 3/10","5.177","1","-0.6","ARRI ALEXA 35"
"15:28:47:09","A_0019C004_250528_152715_h1EI5","COOKE S4 753","753","40","T 2 3/10","5.177","1","-0.6","ARRI ALEXA 35"
"15:28:47:10","A_0019C004_250528_152715_h1EI5","COOKE S4 753","753","40","T 2 3/10","5.177","1","-0.6","ARRI ALEXA 35"
"15:28:47:11","A_0019C004_250528_152715_h1EI5","COOKE S4 753","753","40","T 2 3/10","5.177","1","-0.6","ARRI ALEXA 35"
"15:28:47:12","A_0019C004_250528_152715_h1EI5","COOKE S4 753","753","40","T 2 3/10","5.177","1","-0.6","ARRI ALEXA 35"
"15:28:47:13","A_0019C004_250528_152715_h1EI5","COOKE S4 753","753","40","T 2 3/10","5.177","1","-0.6","ARRI ALEXA 35"
"15:28:47:14","A_0019C004_250528_152715_h1EI5","COOKE S4 753","753","40","T 2 3/10","5.177","1","-0.6","ARRI ALEXA 35"
"15:28:47:15","A_0019C004_250528_152715_h1EI5","COOKE S4 753","753","40","T 2 3/10","5.177","1","-0.6","ARRI ALEXA 35"
"15:28:47:16","A_0019C004_250528_152715_h1EI5","COOKE S4 753","753","40","T 2 3/10","5.177","1","-0.6","ARRI ALEXA 35"
"15:28:47:17","A_0019C004_250528_152715_h1EI5","COOKE S4 753","753","40","T 2 3/10","5.177","1","-0.6","ARRI ALEXA 35"
"15:28:47:18","A_0019C004_250528_152715_h1EI5","COOKE S4 753","753","40","T 2 3/10","5.177","1","-0.6","ARRI ALEXA 35"
"15:28:47:19","A_0019C004_250528_152715_h1EI5","COOKE S4 753","753","40","T 2 3/10","5.177","1","-0.6","ARRI ALEXA 35"
"15:28:47:20","A_0019C004_250528_152715_h1EI5","COOKE S4 753","753","40","T 2 3/10","5.177","1","-0.6","ARRI ALEXA 35"
"15:28:47:21","A_0019C004_250528_152715_h1EI5","COOKE S4 753","753","40","T 2 3/10","5.177","1","-0.6","ARRI ALEXA 35"
"15:28:47:22","A_0019C004_250528_152715_h1EI5","COOKE S4 753","753","40","T 2 3/10","5.177","1","-0.6","ARRI ALEXA 35"
"15:28:47:23","A_0019C004_250528_152715_h1EI5","COOKE S4 753","753","40","T 2 3/10","5.177","1","-0.6","ARRI ALEXA 35"
"15:28:48:00","A_0019C004_250528_152715_h1EI5","COOKE S4 753","753","40","T 2 3/10","5.177","1","-0.6","ARRI ALEXA 35"
"15:28:48:01","A_0019C004_250528_152715_h1EI5","COOKE S4 753","753","40","T 2 3/10","5.177","1","-0.6","ARRI ALEXA 35"
"15:28:48:02","A_0019C004_250528_152715_h1EI5","COOKE S4 753","753","40","T 2 3/10","5.177","1","-0.6","ARRI ALEXA 35"
"15:28:48:03","A_0019C004_250528_152715_h1EI5","COOKE S4 753","753","40","T 2 3/10","5.177","1","-0.6","ARRI ALEXA 35"
"15:28:48:04","A_0019C004_250528_152715_h1EI5","COOKE S4 753","753","40","T 2 3/10","5.177","1","-0.6","ARRI ALEXA 35"
"15:28:48:05","A_0019C004_250528_152715_h1EI5","COOKE S4 753","753","40","T 2 3/10","5.177","1","-0.6","ARRI ALEXA 35"
"15:28:48:06","A_0019C004_250528_152715_h1EI5","COOKE S4 753","753","40","T 2 3/10","5.177","1","-0.6","ARRI ALEXA 35"
"15:28:48:07","A_0019C004_250528_152715_h1EI5","COOKE S4 753","753","40","T 2 3/10","5.177","1","-0.6","ARRI ALEXA 35"
"15:28:48:08","A_0019C004_250528_152715_h1EI5","COOKE S4 753","753","40","T 2 3/10","5.177","1","-0.6","ARRI ALEXA 35"
"15:28:48:09","A_0019C004_250528_152715_h1EI5","COOKE S4 753","753","40","T 2 3/10","5.177","1","-0.6","ARRI ALEXA 35"
"15:28:48:10","A_0019C004_250528_152715_h1EI5","COOKE S4 753","753","40","T 2 3/10","5.177","1","-0.6","ARRI ALEXA 35"
"15:28:48:11","A_0019C004_250528_152715_h1EI5","COOKE S4 753","753","40","T 2 3/10","5.177","1","-0.6","ARRI ALEXA 35"
"15:28:48:12","A_0019C004_250528_152715_h1EI5","COOKE S4 753","753","40","T 2 3/10","5.177","1","-0.6","ARRI ALEXA 35"
"15:28:48:13","A_0019C004_250528_152715_h1EI5","COOKE S4 753","753","40","T 2 3/10","5.177","1","-0.6","ARRI ALEXA 35"
"15:28:48:14","A_0019C004_250528_152715_h1EI5","COOKE S4 753","753","40","T 2 3/10","5.177","1","-0.6","ARRI ALEXA 35"
"15:28:48:15","A_0019C004_250528_152715_h1EI5","COOKE S4 753","753","40","T 2 3/10","5.177","1","-0.6","ARRI ALEXA 35"
"15:28:48:16","A_0019C004_250528_152715_h1EI5","COOKE S4 753","753","40","T 2 3/10","5.177","1","-0.6","ARRI ALEXA 35"
"15:28:48:17","A_0019C004_250528_152715_h1EI5","COOKE S4 753","753","40","T 2 3/10","5.177","1","-0.6","ARRI ALEXA 35"
"15:28:48:18","A_0019C004_250528_152715_h1EI5","COOKE S4 753","753","40","T 2 3/10","5.177","1","-0.6","ARRI ALEXA 35"
"15:28:48:19","A_0019C004_250528_152715_h1EI5","COOKE S4 753","753","40","T 2 3/10","5.177","1","-0.6","ARRI ALEXA 35"
"15:28:48:20","A_0019C004_250528_152715_h1EI5","COOKE S4 753","753","40","T 2 3/10","5.177","1","-0.6","ARRI ALEXA 35"
"15:28:48:21","A_0019C004_250528_152715_h1EI5","COOKE S4 753","753","40","T 2 3/10","5.177","1","-0.6","ARRI ALEXA 35"
"15:28:48:22","A_0019C004_250528_152715_h1EI5","COOKE S4 753","753","40","T 2 3/10","5.177","1","-0.6","ARRI ALEXA 35"
"15:28:48:23","A_0019C004_250528_152715_h1EI5","COOKE S4 753","753","40","T 2 3/10","5.177","1","-0.6","ARRI ALEXA 35"
"15:28:49:00","A_0019C004_250528_152715_h1EI5","COOKE S4 753","753","40","T 2 3/10","5.177","1","-0.6","ARRI ALEXA 35"
"15:28:49:01","A_0019C004_250528_152715_h1EI5","COOKE S4 753","753","40","T 2 3/10","5.177","1","-0.6","ARRI ALEXA 35"
"15:28:49:02","A_0019C004_250528_152715_h1EI5","COOKE S4 753","753","40","T 2 3/10","5.177","1","-0.6","ARRI ALEXA 35"
"15:28:49:03","A_0019C004_250528_152715_h1EI5","COOKE S4 753","753","40","T 2 3/10","5.177","1","-0.6","ARRI ALEXA 35"
"15:28:49:04","A_0019C004_250528_152715_h1EI5","COOKE S4 753","753","40","T 2 3/10","5.177","1","-0.6","ARRI ALEXA 35"
"15:28:49:05","A_0019C004_250528_152715_h1EI5","COOKE S4 753","753","40","T 2 3/10","5.177","1","-0.6","ARRI ALEXA 35"
"15:28:49:06","A_0019C004_250528_152715_h1EI5","COOKE S4 753","753","40","T 2 3/10","5.177","1","-0.6","ARRI ALEXA 35"
"15:28:49:07","A_0019C004_250528_152715_h1EI5","COOKE S4 753","753","40","T 2 3/10","5.177","1","-0.6","ARRI ALEXA 35"
"15:28:49:08","A_0019C004_250528_152715_h1EI5","COOKE S4 753","753","40","T 2 3/10","5.177","1","-0.6","ARRI ALEXA 35"
"15:28:49:09","A_0019C004_250528_152715_h1EI5","COOKE S4 753","753","40","T 2 3/10","5.177","1","-0.6","ARRI ALEXA 35"
"15:28:49:10","A_0019C004_250528_152715_h1EI5","COOKE S4 753","753","40","T 2 3/10","5.177","1","-0.6","ARRI ALEXA 35"
"15:28:49:11","A_0019C004_250528_152715_h1EI5","COOKE S4 753","753","40","T 2 3/10","5.177","1","-0.6","ARRI ALEXA 35"
"15:28:49:12","A_0019C004_250528_152715_h1EI5","COOKE S4 753","753","40","T 2 3/10","5.177","1","-0.6","ARRI ALEXA 35"
"15:28:49:13","A_0019C004_250528_152715_h1EI5","COOKE S4 753","753","40","T 2 3/10","5.177","1","-0.6","ARRI ALEXA 35"
"15:28:49:14","A_0019C004_250528_152715_h1EI5","COOKE S4 753","753","40","T 2 3/10","5.177","1","-0.6","ARRI ALEXA 35"
"15:28:49:15","A_0019C004_250528_152715_h1EI5","COOKE S4 753","753","40","T 2 3/10","5.177","1","-0.6","ARRI ALEXA 35"
"15:28:49:16","A_0019C004_250528_152715_h1EI5","COOKE S4 753","753","40","T 2 3/10","5.177","1","-0.6","ARRI ALEXA 35"
"15:28:49:17","A_0019C004_250528_152715_h1EI5","COOKE S4 753","753","40","T 2 3/10","5.177","1","-0.6","ARRI ALEXA 35"
"15:28:49:18","A_0019C004_250528_152715_h1EI5","COOKE S4 753","753","40","T 2 3/10","5.177","1","-0.6","ARRI ALEXA 35"
"15:28:49:19","A_0019C004_250528_152715_h1EI5","COOKE S4 753","753","40","T 2 3/10","5.177","1.1","-0.6","ARRI ALEXA 35"
"15:28:49:20","A_0019C004_250528_152715_h1EI5","COOKE S4 753","753","40","T 2 3/10","5.177","1.1","-0.6","ARRI ALEXA 35"
"15:28:49:21","A_0019C004_250528_152715_h1EI5","COOKE S4 753","753","40","T 2 3/10","5.177","1.1","-0.6","ARRI ALEXA 35"
"15:28:49:22","A_0019C004_250528_152715_h1EI5","COOKE S4 753","753","40","T 2 3/10","5.177","1.1","-0.6","ARRI ALEXA 35"
"15:28:49:23","A_0019C004_250528_152715_h1EI5","COOKE S4 753","753","40","T 2 3/10","5.177","1.1","-0.6","ARRI ALEXA 35"
"15:28:50:00","A_0019C004_250528_152715_h1EI5","COOKE S4 753","753","40","T 2 3/10","5.177","1.1","-0.6","ARRI ALEXA 35"
"15:28:50:01","A_0019C004_250528_152715_h1EI5","COOKE S4 753","753","40","T 2 3/10","5.177","1.1","-0.6","ARRI ALEXA 35"
"15:28:50:02","A_0019C004_250528_152715_h1EI5","COOKE S4 753","753","40","T 2 3/10","5.177","1.2","-0.6","ARRI ALEXA 35"
"15:28:50:03","A_0019C004_250528_152715_h1EI5","COOKE S4 753","753","40","T 2 3/10","5.177","1.2","-0.6","ARRI ALEXA 35"
"15:28:50:04","A_0019C004_250528_152715_h1EI5","COOKE S4 753","753","40","T 2 3/10","5.177","1.2","-0.6","ARRI ALEXA 35"
"15:28:50:05","A_0019C004_250528_152715_h1EI5","COOKE S4 753","753","40","T 2 3/10","5.177","1.2","-0.6","ARRI ALEXA 35"
"15:28:50:06","A_0019C004_250528_152715_h1EI5","COOKE S4 753","753","40","T 2 3/10","5.177","1.2","-0.6","ARRI ALEXA 35"
"15:28:50:07","A_0019C004_250528_152715_h1EI5","COOKE S4 753","753","40","T 2 3/10","5.177","1.2","-0.6","ARRI ALEXA 35"
"15:28:50:08","A_0019C004_250528_152715_h1EI5","COOKE S4 753","753","40","T 2 3/10","5.177","1.2","-0.6","ARRI ALEXA 35"
"15:28:50:09","A_0019C004_250528_152715_h1EI5","COOKE S4 753","753","40","T 2 3/10","5.177","1.3","-0.6","ARRI ALEXA 35"
"15:28:50:10","A_0019C004_250528_152715_h1EI5","COOKE S4 753","753","40","T 2 3/10","5.177","1.3","-0.6","ARRI ALEXA 35"
"15:28:50:11","A_0019C004_250528_152715_h1EI5","COOKE S4 753","753","40","T 2 3/10","5.177","1.4","-0.6","ARRI ALEXA 35"
"15:28:50:12","A_0019C004_250528_152715_h1EI5","COOKE S4 753","753","40","T 2 3/10","5.177","1.4","-0.6","ARRI ALEXA 35"
"15:28:50:13","A_0019C004_250528_152715_h1EI5","COOKE S4 753","753","40","T 2 3/10","5.177","1.4","-0.6","ARRI ALEXA 35"
"15:28:50:14","A_0019C004_250528_152715_h1EI5","COOKE S4 753","753","40","T 2 3/10","5.177","1.4","-0.6","ARRI ALEXA 35"
"15:28:50:15","A_0019C004_250528_152715_h1EI5","COOKE S4 753","753","40","T 2 3/10","5.177","1.4","-0.6","ARRI ALEXA 35"
"15:28:50:16","A_0019C004_250528_152715_h1EI5","COOKE S4 753","753","40","T 2 3/10","5.177","1.4","-0.6","ARRI ALEXA 35"
"15:28:50:17","A_0019C004_250528_152715_h1EI5","COOKE S4 753","753","40","T 2 3/10","5.177","1.4","-0.6","ARRI ALEXA 35"
"15:28:50:18","A_0019C004_250528_152715_h1EI5","COOKE S4 753","753","40","T 2 3/10","5.177","1.4","-0.6","ARRI ALEXA 35"
"15:28:50:19","A_0019C004_250528_152715_h1EI5","COOKE S4 753","753","40","T 2 3/10","5.177","1.4","-0.6","ARRI ALEXA 35"
"15:28:50:20","A_0019C004_250528_152715_h1EI5","COOKE S4 753","753","40","T 2 3/10","5.177","1.4","-0.6","ARRI ALEXA 35"
"15:28:50:21","A_0019C004_250528_152715_h1EI5","COOKE S4 753","753","40","T 2 3/10","5.177","1.4","-0.6","ARRI ALEXA 35"
"15:28:50:22","A_0019C004_250528_152715_h1EI5","COOKE S4 753","753","40","T 2 3/10","5.177","1.5","-0.6","ARRI ALEXA 35"
"15:28:50:23","A_0019C004_250528_152715_h1EI5","COOKE S4 753","753","40","T 2 3/10","5.177","1.5","-0.6","ARRI ALEXA 35"
"15:28:51:00","A_0019C004_250528_152715_h1EI5","COOKE S4 753","753","40","T 2 3/10","5.177","1.5","-0.6","ARRI ALEXA 35"
"15:28:51:01","A_0019C004_250528_152715_h1EI5","COOKE S4 753","753","40","T 2 3/10","5.177","1.5","-0.6","ARRI ALEXA 35"
"15:28:51:02","A_0019C004_250528_152715_h1EI5","COOKE S4 753","753","40","T 2 3/10","5.177","1.5","-0.6","ARRI ALEXA 35"
"15:28:51:03","A_0019C004_250528_152715_h1EI5","COOKE S4 753","753","40","T 2 3/10","5.177","1.5","-0.6","ARRI ALEXA 35"
"15:28:51:04","A_0019C004_250528_152715_h1EI5","COOKE S4 753","753","40","T 2 3/10","5.177","1.5","-0.6","ARRI ALEXA 35"
"15:28:51:05","A_0019C004_250528_152715_h1EI5","COOKE S4 753","753","40","T 2 3/10","5.177","1.5","-0.6","ARRI ALEXA 35"
"15:28:51:06","A_0019C004_250528_152715_h1EI5","COOKE S4 753","753","40","T 2 3/10","5.177","1.5","-0.6","ARRI ALEXA 35"
"15:28:51:07","A_0019C004_250528_152715_h1EI5","COOKE S4 753","753","40","T 2 3/10","5.177","1.5","-0.6","ARRI ALEXA 35"
"15:28:51:08","A_0019C004_250528_152715_h1EI5","COOKE S4 753","753","40","T 2 3/10","5.177","1.5","-0.6","ARRI ALEXA 35"
"15:28:51:09","A_0019C004_250528_152715_h1EI5","COOKE S4 753","753","40","T 2 3/10","5.177","1.5","-0.6","ARRI ALEXA 35"
"15:28:51:10","A_0019C004_250528_152715_h1EI5","COOKE S4 753","753","40","T 2 3/10","5.177","1.5","-0.6","ARRI ALEXA 35"
"15:28:51:11","A_0019C004_250528_152715_h1EI5","COOKE S4 753","753","40","T 2 3/10","5.177","1.5","-0.6","ARRI ALEXA 35"
"15:28:51:12","A_0019C004_250528_152715_h1EI5","COOKE S4 753","753","40","T 2 3/10","5.177","1.5","-0.6","ARRI ALEXA 35"
"15:28:51:13","A_0019C004_250528_152715_h1EI5","COOKE S4 753","753","40","T 2 3/10","5.177","1.5","-0.6","ARRI ALEXA 35"
"15:28:51:14","A_0019C004_250528_152715_h1EI5","COOKE S4 753","753","40","T 2 3/10","5.177","1.5","-0.6","ARRI ALEXA 35"
"15:28:51:15","A_0019C004_250528_152715_h1EI5","COOKE S4 753","753","40","T 2 3/10","5.177","1.5","-0.6","ARRI ALEXA 35"
"15:28:51:16","A_0019C004_250528_152715_h1EI5","COOKE S4 753","753","40","T 2 3/10","5.177","1.5","-0.6","ARRI ALEXA 35"
"15:28:51:17","A_0019C004_250528_152715_h1EI5","COOKE S4 753","753","40","T 2 3/10","5.177","1.5","-0.6","ARRI ALEXA 35"
"15:28:51:18","A_0019C004_250528_152715_h1EI5","COOKE S4 753","753","40","T 2 3/10","5.177","1.5","-0.6","ARRI ALEXA 35"
"15:28:51:19","A_0019C004_250528_152715_h1EI5","COOKE S4 753","753","40","T 2 3/10","5.177","1.5","-0.6","ARRI ALEXA 35"
"15:28:51:20","A_0019C004_250528_152715_h1EI5","COOKE S4 753","753","40","T 2 3/10","5.177","1.5","-0.6","ARRI ALEXA 35"
"15:28:51:21","A_0019C004_250528_152715_h1EI5","COOKE S4 753","753","40","T 2 3/10","5.177","1.5","-0.6","ARRI ALEXA 35"
"15:28:51:22","A_0019C004_250528_152715_h1EI5","COOKE S4 753","753","40","T 2 3/10","5.177","1.6","-0.6","ARRI ALEXA 35"
"15:28:51:23","A_0019C004_250528_152715_h1EI5","COOKE S4 753","753","40","T 2 3/10","5.177","1.6","-0.6","ARRI ALEXA 35"
"15:28:52:00","A_0019C004_250528_152715_h1EI5","COOKE S4 753","753","40","T 2 3/10","5.177","1.6","-0.6","ARRI ALEXA 35"
"15:28:52:01","A_0019C004_250528_152715_h1EI5","COOKE S4 753","753","40","T 2 3/10","5.177","1.6","-0.6","ARRI ALEXA 35"
"15:28:52:02","A_0019C004_250528_152715_h1EI5","COOKE S4 753","753","40","T 2 3/10","5.177","1.6","-0.6","ARRI ALEXA 35"
"15:28:52:03","A_0019C004_250528_152715_h1EI5","COOKE S4 753","753","40","T 2 3/10","5.177","1.6","-0.6","ARRI ALEXA 35"
"15:28:52:04","A_0019C004_250528_152715_h1EI5","COOKE S4 753","753","40","T 2 3/10","5.177","1.6","-0.6","ARRI ALEXA 35"
"15:28:52:05","A_0019C004_250528_152715_h1EI5","COOKE S4 753","753","40","T 2 3/10","5.177","1.6","-0.6","ARRI ALEXA 35"
"15:28:52:06","A_0019C004_250528_152715_h1EI5","COOKE S4 753","753","40","T 2 3/10","5.177","1.6","-0.6","ARRI ALEXA 35"
"15:28:52:07","A_0019C004_250528_152715_h1EI5","COOKE S4 753","753","40","T 2 3/10","5.177","1.7","-0.6","ARRI ALEXA 35"
"15:28:52:08","A_0019C004_250528_152715_h1EI5","COOKE S4 753","753","40","T 2 3/10","5.177","1.7","-0.6","ARRI ALEXA 35"
"15:28:52:09","A_0019C004_250528_152715_h1EI5","COOKE S4 753","753","40","T 2 3/10","5.177","1.7","-0.6","ARRI ALEXA 35"
"15:28:52:10","A_0019C004_250528_152715_h1EI5","COOKE S4 753","753","40","T 2 3/10","5.177","1.7","-0.6","ARRI ALEXA 35"
"15:28:52:11","A_0019C004_250528_152715_h1EI5","COOKE S4 753","753","40","T 2 3/10","5.177","1.7","-0.6","ARRI ALEXA 35"
"15:28:52:12","A_0019C004_250528_152715_h1EI5","COOKE S4 753","753","40","T 2 3/10","5.177","1.7","-0.6","ARRI ALEXA 35"
"15:28:52:13","A_0019C004_250528_152715_h1EI5","COOKE S4 753","753","40","T 2 3/10","5.177","1.7","-0.6","ARRI ALEXA 35"
"15:28:52:14","A_0019C004_250528_152715_h1EI5","COOKE S4 753","753","40","T 2 3/10","5.177","1.7","-0.6","ARRI ALEXA 35"
"15:28:52:15","A_0019C004_250528_152715_h1EI5","COOKE S4 753","753","40","T 2 3/10","5.177","1.7","-0.6","ARRI ALEXA 35"
"15:28:52:16","A_0019C004_250528_152715_h1EI5","COOKE S4 753","753","40","T 2 3/10","5.177","1.7","-0.6","ARRI ALEXA 35"
"15:28:52:17","A_0019C004_250528_152715_h1EI5","COOKE S4 753","753","40","T 2 3/10","5.177","1.7","-0.6","ARRI ALEXA 35"
"15:28:52:18","A_0019C004_250528_152715_h1EI5","COOKE S4 753","753","40","T 2 3/10","5.187","1.7","-0.6","ARRI ALEXA 35"
"15:28:52:19","A_0019C004_250528_152715_h1EI5","COOKE S4 753","753","40","T 2 3/10","5.19","1.7","-0.6","ARRI ALEXA 35"
"15:28:52:20","A_0019C004_250528_152715_h1EI5","COOKE S4 753","753","40","T 2 3/10","5.19","1.7","-0.6","ARRI ALEXA 35"
"15:28:52:21","A_0019C004_250528_152715_h1EI5","COOKE S4 753","753","40","T 2 3/10","5.19","1.7","-0.6","ARRI ALEXA 35"
"15:28:52:22","A_0019C004_250528_152715_h1EI5","COOKE S4 753","753","40","T 2 3/10","5.19","1.7","-0.6","ARRI ALEXA 35"
"15:28:52:23","A_0019C004_250528_152715_h1EI5","COOKE S4 753","753","40","T 2 3/10","5.19","1.7","-0.6","ARRI ALEXA 35"
"15:28:53:00","A_0019C004_250528_152715_h1EI5","COOKE S4 753","753","40","T 2 3/10","5.19","1.7","-0.6","ARRI ALEXA 35"
"15:28:53:01","A_0019C004_250528_152715_h1EI5","COOKE S4 753","753","40","T 2 3/10","5.19","1.7","-0.6","ARRI ALEXA 35"
"15:28:53:02","A_0019C004_250528_152715_h1EI5","COOKE S4 753","753","40","T 2 3/10","5.19","1.7","-0.6","ARRI ALEXA 35"
"15:28:53:03","A_0019C004_250528_152715_h1EI5","COOKE S4 753","753","40","T 2 3/10","5.19","1.7","-0.6","ARRI ALEXA 35"
"15:28:53:04","A_0019C004_250528_152715_h1EI5","COOKE S4 753","753","40","T 2 3/10","5.19","1.7","-0.6","ARRI ALEXA 35"
"15:28:53:05","A_0019C004_250528_152715_h1EI5","COOKE S4 753","753","40","T 2 3/10","5.19","1.7","-0.6","ARRI ALEXA 35"
"15:28:53:06","A_0019C004_250528_152715_h1EI5","COOKE S4 753","753","40","T 2 3/10","5.19","1.7","-0.6","ARRI ALEXA 35"
"15:28:53:07","A_0019C004_250528_152715_h1EI5","COOKE S4 753","753","40","T 2 3/10","5.19","1.7","-0.6","ARRI ALEXA 35"
"15:28:53:08","A_0019C004_250528_152715_h1EI5","COOKE S4 753","753","40","T 2 3/10","5.19","1.7","-0.6","ARRI ALEXA 35"
"15:28:53:09","A_0019C004_250528_152715_h1EI5","COOKE S4 753","753","40","T 2 3/10","5.19","1.7","-0.6","ARRI ALEXA 35"
"15:28:53:10","A_0019C004_250528_152715_h1EI5","COOKE S4 753","753","40","T 2 3/10","5.19","1.7","-0.6","ARRI ALEXA 35"
"15:28:53:11","A_0019C004_250528_152715_h1EI5","COOKE S4 753","753","40","T 2 3/10","5.19","1.7","-0.6","ARRI ALEXA 35"
"15:28:53:12","A_0019C004_250528_152715_h1EI5","COOKE S4 753","753","40","T 2 3/10","5.19","1.7","-0.6","ARRI ALEXA 35"
"15:28:53:13","A_0019C004_250528_152715_h1EI5","COOKE S4 753","753","40","T 2 3/10","5.19","1.7","-0.6","ARRI ALEXA 35"
"15:28:53:14","A_0019C004_250528_152715_h1EI5","COOKE S4 753","753","40","T 2 3/10","5.19","1.7","-0.6","ARRI ALEXA 35"
"15:28:53:15","A_0019C004_250528_152715_h1EI5","COOKE S4 753","753","40","T 2 3/10","5.19","1.7","-0.6","ARRI ALEXA 35"
"15:28:53:16","A_0019C004_250528_152715_h1EI5","COOKE S4 753","753","40","T 2 3/10","5.19","1.7","-0.6","ARRI ALEXA 35"
"15:28:53:17","A_0019C004_250528_152715_h1EI5","COOKE S4 753","753","40","T 2 3/10","5.19","1.7","-0.6","ARRI ALEXA 35"
"15:28:53:18","A_0019C004_250528_152715_h1EI5","COOKE S4 753","753","40","T 2 3/10","5.19","1.7","-0.6","ARRI ALEXA 35"
"15:28:53:19","A_0019C004_250528_152715_h1EI5","COOKE S4 753","753","40","T 2 3/10","5.19","1.7","-0.6","ARRI ALEXA 35"
"15:28:53:20","A_0019C004_250528_152715_h1EI5","COOKE S4 753","753","40","T 2 3/10","5.19","1.7","-0.6","ARRI ALEXA 35"
"15:28:53:21","A_0019C004_250528_152715_h1EI5","COOKE S4 753","753","40","T 2 3/10","5.19","1.7","-0.6","ARRI ALEXA 35"
"15:28:53:22","A_0019C004_250528_152715_h1EI5","COOKE S4 753","753","40","T 2 3/10","5.19","1.7","-0.6","ARRI ALEXA 35"
"15:28:53:23","A_0019C004_250528_152715_h1EI5","COOKE S4 753","753","40","T 2 3/10","5.19","1.7","-0.6","ARRI ALEXA 35"
"15:28:54:00","A_0019C004_250528_152715_h1EI5","COOKE S4 753","753","40","T 2 3/10","5.19","1.7","-0.6","ARRI ALEXA 35"
"15:28:54:01","A_0019C004_250528_152715_h1EI5","COOKE S4 753","753","40","T 2 3/10","5.19","1.7","-0.6","ARRI ALEXA 35"
"15:28:54:02","A_0019C004_250528_152715_h1EI5","COOKE S4 753","753","40","T 2 3/10","5.19","1.7","-0.6","ARRI ALEXA 35"
"15:28:54:03","A_0019C004_250528_152715_h1EI5","COOKE S4 753","753","40","T 2 3/10","5.19","1.7","-0.6","ARRI ALEXA 35"
"15:28:54:04","A_0019C004_250528_152715_h1EI5","COOKE S4 753","753","40","T 2 3/10","5.19","1.7","-0.6","ARRI ALEXA 35"
"15:28:54:05","A_0019C004_250528_152715_h1EI5","COOKE S4 753","753","40","T 2 3/10","5.19","1.7","-0.6","ARRI ALEXA 35"
"15:28:54:06","A_0019C004_250528_152715_h1EI5","COOKE S4 753","753","40","T 2 3/10","5.19","1.7","-0.6","ARRI ALEXA 35"
"15:28:54:07","A_0019C004_250528_152715_h1EI5","COOKE S4 753","753","40","T 2 3/10","5.19","1.7","-0.6","ARRI ALEXA 35"
"15:28:54:08","A_0019C004_250528_152715_h1EI5","COOKE S4 753","753","40","T 2 3/10","5.19","1.7","-0.6","ARRI ALEXA 35"
"15:28:54:09","A_0019C004_250528_152715_h1EI5","COOKE S4 753","753","40","T 2 3/10","5.19","1.7","-0.6","ARRI ALEXA 35"
"15:28:54:10","A_0019C004_250528_152715_h1EI5","COOKE S4 753","753","40","T 2 3/10","5.19","1.7","-0.6","ARRI ALEXA 35"
"15:28:54:11","A_0019C004_250528_152715_h1EI5","COOKE S4 753","753","40","T 2 3/10","5.19","1.7","-0.6","ARRI ALEXA 35"
"15:28:54:12","A_0019C004_250528_152715_h1EI5","COOKE S4 753","753","40","T 2 3/10","5.19","1.7","-0.6","ARRI ALEXA 35"
"15:28:54:13","A_0019C004_250528_152715_h1EI5","COOKE S4 753","753","40","T 2 3/10","5.19","1.7","-0.6","ARRI ALEXA 35"
"15:28:54:14","A_0019C004_250528_152715_h1EI5","COOKE S4 753","753","40","T 2 3/10","5.19","1.7","-0.6","ARRI ALEXA 35"
"15:28:54:15","A_0019C004_250528_152715_h1EI5","COOKE S4 753","753","40","T 2 3/10","5.19","1.7","-0.6","ARRI ALEXA 35"
"15:28:54:16","A_0019C004_250528_152715_h1EI5","COOKE S4 753","753","40","T 2 3/10","5.18","1.7","-0.6","ARRI ALEXA 35"
"15:28:54:17","A_0019C004_250528_152715_h1EI5","COOKE S4 753","753","40","T 2 3/10","5.177","1.7","-0.6","ARRI ALEXA 35"
"15:28:54:18","A_0019C004_250528_152715_h1EI5","COOKE S4 753","753","40","T 2 3/10","5.161","1.9","-0.6","ARRI ALEXA 35"
"15:28:54:19","A_0019C004_250528_152715_h1EI5","COOKE S4 753","753","40","T 2 3/10","5.148","1.9","-0.6","ARRI ALEXA 35"
"15:28:54:20","A_0019C004_250528_152715_h1EI5","COOKE S4 753","753","40","T 2 3/10","5.141","1.9","-0.4","ARRI ALEXA 35"
"15:28:54:21","A_0019C004_250528_152715_h1EI5","COOKE S4 753","753","40","T 2 3/10","5.141","1.9","-0.4","ARRI ALEXA 35"
"15:28:54:22","A_0019C004_250528_152715_h1EI5","COOKE S4 753","753","40","T 2 3/10","5.135","1.9","-0.4","ARRI ALEXA 35"
"15:28:54:23","A_0019C004_250528_152715_h1EI5","COOKE S4 753","753","40","T 2 3/10","5.131","1.9","-0.4","ARRI ALEXA 35"
"15:28:55:00","A_0019C004_250528_152715_h1EI5","COOKE S4 753","753","40","T 2 3/10","5.131","1.9","-0.4","ARRI ALEXA 35"
"15:28:55:01","A_0019C004_250528_152715_h1EI5","COOKE S4 753","753","40","T 2 3/10","5.128","1.9","-0.4","ARRI ALEXA 35"
"15:28:55:02","A_0019C004_250528_152715_h1EI5","COOKE S4 753","753","40","T 2 3/10","5.128","1.9","-0.4","ARRI ALEXA 35"
"15:28:55:03","A_0019C004_250528_152715_h1EI5","COOKE S4 753","753","40","T 2 3/10","5.128","1.9","-0.4","ARRI ALEXA 35"
"15:28:55:04","A_0019C004_250528_152715_h1EI5","COOKE S4 753","753","40","T 2 3/10","5.125","1.9","-0.4","ARRI ALEXA 35"
"15:28:55:05","A_0019C004_250528_152715_h1EI5","COOKE S4 753","753","40","T 2 3/10","5.118","1.9","-0.4","ARRI ALEXA 35"
"15:28:55:06","A_0019C004_250528_152715_h1EI5","COOKE S4 753","753","40","T 2 3/10","5.115","1.9","-0.4","ARRI ALEXA 35"
"15:28:55:07","A_0019C004_250528_152715_h1EI5","COOKE S4 753","753","40","T 2 3/10","5.108","1.9","-0.4","ARRI ALEXA 35"
"15:28:55:08","A_0019C004_250528_152715_h1EI5","COOKE S4 753","753","40","T 2 3/10","5.098","1.9","-0.4","ARRI ALEXA 35"
"15:28:55:09","A_0019C004_250528_152715_h1EI5","COOKE S4 753","753","40","T 2 3/10","5.098","1.9","-0.4","ARRI ALEXA 35"
"15:28:55:10","A_0019C004_250528_152715_h1EI5","COOKE S4 753","753","40","T 2 3/10","5.095","1.9","-0.4","ARRI ALEXA 35"
"15:28:55:11","A_0019C004_250528_152715_h1EI5","COOKE S4 753","753","40","T 2 3/10","5.089","1.9","-0.4","ARRI ALEXA 35"
"15:28:55:12","A_0019C004_250528_152715_h1EI5","COOKE S4 753","753","40","T 2 3/10","5.082","1.9","-0.4","ARRI ALEXA 35"
"15:28:55:13","A_0019C004_250528_152715_h1EI5","COOKE S4 753","753","40","T 2 3/10","5.082","1.9","-0.4","ARRI ALEXA 35"
"15:28:55:14","A_0019C004_250528_152715_h1EI5","COOKE S4 753","753","40","T 2 3/10","5.079","1.9","-0.4","ARRI ALEXA 35"
"15:28:55:15","A_0019C004_250528_152715_h1EI5","COOKE S4 753","753","40","T 2 3/10","5.079","1.9","-0.4","ARRI ALEXA 35"
"15:28:55:16","A_0019C004_250528_152715_h1EI5","COOKE S4 753","753","40","T 2 3/10","5.079","1.9","-0.4","ARRI ALEXA 35"
"15:28:55:17","A_0019C004_250528_152715_h1EI5","COOKE S4 753","753","40","T 2 3/10","5.075","1.9","-0.4","ARRI ALEXA 35"
"15:28:55:18","A_0019C004_250528_152715_h1EI5","COOKE S4 753","753","40","T 2 3/10","5.075","1.9","-0.5","ARRI ALEXA 35"
"15:28:55:19","A_0019C004_250528_152715_h1EI5","COOKE S4 753","753","40","T 2 3/10","5.075","1.9","-0.5","ARRI ALEXA 35"
"15:28:55:20","A_0019C004_250528_152715_h1EI5","COOKE S4 753","753","40","T 2 3/10","5.075","1.9","-0.5","ARRI ALEXA 35"
"15:28:55:21","A_0019C004_250528_152715_h1EI5","COOKE S4 753","753","40","T 2 3/10","5.072","1.9","-0.5","ARRI ALEXA 35"
"15:28:55:22","A_0019C004_250528_152715_h1EI5","COOKE S4 753","753","40","T 2 3/10","5.072","1.9","-0.5","ARRI ALEXA 35"
"15:28:55:23","A_0019C004_250528_152715_h1EI5","COOKE S4 753","753","40","T 2 3/10","5.072","1.9","-0.5","ARRI ALEXA 35"
"15:28:56:00","A_0019C004_250528_152715_h1EI5","COOKE S4 753","753","40","T 2 3/10","5.072","1.9","-0.5","ARRI ALEXA 35"
"15:28:56:01","A_0019C004_250528_152715_h1EI5","COOKE S4 753","753","40","T 2 3/10","5.072","1.9","-0.5","ARRI ALEXA 35"
"15:28:56:02","A_0019C004_250528_152715_h1EI5","COOKE S4 753","753","40","T 2 3/10","5.066","1.9","-0.5","ARRI ALEXA 35"
"15:28:56:03","A_0019C004_250528_152715_h1EI5","COOKE S4 753","753","40","T 2 3/10","5.066","1.9","-0.5","ARRI ALEXA 35"
"15:28:56:04","A_0019C004_250528_152715_h1EI5","COOKE S4 753","753","40","T 2 3/10","5.062","1.9","-0.5","ARRI ALEXA 35"
"15:28:56:05","A_0019C004_250528_152715_h1EI5","COOKE S4 753","753","40","T 2 3/10","5.059","1.9","-0.5","ARRI ALEXA 35"
"15:28:56:06","A_0019C004_250528_152715_h1EI5","COOKE S4 753","753","40","T 2 3/10","5.059","1.9","-0.5","ARRI ALEXA 35"
"15:28:56:07","A_0019C004_250528_152715_h1EI5","COOKE S4 753","753","40","T 2 3/10","5.056","1.9","-0.5","ARRI ALEXA 35"
"15:28:56:08","A_0019C004_250528_152715_h1EI5","COOKE S4 753","753","40","T 2 3/10","5.056","1.9","-0.5","ARRI ALEXA 35"
"15:28:56:09","A_0019C004_250528_152715_h1EI5","COOKE S4 753","753","40","T 2 3/10","5.052","1.9","-0.5","ARRI ALEXA 35"
"15:28:56:10","A_0019C004_250528_152715_h1EI5","COOKE S4 753","753","40","T 2 3/10","5.046","1.9","-0.5","ARRI ALEXA 35"
"15:28:56:11","A_0019C004_250528_152715_h1EI5","COOKE S4 753","753","40","T 2 3/10","5.046","1.9","-0.5","ARRI ALEXA 35"
"15:28:56:12","A_0019C004_250528_152715_h1EI5","COOKE S4 753","753","40","T 2 3/10","5.043","1.9","-0.5","ARRI ALEXA 35"
"15:28:56:13","A_0019C004_250528_152715_h1EI5","COOKE S4 753","753","40","T 2 3/10","5.043","1.9","-0.5","ARRI ALEXA 35"
"15:28:56:14","A_0019C004_250528_152715_h1EI5","COOKE S4 753","753","40","T 2 3/10","5.039","1.9","-0.5","ARRI ALEXA 35"
"15:28:56:15","A_0019C004_250528_152715_h1EI5","COOKE S4 753","753","40","T 2 3/10","5.039","1.9","-0.5","ARRI ALEXA 35"
"15:28:56:16","A_0019C004_250528_152715_h1EI5","COOKE S4 753","753","40","T 2 3/10","5.039","1.9","-0.5","ARRI ALEXA 35"
"15:28:56:17","A_0019C004_250528_152715_h1EI5","COOKE S4 753","753","40","T 2 3/10","5.033","1.9","-0.5","ARRI ALEXA 35"
"15:28:56:18","A_0019C004_250528_152715_h1EI5","COOKE S4 753","753","40","T 2 3/10","5.026","1.9","-0.5","ARRI ALEXA 35"
"15:28:56:19","A_0019C004_250528_152715_h1EI5","COOKE S4 753","753","40","T 2 3/10","5.02","1.9","-0.5","ARRI ALEXA 35"
"15:28:56:20","A_0019C004_250528_152715_h1EI5","COOKE S4 753","753","40","T 2 3/10","5.013","1.9","-0.5","ARRI ALEXA 35"
"15:28:56:21","A_0019C004_250528_152715_h1EI5","COOKE S4 753","753","40","T 2 3/10","5.007","1.9","-0.5","ARRI ALEXA 35"
"15:28:56:22","A_0019C004_250528_152715_h1EI5","COOKE S4 753","753","40","T 2 3/10","4.987","1.9","-0.5","ARRI ALEXA 35"
"15:28:56:23","A_0019C004_250528_152715_h1EI5","COOKE S4 753","753","40","T 2 3/10","4.961","1.9","-0.5","ARRI ALEXA 35"
"15:28:57:00","A_0019C004_250528_152715_h1EI5","COOKE S4 753","753","40","T 2 3/10","4.957","1.9","-0.5","ARRI ALEXA 35"
"15:28:57:01","A_0019C004_250528_152715_h1EI5","COOKE S4 753","753","40","T 2 3/10","4.951","1.9","-0.5","ARRI ALEXA 35"
"15:28:57:02","A_0019C004_250528_152715_h1EI5","COOKE S4 753","753","40","T 2 3/10","4.938","1.9","-0.5","ARRI ALEXA 35"
"15:28:57:03","A_0019C004_250528_152715_h1EI5","COOKE S4 753","753","40","T 2 3/10","4.928","1.9","-0.5","ARRI ALEXA 35"
"15:28:57:04","A_0019C004_250528_152715_h1EI5","COOKE S4 753","753","40","T 2 3/10","4.925","1.9","-0.5","ARRI ALEXA 35"
"15:28:57:05","A_0019C004_250528_152715_h1EI5","COOKE S4 753","753","40","T 2 3/10","4.925","1.9","-0.5","ARRI ALEXA 35"
"15:28:57:06","A_0019C004_250528_152715_h1EI5","COOKE S4 753","753","40","T 2 3/10","4.921","1.9","-0.5","ARRI ALEXA 35"
"15:28:57:07","A_0019C004_250528_152715_h1EI5","COOKE S4 753","753","40","T 2 3/10","4.921","1.9","-0.5","ARRI ALEXA 35"
"15:28:57:08","A_0019C004_250528_152715_h1EI5","COOKE S4 753","753","40","T 2 3/10","4.918","1.9","-0.5","ARRI ALEXA 35"
"15:28:57:09","A_0019C004_250528_152715_h1EI5","COOKE S4 753","753","40","T 2 3/10","4.918","1.9","-0.5","ARRI ALEXA 35"
"15:28:57:10","A_0019C004_250528_152715_h1EI5","COOKE S4 753","753","40","T 2 3/10","4.918","1.9","-0.5","ARRI ALEXA 35"
"15:28:57:11","A_0019C004_250528_152715_h1EI5","COOKE S4 753","753","40","T 2 3/10","4.915","1.9","-0.5","ARRI ALEXA 35"
"15:28:57:12","A_0019C004_250528_152715_h1EI5","COOKE S4 753","753","40","T 2 3/10","4.911","2","-0.5","ARRI ALEXA 35"
"15:28:57:13","A_0019C004_250528_152715_h1EI5","COOKE S4 753","753","40","T 2 3/10","4.911","2","-0.5","ARRI ALEXA 35"
"15:28:57:14","A_0019C004_250528_152715_h1EI5","COOKE S4 753","753","40","T 2 3/10","4.905","2","-0.5","ARRI ALEXA 35"
"15:28:57:15","A_0019C004_250528_152715_h1EI5","COOKE S4 753","753","40","T 2 3/10","4.902","2","-0.5","ARRI ALEXA 35"
"15:28:57:16","A_0019C004_250528_152715_h1EI5","COOKE S4 753","753","40","T 2 3/10","4.892","2","-0.5","ARRI ALEXA 35"
"15:28:57:17","A_0019C004_250528_152715_h1EI5","COOKE S4 753","753","40","T 2 3/10","4.892","2","-0.5","ARRI ALEXA 35"
"15:28:57:18","A_0019C004_250528_152715_h1EI5","COOKE S4 753","753","40","T 2 3/10","4.882","2","-0.5","ARRI ALEXA 35"
"15:28:57:19","A_0019C004_250528_152715_h1EI5","COOKE S4 753","753","40","T 2 3/10","4.879","2","-0.5","ARRI ALEXA 35"
"15:28:57:20","A_0019C004_250528_152715_h1EI5","COOKE S4 753","753","40","T 2 3/10","4.872","2","-0.5","ARRI ALEXA 35"
"15:28:57:21","A_0019C004_250528_152715_h1EI5","COOKE S4 753","753","40","T 2 3/10","4.872","2","-0.5","ARRI ALEXA 35"
"15:28:57:22","A_0019C004_250528_152715_h1EI5","COOKE S4 753","753","40","T 2 3/10","4.865","2","-0.5","ARRI ALEXA 35"
"15:28:57:23","A_0019C004_250528_152715_h1EI5","COOKE S4 753","753","40","T 2 3/10","4.865","2","-0.5","ARRI ALEXA 35"
"15:28:58:00","A_0019C004_250528_152715_h1EI5","COOKE S4 753","753","40","T 2 3/10","4.856","2","-0.5","ARRI ALEXA 35"
"15:28:58:01","A_0019C004_250528_152715_h1EI5","COOKE S4 753","753","40","T 2 3/10","4.852","2","-0.5","ARRI ALEXA 35"
"15:28:58:02","A_0019C004_250528_152715_h1EI5","COOKE S4 753","753","40","T 2 3/10","4.849","2","-0.5","ARRI ALEXA 35"
"15:28:58:03","A_0019C004_250528_152715_h1EI5","COOKE S4 753","753","40","T 2 3/10","4.843","2","-0.5","ARRI ALEXA 35"
"15:28:58:04","A_0019C004_250528_152715_h1EI5","COOKE S4 753","753","40","T 2 3/10","4.843","2","-0.5","ARRI ALEXA 35"
"15:28:58:05","A_0019C004_250528_152715_h1EI5","COOKE S4 753","753","40","T 2 3/10","4.829","2","-0.5","ARRI ALEXA 35"
"15:28:58:06","A_0019C004_250528_152715_h1EI5","COOKE S4 753","753","40","T 2 3/10","4.826","2","-0.5","ARRI ALEXA 35"
"15:28:58:07","A_0019C004_250528_152715_h1EI5","COOKE S4 753","753","40","T 2 3/10","4.81","2","-0.5","ARRI ALEXA 35"
"15:28:58:08","A_0019C004_250528_152715_h1EI5","COOKE S4 753","753","40","T 2 3/10","4.79","2","-0.5","ARRI ALEXA 35"
"15:28:58:09","A_0019C004_250528_152715_h1EI5","COOKE S4 753","753","40","T 2 3/10","4.783","2","-0.5","ARRI ALEXA 35"
"15:28:58:10","A_0019C004_250528_152715_h1EI5","COOKE S4 753","753","40","T 2 3/10","4.777","2","-0.5","ARRI ALEXA 35"
"15:28:58:11","A_0019C004_250528_152715_h1EI5","COOKE S4 753","753","40","T 2 3/10","4.774","2","-0.5","ARRI ALEXA 35"
"15:28:58:12","A_0019C004_250528_152715_h1EI5","COOKE S4 753","753","40","T 2 3/10","4.767","2","-0.5","ARRI ALEXA 35"
"15:28:58:13","A_0019C004_250528_152715_h1EI5","COOKE S4 753","753","40","T 2 3/10","4.76","2","-0.5","ARRI ALEXA 35"
"15:28:58:14","A_0019C004_250528_152715_h1EI5","COOKE S4 753","753","40","T 2 3/10","4.751","2","-0.5","ARRI ALEXA 35"
"15:28:58:15","A_0019C004_250528_152715_h1EI5","COOKE S4 753","753","40","T 2 3/10","4.747","2","-0.5","ARRI ALEXA 35"
"15:28:58:16","A_0019C004_250528_152715_h1EI5","COOKE S4 753","753","40","T 2 3/10","4.744","2","-0.5","ARRI ALEXA 35"
"15:28:58:17","A_0019C004_250528_152715_h1EI5","COOKE S4 753","753","40","T 2 3/10","4.741","2","-0.5","ARRI ALEXA 35"
"15:28:58:18","A_0019C004_250528_152715_h1EI5","COOKE S4 753","753","40","T 2 3/10","4.738","2","-0.5","ARRI ALEXA 35"
"15:28:58:19","A_0019C004_250528_152715_h1EI5","COOKE S4 753","753","40","T 2 3/10","4.731","2","-0.5","ARRI ALEXA 35"
"15:28:58:20","A_0019C004_250528_152715_h1EI5","COOKE S4 753","753","40","T 2 3/10","4.731","2","-0.5","ARRI ALEXA 35"
"15:28:58:21","A_0019C004_250528_152715_h1EI5","COOKE S4 753","753","40","T 2 3/10","4.728","2","-0.5","ARRI ALEXA 35"
"15:28:58:22","A_0019C004_250528_152715_h1EI5","COOKE S4 753","753","40","T 2 3/10","4.728","2","-0.5","ARRI ALEXA 35"
"15:28:58:23","A_0019C004_250528_152715_h1EI5","COOKE S4 753","753","40","T 2 3/10","4.724","2","-0.5","ARRI ALEXA 35"
"15:28:59:00","A_0019C004_250528_152715_h1EI5","COOKE S4 753","753","40","T 2 3/10","4.718","2","-0.5","ARRI ALEXA 35"
"15:28:59:01","A_0019C004_250528_152715_h1EI5","COOKE S4 753","753","40","T 2 3/10","4.718","2","-0.5","ARRI ALEXA 35"
"15:28:59:02","A_0019C004_250528_152715_h1EI5","COOKE S4 753","753","40","T 2 3/10","4.715","2","-0.5","ARRI ALEXA 35"
"15:28:59:03","A_0019C004_250528_152715_h1EI5","COOKE S4 753","753","40","T 2 3/10","4.715","2","-0.5","ARRI ALEXA 35"
"15:28:59:04","A_0019C004_250528_152715_h1EI5","COOKE S4 753","753","40","T 2 3/10","4.708","2","-0.5","ARRI ALEXA 35"
"15:28:59:05","A_0019C004_250528_152715_h1EI5","COOKE S4 753","753","40","T 2 3/10","4.705","2","-0.5","ARRI ALEXA 35"
"15:28:59:06","A_0019C004_250528_152715_h1EI5","COOKE S4 753","753","40","T 2 3/10","4.695","2","-0.5","ARRI ALEXA 35"
"15:28:59:07","A_0019C004_250528_152715_h1EI5","COOKE S4 753","753","40","T 2 3/10","4.688","2","-0.5","ARRI ALEXA 35"
"15:28:59:08","A_0019C004_250528_152715_h1EI5","COOKE S4 753","753","40","T 2 3/10","4.682","2","-0.5","ARRI ALEXA 35"
"15:28:59:09","A_0019C004_250528_152715_h1EI5","COOKE S4 753","753","40","T 2 3/10","4.675","2","-0.5","ARRI ALEXA 35"
"15:28:59:10","A_0019C004_250528_152715_h1EI5","COOKE S4 753","753","40","T 2 3/10","4.675","2","-0.5","ARRI ALEXA 35"
"15:28:59:11","A_0019C004_250528_152715_h1EI5","COOKE S4 753","753","40","T 2 3/10","4.672","2","-0.5","ARRI ALEXA 35"
"15:28:59:12","A_0019C004_250528_152715_h1EI5","COOKE S4 753","753","40","T 2 3/10","4.662","2","-0.5","ARRI ALEXA 35"
"15:28:59:13","A_0019C004_250528_152715_h1EI5","COOKE S4 753","753","40","T 2 3/10","4.662","2","-0.5","ARRI ALEXA 35"
"15:28:59:14","A_0019C004_250528_152715_h1EI5","COOKE S4 753","753","40","T 2 3/10","4.662","2","-0.5","ARRI ALEXA 35"
"15:28:59:15","A_0019C004_250528_152715_h1EI5","COOKE S4 753","753","40","T 2 3/10","4.662","2","-0.5","ARRI ALEXA 35"
"15:28:59:16","A_0019C004_250528_152715_h1EI5","COOKE S4 753","753","40","T 2 3/10","4.662","2.1","-0.5","ARRI ALEXA 35"
"15:28:59:17","A_0019C004_250528_152715_h1EI5","COOKE S4 753","753","40","T 2 3/10","4.662","2.1","-0.5","ARRI ALEXA 35"
"15:28:59:18","A_0019C004_250528_152715_h1EI5","COOKE S4 753","753","40","T 2 3/10","4.662","2.1","-0.5","ARRI ALEXA 35"
"15:28:59:19","A_0019C004_250528_152715_h1EI5","COOKE S4 753","753","40","T 2 3/10","4.656","2.1","-0.5","ARRI ALEXA 35"
"15:28:59:20","A_0019C004_250528_152715_h1EI5","COOKE S4 753","753","40","T 2 3/10","4.656","2.1","-0.5","ARRI ALEXA 35"
"15:28:59:21","A_0019C004_250528_152715_h1EI5","COOKE S4 753","753","40","T 2 3/10","4.656","2.1","-0.5","ARRI ALEXA 35"
"15:28:59:22","A_0019C004_250528_152715_h1EI5","COOKE S4 753","753","40","T 2 3/10","4.656","2.1","-0.5","ARRI ALEXA 35"
"15:28:59:23","A_0019C004_250528_152715_h1EI5","COOKE S4 753","753","40","T 2 3/10","4.656","2.1","-0.6","ARRI ALEXA 35"
"15:29:00:00","A_0019C004_250528_152715_h1EI5","COOKE S4 753","753","40","T 2 3/10","4.656","2.1","-0.6","ARRI ALEXA 35"
"15:29:00:01","A_0019C004_250528_152715_h1EI5","COOKE S4 753","753","40","T 2 3/10","4.656","2.1","-0.6","ARRI ALEXA 35"
"15:29:00:02","A_0019C004_250528_152715_h1EI5","COOKE S4 753","753","40","T 2 3/10","4.656","2.1","-0.6","ARRI ALEXA 35"
"15:29:00:03","A_0019C004_250528_152715_h1EI5","COOKE S4 753","753","40","T 2 3/10","4.656","2.1","-0.6","ARRI ALEXA 35"
"15:29:00:04","A_0019C004_250528_152715_h1EI5","COOKE S4 753","753","40","T 2 3/10","4.656","2.1","-0.6","ARRI ALEXA 35"
"15:29:00:05","A_0019C004_250528_152715_h1EI5","COOKE S4 753","753","40","T 2 3/10","4.656","2.1","-0.6","ARRI ALEXA 35"
"15:29:00:06","A_0019C004_250528_152715_h1EI5","COOKE S4 753","753","40","T 2 3/10","4.656","2.1","-0.6","ARRI ALEXA 35"
"15:29:00:07","A_0019C004_250528_152715_h1EI5","COOKE S4 753","753","40","T 2 3/10","4.656","2.1","-0.6","ARRI ALEXA 35"
"15:29:00:08","A_0019C004_250528_152715_h1EI5","COOKE S4 753","753","40","T 2 3/10","4.656","2.1","-0.6","ARRI ALEXA 35"
"15:29:00:09","A_0019C004_250528_152715_h1EI5","COOKE S4 753","753","40","T 2 3/10","4.656","2.1","-0.6","ARRI ALEXA 35"
"15:29:00:10","A_0019C004_250528_152715_h1EI5","COOKE S4 753","753","40","T 2 3/10","4.656","2.1","-0.6","ARRI ALEXA 35"
"15:29:00:11","A_0019C004_250528_152715_h1EI5","COOKE S4 753","753","40","T 2 3/10","4.656","2.1","-0.6","ARRI ALEXA 35"
"15:29:00:12","A_0019C004_250528_152715_h1EI5","COOKE S4 753","753","40","T 2 3/10","4.656","2.1","-0.6","ARRI ALEXA 35"
"15:29:00:13","A_0019C004_250528_152715_h1EI5","COOKE S4 753","753","40","T 2 3/10","4.656","2.1","-0.6","ARRI ALEXA 35"
"15:29:00:14","A_0019C004_250528_152715_h1EI5","COOKE S4 753","753","40","T 2 3/10","4.656","2.1","-0.6","ARRI ALEXA 35"
"15:29:00:15","A_0019C004_250528_152715_h1EI5","COOKE S4 753","753","40","T 2 3/10","4.656","2.1","-0.6","ARRI ALEXA 35"
"15:29:00:16","A_0019C004_250528_152715_h1EI5","COOKE S4 753","753","40","T 2 3/10","4.656","2.1","-0.6","ARRI ALEXA 35"
"15:29:00:17","A_0019C004_250528_152715_h1EI5","COOKE S4 753","753","40","T 2 3/10","4.656","2.1","-0.6","ARRI ALEXA 35"
"15:29:00:18","A_0019C004_250528_152715_h1EI5","COOKE S4 753","753","40","T 2 3/10","4.656","2.1","-0.6","ARRI ALEXA 35"
"15:29:00:19","A_0019C004_250528_152715_h1EI5","COOKE S4 753","753","40","T 2 3/10","4.656","2.1","-0.6","ARRI ALEXA 35"
"15:29:00:20","A_0019C004_250528_152715_h1EI5","COOKE S4 753","753","40","T 2 3/10","4.656","2.1","-0.6","ARRI ALEXA 35"
"15:29:00:21","A_0019C004_250528_152715_h1EI5","COOKE S4 753","753","40","T 2 3/10","4.656","2.1","-0.6","ARRI ALEXA 35"
"15:29:00:22","A_0019C004_250528_152715_h1EI5","COOKE S4 753","753","40","T 2 3/10","4.656","2.1","-0.6","ARRI ALEXA 35"
"15:29:00:23","A_0019C004_250528_152715_h1EI5","COOKE S4 753","753","40","T 2 3/10","4.656","2.1","-0.6","ARRI ALEXA 35"
"15:29:01:00","A_0019C004_250528_152715_h1EI5","COOKE S4 753","753","40","T 2 3/10","4.656","2.1","-0.6","ARRI ALEXA 35"
"15:29:01:01","A_0019C004_250528_152715_h1EI5","COOKE S4 753","753","40","T 2 3/10","4.656","2.1","-0.6","ARRI ALEXA 35"
"15:29:01:02","A_0019C004_250528_152715_h1EI5","COOKE S4 753","753","40","T 2 3/10","4.656","2.1","-0.6","ARRI ALEXA 35"
"15:29:01:03","A_0019C004_250528_152715_h1EI5","COOKE S4 753","753","40","T 2 3/10","4.656","2.1","-0.6","ARRI ALEXA 35"
"15:29:01:04","A_0019C004_250528_152715_h1EI5","COOKE S4 753","753","40","T 2 3/10","4.656","2.1","-0.6","ARRI ALEXA 35"
"15:29:01:05","A_0019C004_250528_152715_h1EI5","COOKE S4 753","753","40","T 2 3/10","4.656","2.1","-0.6","ARRI ALEXA 35"
"15:29:01:06","A_0019C004_250528_152715_h1EI5","COOKE S4 753","753","40","T 2 3/10","4.656","2.1","-0.6","ARRI ALEXA 35"
"15:29:01:07","A_0019C004_250528_152715_h1EI5","COOKE S4 753","753","40","T 2 3/10","4.656","2.1","-0.6","ARRI ALEXA 35"
"15:29:01:08","A_0019C004_250528_152715_h1EI5","COOKE S4 753","753","40","T 2 3/10","4.656","2.1","-0.6","ARRI ALEXA 35"
"15:29:01:09","A_0019C004_250528_152715_h1EI5","COOKE S4 753","753","40","T 2 3/10","4.656","2.1","-0.6","ARRI ALEXA 35"
"15:29:01:10","A_0019C004_250528_152715_h1EI5","COOKE S4 753","753","40","T 2 3/10","4.656","2.2","-0.6","ARRI ALEXA 35"
"15:29:01:11","A_0019C004_250528_152715_h1EI5","COOKE S4 753","753","40","T 2 3/10","4.656","2.2","-0.6","ARRI ALEXA 35"
"15:29:01:12","A_0019C004_250528_152715_h1EI5","COOKE S4 753","753","40","T 2 3/10","4.656","2.2","-0.6","ARRI ALEXA 35"
"15:29:01:13","A_0019C004_250528_152715_h1EI5","COOKE S4 753","753","40","T 2 3/10","4.656","2.2","-0.6","ARRI ALEXA 35"
"15:29:01:14","A_0019C004_250528_152715_h1EI5","COOKE S4 753","753","40","T 2 3/10","4.656","2.2","-0.6","ARRI ALEXA 35"
"15:29:01:15","A_0019C004_250528_152715_h1EI5","COOKE S4 753","753","40","T 2 3/10","4.656","2.2","-0.6","ARRI ALEXA 35"
"15:29:01:16","A_0019C004_250528_152715_h1EI5","COOKE S4 753","753","40","T 2 3/10","4.656","2.2","-0.6","ARRI ALEXA 35"
"15:29:01:17","A_0019C004_250528_152715_h1EI5","COOKE S4 753","753","40","T 2 3/10","4.656","2.2","-0.6","ARRI ALEXA 35"
"15:29:01:18","A_0019C004_250528_152715_h1EI5","COOKE S4 753","753","40","T 2 3/10","4.656","2.2","-0.6","ARRI ALEXA 35"
"15:29:01:19","A_0019C004_250528_152715_h1EI5","COOKE S4 753","753","40","T 2 3/10","4.656","2.2","-0.6","ARRI ALEXA 35"
"15:29:01:20","A_0019C004_250528_152715_h1EI5","COOKE S4 753","753","40","T 2 3/10","4.656","2.2","-0.6","ARRI ALEXA 35"
"15:29:01:21","A_0019C004_250528_152715_h1EI5","COOKE S4 753","753","40","T 2 3/10","4.656","2.2","-0.6","ARRI ALEXA 35"
"15:29:01:22","A_0019C004_250528_152715_h1EI5","COOKE S4 753","753","40","T 2 3/10","4.656","2.2","-0.6","ARRI ALEXA 35"
"15:29:01:23","A_0019C004_250528_152715_h1EI5","COOKE S4 753","753","40","T 2 3/10","4.656","2.2","-0.6","ARRI ALEXA 35"
"15:29:02:00","A_0019C004_250528_152715_h1EI5","COOKE S4 753","753","40","T 2 3/10","4.656","2.2","-0.6","ARRI ALEXA 35"
"15:29:02:01","A_0019C004_250528_152715_h1EI5","COOKE S4 753","753","40","T 2 3/10","4.656","2.2","-0.6","ARRI ALEXA 35"
"15:29:02:02","A_0019C004_250528_152715_h1EI5","COOKE S4 753","753","40","T 2 3/10","4.656","2.4","-0.6","ARRI ALEXA 35"
"15:29:02:03","A_0019C004_250528_152715_h1EI5","COOKE S4 753","753","40","T 2 3/10","4.656","2.4","-0.6","ARRI ALEXA 35"
"15:29:02:04","A_0019C004_250528_152715_h1EI5","COOKE S4 753","753","40","T 2 3/10","4.656","2.4","-0.6","ARRI ALEXA 35"
"15:29:02:05","A_0019C004_250528_152715_h1EI5","COOKE S4 753","753","40","T 2 3/10","4.656","2.4","-0.6","ARRI ALEXA 35"
"15:29:02:06","A_0019C004_250528_152715_h1EI5","COOKE S4 753","753","40","T 2 3/10","4.656","2.4","-0.6","ARRI ALEXA 35"
"15:29:02:07","A_0019C004_250528_152715_h1EI5","COOKE S4 753","753","40","T 2 3/10","4.656","2.4","-0.6","ARRI ALEXA 35"
"15:29:02:08","A_0019C004_250528_152715_h1EI5","COOKE S4 753","753","40","T 2 3/10","4.656","2.4","-0.6","ARRI ALEXA 35"
"15:29:02:09","A_0019C004_250528_152715_h1EI5","COOKE S4 753","753","40","T 2 3/10","4.656","2.4","-0.6","ARRI ALEXA 35"
"15:29:02:10","A_0019C004_250528_152715_h1EI5","COOKE S4 753","753","40","T 2 3/10","4.656","2.4","-0.6","ARRI ALEXA 35"
"15:29:02:11","A_0019C004_250528_152715_h1EI5","COOKE S4 753","753","40","T 2 3/10","4.656","2.4","-0.6","ARRI ALEXA 35"
"15:29:02:12","A_0019C004_250528_152715_h1EI5","COOKE S4 753","753","40","T 2 3/10","4.656","2.4","-0.6","ARRI ALEXA 35"
"15:29:02:13","A_0019C004_250528_152715_h1EI5","COOKE S4 753","753","40","T 2 3/10","4.656","2.4","-0.6","ARRI ALEXA 35"
"15:29:02:14","A_0019C004_250528_152715_h1EI5","COOKE S4 753","753","40","T 2 3/10","4.656","2.4","-0.6","ARRI ALEXA 35"
"15:29:02:15","A_0019C004_250528_152715_h1EI5","COOKE S4 753","753","40","T 2 3/10","4.656","2.4","-0.6","ARRI ALEXA 35"
"15:29:02:16","A_0019C004_250528_152715_h1EI5","COOKE S4 753","753","40","T 2 3/10","4.656","2.4","-0.6","ARRI ALEXA 35"
"15:29:02:17","A_0019C004_250528_152715_h1EI5","COOKE S4 753","753","40","T 2 3/10","4.656","2.5","-0.6","ARRI ALEXA 35"
"15:29:02:18","A_0019C004_250528_152715_h1EI5","COOKE S4 753","753","40","T 2 3/10","4.656","2.5","-0.6","ARRI ALEXA 35"
"15:29:02:19","A_0019C004_250528_152715_h1EI5","COOKE S4 753","753","40","T 2 3/10","4.656","2.5","-0.6","ARRI ALEXA 35"
"15:29:02:20","A_0019C004_250528_152715_h1EI5","COOKE S4 753","753","40","T 2 3/10","4.656","2.5","-0.6","ARRI ALEXA 35"
"15:29:02:21","A_0019C004_250528_152715_h1EI5","COOKE S4 753","753","40","T 2 3/10","4.656","2.5","-0.6","ARRI ALEXA 35"
"15:29:02:22","A_0019C004_250528_152715_h1EI5","COOKE S4 753","753","40","T 2 3/10","4.656","2.5","-0.6","ARRI ALEXA 35"
"15:29:02:23","A_0019C004_250528_152715_h1EI5","COOKE S4 753","753","40","T 2 3/10","4.656","2.5","-0.6","ARRI ALEXA 35"
"15:29:03:00","A_0019C004_250528_152715_h1EI5","COOKE S4 753","753","40","T 2 3/10","4.656","2.5","-0.6","ARRI ALEXA 35"
"15:29:03:01","A_0019C004_250528_152715_h1EI5","COOKE S4 753","753","40","T 2 3/10","4.656","2.5","-0.6","ARRI ALEXA 35"
"15:29:03:02","A_0019C004_250528_152715_h1EI5","COOKE S4 753","753","40","T 2 3/10","4.656","2.5","-0.6","ARRI ALEXA 35"
"15:29:03:03","A_0019C004_250528_152715_h1EI5","COOKE S4 753","753","40","T 2 3/10","4.649","2.5","-0.6","ARRI ALEXA 35"
"15:29:03:04","A_0019C004_250528_152715_h1EI5","COOKE S4 753","753","40","T 2 3/10","4.642","2.5","-0.6","ARRI ALEXA 35"
"15:29:03:05","A_0019C004_250528_152715_h1EI5","COOKE S4 753","753","40","T 2 3/10","4.636","2.5","-0.4","ARRI ALEXA 35"
"15:29:03:06","A_0019C004_250528_152715_h1EI5","COOKE S4 753","753","40","T 2 3/10","4.633","2.5","-0.4","ARRI ALEXA 35"
"15:29:03:07","A_0019C004_250528_152715_h1EI5","COOKE S4 753","753","40","T 2 3/10","4.623","2.5","-0.4","ARRI ALEXA 35"
"15:29:03:08","A_0019C004_250528_152715_h1EI5","COOKE S4 753","753","40","T 2 3/10","4.613","2.3","-0.4","ARRI ALEXA 35"
"15:29:03:09","A_0019C004_250528_152715_h1EI5","COOKE S4 753","753","40","T 2 3/10","4.603","2.3","-0.4","ARRI ALEXA 35"
"15:29:03:10","A_0019C004_250528_152715_h1EI5","COOKE S4 753","753","40","T 2 3/10","4.603","2.3","-0.4","ARRI ALEXA 35"
"15:29:03:11","A_0019C004_250528_152715_h1EI5","COOKE S4 753","753","40","T 2 3/10","4.596","2.3","-0.4","ARRI ALEXA 35"
"15:29:03:12","A_0019C004_250528_152715_h1EI5","COOKE S4 753","753","40","T 2 3/10","4.587","2.3","-0.4","ARRI ALEXA 35"
"15:29:03:13","A_0019C004_250528_152715_h1EI5","COOKE S4 753","753","40","T 2 3/10","4.573","2.3","-0.4","ARRI ALEXA 35"
"15:29:03:14","A_0019C004_250528_152715_h1EI5","COOKE S4 753","753","40","T 2 3/10","4.57","2.4","-0.4","ARRI ALEXA 35"
"15:29:03:15","A_0019C004_250528_152715_h1EI5","COOKE S4 753","753","40","T 2 3/10","4.567","2.4","-0.4","ARRI ALEXA 35"
"15:29:03:16","A_0019C004_250528_152715_h1EI5","COOKE S4 753","753","40","T 2 3/10","4.554","2.4","-0.4","ARRI ALEXA 35"
"15:29:03:17","A_0019C004_250528_152715_h1EI5","COOKE S4 753","753","40","T 2 3/10","4.551","2.4","-0.4","ARRI ALEXA 35"
"15:29:03:18","A_0019C004_250528_152715_h1EI5","COOKE S4 753","753","40","T 2 3/10","4.547","2.4","-0.4","ARRI ALEXA 35"
"15:29:03:19","A_0019C004_250528_152715_h1EI5","COOKE S4 753","753","40","T 2 3/10","4.544","2.4","-0.4","ARRI ALEXA 35"
"15:29:03:20","A_0019C004_250528_152715_h1EI5","COOKE S4 753","753","40","T 2 3/10","4.541","2.4","-0.4","ARRI ALEXA 35"
"15:29:03:21","A_0019C004_250528_152715_h1EI5","COOKE S4 753","753","40","T 2 3/10","4.541","2.4","-0.4","ARRI ALEXA 35"
"15:29:03:22","A_0019C004_250528_152715_h1EI5","COOKE S4 753","753","40","T 2 3/10","4.541","2.4","-0.4","ARRI ALEXA 35"
"15:29:03:23","A_0019C004_250528_152715_h1EI5","COOKE S4 753","753","40","T 2 3/10","4.541","2.4","-0.4","ARRI ALEXA 35"
"15:29:04:00","A_0019C004_250528_152715_h1EI5","COOKE S4 753","753","40","T 2 3/10","4.541","2.4","-0.4","ARRI ALEXA 35"
"15:29:04:01","A_0019C004_250528_152715_h1EI5","COOKE S4 753","753","40","T 2 3/10","4.541","2.4","-0.4","ARRI ALEXA 35"
"15:29:04:02","A_0019C004_250528_152715_h1EI5","COOKE S4 753","753","40","T 2 3/10","4.541","2.4","-0.4","ARRI ALEXA 35"
"15:29:04:03","A_0019C004_250528_152715_h1EI5","COOKE S4 753","753","40","T 2 3/10","4.541","2.4","-0.4","ARRI ALEXA 35"
"15:29:04:04","A_0019C004_250528_152715_h1EI5","COOKE S4 753","753","40","T 2 3/10","4.541","2.4","-0.4","ARRI ALEXA 35"
"15:29:04:05","A_0019C004_250528_152715_h1EI5","COOKE S4 753","753","40","T 2 3/10","4.541","2.4","-0.4","ARRI ALEXA 35"
"15:29:04:06","A_0019C004_250528_152715_h1EI5","COOKE S4 753","753","40","T 2 3/10","4.541","2.4","-0.4","ARRI ALEXA 35"
"15:29:04:07","A_0019C004_250528_152715_h1EI5","COOKE S4 753","753","40","T 2 3/10","4.541","2.4","-0.4","ARRI ALEXA 35"
"15:29:04:08","A_0019C004_250528_152715_h1EI5","COOKE S4 753","753","40","T 2 3/10","4.541","2.4","-0.4","ARRI ALEXA 35"
"15:29:04:09","A_0019C004_250528_152715_h1EI5","COOKE S4 753","753","40","T 2 3/10","4.541","2.4","-0.4","ARRI ALEXA 35"
"15:29:04:10","A_0019C004_250528_152715_h1EI5","COOKE S4 753","753","40","T 2 3/10","4.541","2.4","-0.4","ARRI ALEXA 35"
"15:29:04:11","A_0019C004_250528_152715_h1EI5","COOKE S4 753","753","40","T 2 3/10","4.541","2.4","-0.4","ARRI ALEXA 35"
"15:29:04:12","A_0019C004_250528_152715_h1EI5","COOKE S4 753","753","40","T 2 3/10","4.541","2.4","-0.2","ARRI ALEXA 35"
"15:29:04:13","A_0019C004_250528_152715_h1EI5","COOKE S4 753","753","40","T 2 3/10","4.541","2.4","-0.2","ARRI ALEXA 35"
"15:29:04:14","A_0019C004_250528_152715_h1EI5","COOKE S4 753","753","40","T 2 3/10","4.541","2.4","-0.2","ARRI ALEXA 35"
"15:29:04:15","A_0019C004_250528_152715_h1EI5","COOKE S4 753","753","40","T 2 3/10","4.541","2.4","-0.2","ARRI ALEXA 35"
"15:29:04:16","A_0019C004_250528_152715_h1EI5","COOKE S4 753","753","40","T 2 3/10","4.541","2.4","-0.2","ARRI ALEXA 35"
"15:29:04:17","A_0019C004_250528_152715_h1EI5","COOKE S4 753","753","40","T 2 3/10","4.541","2.4","-0.2","ARRI ALEXA 35"
"15:29:04:18","A_0019C004_250528_152715_h1EI5","COOKE S4 753","753","40","T 2 3/10","4.541","2.4","-0.2","ARRI ALEXA 35"
"15:29:04:19","A_0019C004_250528_152715_h1EI5","COOKE S4 753","753","40","T 2 3/10","4.541","2.4","-0.2","ARRI ALEXA 35"
"15:29:04:20","A_0019C004_250528_152715_h1EI5","COOKE S4 753","753","40","T 2 3/10","4.541","2.4","-0.2","ARRI ALEXA 35"
"15:29:04:21","A_0019C004_250528_152715_h1EI5","COOKE S4 753","753","40","T 2 3/10","4.541","2.4","-0.2","ARRI ALEXA 35"
"15:29:04:22","A_0019C004_250528_152715_h1EI5","COOKE S4 753","753","40","T 2 3/10","4.541","2.4","-0.2","ARRI ALEXA 35"
"15:29:04:23","A_0019C004_250528_152715_h1EI5","COOKE S4 753","753","40","T 2 3/10","4.541","2.4","-0.2","ARRI ALEXA 35"
"15:29:05:00","A_0019C004_250528_152715_h1EI5","COOKE S4 753","753","40","T 2 3/10","4.541","2.4","-0.2","ARRI ALEXA 35"
"15:29:05:01","A_0019C004_250528_152715_h1EI5","COOKE S4 753","753","40","T 2 3/10","4.541","2.4","-0.2","ARRI ALEXA 35"
"15:29:05:02","A_0019C004_250528_152715_h1EI5","COOKE S4 753","753","40","T 2 3/10","4.541","2.4","-0.2","ARRI ALEXA 35"
"15:29:05:03","A_0019C004_250528_152715_h1EI5","COOKE S4 753","753","40","T 2 3/10","4.541","2.4","-0.2","ARRI ALEXA 35"
"15:29:05:04","A_0019C004_250528_152715_h1EI5","COOKE S4 753","753","40","T 2 3/10","4.541","2.4","-0.2","ARRI ALEXA 35"
"15:29:05:05","A_0019C004_250528_152715_h1EI5","COOKE S4 753","753","40","T 2 3/10","4.541","2.4","-0.2","ARRI ALEXA 35"
"15:29:05:06","A_0019C004_250528_152715_h1EI5","COOKE S4 753","753","40","T 2 3/10","4.541","2.4","-0.2","ARRI ALEXA 35"
"15:29:05:07","A_0019C004_250528_152715_h1EI5","COOKE S4 753","753","40","T 2 3/10","4.541","2.4","-0.4","ARRI ALEXA 35"
"15:29:05:08","A_0019C004_250528_152715_h1EI5","COOKE S4 753","753","40","T 2 3/10","4.541","2.4","-0.4","ARRI ALEXA 35"
"15:29:05:09","A_0019C004_250528_152715_h1EI5","COOKE S4 753","753","40","T 2 3/10","4.541","2.4","-0.4","ARRI ALEXA 35"
"15:29:05:10","A_0019C004_250528_152715_h1EI5","COOKE S4 753","753","40","T 2 3/10","4.541","2.4","-0.4","ARRI ALEXA 35"
"15:29:05:11","A_0019C004_250528_152715_h1EI5","COOKE S4 753","753","40","T 2 3/10","4.541","2.4","-0.4","ARRI ALEXA 35"
"15:29:05:12","A_0019C004_250528_152715_h1EI5","COOKE S4 753","753","40","T 2 3/10","4.541","2.4","-0.4","ARRI ALEXA 35"
"15:29:05:13","A_0019C004_250528_152715_h1EI5","COOKE S4 753","753","40","T 2 3/10","4.541","2.4","-0.4","ARRI ALEXA 35"
"15:29:05:14","A_0019C004_250528_152715_h1EI5","COOKE S4 753","753","40","T 2 3/10","4.541","2.4","-0.4","ARRI ALEXA 35"
"15:29:05:15","A_0019C004_250528_152715_h1EI5","COOKE S4 753","753","40","T 2 3/10","4.541","2.4","-0.4","ARRI ALEXA 35"
"15:29:05:16","A_0019C004_250528_152715_h1EI5","COOKE S4 753","753","40","T 2 3/10","4.541","2.4","-0.4","ARRI ALEXA 35"
"15:29:05:17","A_0019C004_250528_152715_h1EI5","COOKE S4 753","753","40","T 2 3/10","4.541","2.4","-0.4","ARRI ALEXA 35"
"15:29:05:18","A_0019C004_250528_152715_h1EI5","COOKE S4 753","753","40","T 2 3/10","4.541","2.4","-0.4","ARRI ALEXA 35"
"15:29:05:19","A_0019C004_250528_152715_h1EI5","COOKE S4 753","753","40","T 2 3/10","4.541","2.4","-0.4","ARRI ALEXA 35"
"15:29:05:20","A_0019C004_250528_152715_h1EI5","COOKE S4 753","753","40","T 2 3/10","4.541","2.4","-0.4","ARRI ALEXA 35"
"15:29:05:21","A_0019C004_250528_152715_h1EI5","COOKE S4 753","753","40","T 2 3/10","4.541","2.4","-0.4","ARRI ALEXA 35"
"15:29:05:22","A_0019C004_250528_152715_h1EI5","COOKE S4 753","753","40","T 2 3/10","4.541","2.4","-0.4","ARRI ALEXA 35"
"15:29:05:23","A_0019C004_250528_152715_h1EI5","COOKE S4 753","753","40","T 2 3/10","4.541","2.4","-0.4","ARRI ALEXA 35"
"15:29:06:00","A_0019C004_250528_152715_h1EI5","COOKE S4 753","753","40","T 2 3/10","4.541","2.4","-0.4","ARRI ALEXA 35"
"15:29:06:01","A_0019C004_250528_152715_h1EI5","COOKE S4 753","753","40","T 2 3/10","4.541","2.4","-0.4","ARRI ALEXA 35"
"15:29:06:02","A_0019C004_250528_152715_h1EI5","COOKE S4 753","753","40","T 2 3/10","4.541","2.4","-0.4","ARRI ALEXA 35"
"15:29:06:03","A_0019C004_250528_152715_h1EI5","COOKE S4 753","753","40","T 2 3/10","4.541","2.4","-0.4","ARRI ALEXA 35"
"15:29:06:04","A_0019C004_250528_152715_h1EI5","COOKE S4 753","753","40","T 2 3/10","4.541","2.4","-0.4","ARRI ALEXA 35"
"15:29:06:05","A_0019C004_250528_152715_h1EI5","COOKE S4 753","753","40","T 2 3/10","4.541","2.4","-0.4","ARRI ALEXA 35"
"15:29:06:06","A_0019C004_250528_152715_h1EI5","COOKE S4 753","753","40","T 2 3/10","4.541","2.4","-0.4","ARRI ALEXA 35"
"15:29:06:07","A_0019C004_250528_152715_h1EI5","COOKE S4 753","753","40","T 2 3/10","4.541","2.4","-0.4","ARRI ALEXA 35"
"15:29:06:08","A_0019C004_250528_152715_h1EI5","COOKE S4 753","753","40","T 2 3/10","4.537","2.4","-0.4","ARRI ALEXA 35"
"15:29:06:09","A_0019C004_250528_152715_h1EI5","COOKE S4 753","753","40","T 2 3/10","4.537","2.4","-0.4","ARRI ALEXA 35"
"15:29:06:10","A_0019C004_250528_152715_h1EI5","COOKE S4 753","753","40","T 2 3/10","4.537","2.4","-0.4","ARRI ALEXA 35"
"15:29:06:11","A_0019C004_250528_152715_h1EI5","COOKE S4 753","753","40","T 2 3/10","4.537","2.4","-0.4","ARRI ALEXA 35"
"15:29:06:12","A_0019C004_250528_152715_h1EI5","COOKE S4 753","753","40","T 2 3/10","4.537","2.4","-0.4","ARRI ALEXA 35"
"15:29:06:13","A_0019C004_250528_152715_h1EI5","COOKE S4 753","753","40","T 2 3/10","4.537","2.4","-0.4","ARRI ALEXA 35"
"15:29:06:14","A_0019C004_250528_152715_h1EI5","COOKE S4 753","753","40","T 2 3/10","4.534","2.4","-0.4","ARRI ALEXA 35"
"15:29:06:15","A_0019C004_250528_152715_h1EI5","COOKE S4 753","753","40","T 2 3/10","4.528","2.2","-0.4","ARRI ALEXA 35"
"15:29:06:16","A_0019C004_250528_152715_h1EI5","COOKE S4 753","753","40","T 2 3/10","4.518","2.2","-0.4","ARRI ALEXA 35"
"15:29:06:17","A_0019C004_250528_152715_h1EI5","COOKE S4 753","753","40","T 2 3/10","4.505","2.2","-0.4","ARRI ALEXA 35"
"15:29:06:18","A_0019C004_250528_152715_h1EI5","COOKE S4 753","753","40","T 2 3/10","4.498","2.2","-0.4","ARRI ALEXA 35"
"15:29:06:19","A_0019C004_250528_152715_h1EI5","COOKE S4 753","753","40","T 2 3/10","4.495","2.2","-0.2","ARRI ALEXA 35"
"15:29:06:20","A_0019C004_250528_152715_h1EI5","COOKE S4 753","753","40","T 2 3/10","4.488","2.2","-0.2","ARRI ALEXA 35"
"15:29:06:21","A_0019C004_250528_152715_h1EI5","COOKE S4 753","753","40","T 2 3/10","4.482","2.2","-0.2","ARRI ALEXA 35"
"15:29:06:22","A_0019C004_250528_152715_h1EI5","COOKE S4 753","753","40","T 2 3/10","4.482","2.2","-0.2","ARRI ALEXA 35"
"15:29:06:23","A_0019C004_250528_152715_h1EI5","COOKE S4 753","753","40","T 2 3/10","4.472","2.2","-0.2","ARRI ALEXA 35"
"15:29:07:00","A_0019C004_250528_152715_h1EI5","COOKE S4 753","753","40","T 2 3/10","4.472","2","-0.2","ARRI ALEXA 35"
"15:29:07:01","A_0019C004_250528_152715_h1EI5","COOKE S4 753","753","40","T 2 3/10","4.465","2","-0.2","ARRI ALEXA 35"
"15:29:07:02","A_0019C004_250528_152715_h1EI5","COOKE S4 753","753","40","T 2 3/10","4.465","2","-0.2","ARRI ALEXA 35"
"15:29:07:03","A_0019C004_250528_152715_h1EI5","COOKE S4 753","753","40","T 2 3/10","4.455","2","-0.2","ARRI ALEXA 35"
"15:29:07:04","A_0019C004_250528_152715_h1EI5","COOKE S4 753","753","40","T 2 3/10","4.455","2","-0.2","ARRI ALEXA 35"
"15:29:07:05","A_0019C004_250528_152715_h1EI5","COOKE S4 753","753","40","T 2 3/10","4.455","2","-0.2","ARRI ALEXA 35"
"15:29:07:06","A_0019C004_250528_152715_h1EI5","COOKE S4 753","753","40","T 2 3/10","4.455","2","-0.2","ARRI ALEXA 35"
"15:29:07:07","A_0019C004_250528_152715_h1EI5","COOKE S4 753","753","40","T 2 3/10","4.455","2","-0.2","ARRI ALEXA 35"
"15:29:07:08","A_0019C004_250528_152715_h1EI5","COOKE S4 753","753","40","T 2 3/10","4.455","2","-0.2","ARRI ALEXA 35"
"15:29:07:09","A_0019C004_250528_152715_h1EI5","COOKE S4 753","753","40","T 2 3/10","4.455","2","-0.2","ARRI ALEXA 35"
"15:29:07:10","A_0019C004_250528_152715_h1EI5","COOKE S4 753","753","40","T 2 3/10","4.455","2","-0.2","ARRI ALEXA 35"
"15:29:07:11","A_0019C004_250528_152715_h1EI5","COOKE S4 753","753","40","T 2 3/10","4.455","2","-0.2","ARRI ALEXA 35"
"15:29:07:12","A_0019C004_250528_152715_h1EI5","COOKE S4 753","753","40","T 2 3/10","4.455","2","-0.2","ARRI ALEXA 35"
"15:29:07:13","A_0019C004_250528_152715_h1EI5","COOKE S4 753","753","40","T 2 3/10","4.455","1.8","-0.2","ARRI ALEXA 35"
"15:29:07:14","A_0019C004_250528_152715_h1EI5","COOKE S4 753","753","40","T 2 3/10","4.455","1.8","-0.2","ARRI ALEXA 35"
"15:29:07:15","A_0019C004_250528_152715_h1EI5","COOKE S4 753","753","40","T 2 3/10","4.455","1.8","-0.2","ARRI ALEXA 35"
"15:29:07:16","A_0019C004_250528_152715_h1EI5","COOKE S4 753","753","40","T 2 3/10","4.455","1.8","-0.2","ARRI ALEXA 35"
"15:29:07:17","A_0019C004_250528_152715_h1EI5","COOKE S4 753","753","40","T 2 3/10","4.455","1.8","-0.2","ARRI ALEXA 35"
"15:29:07:18","A_0019C004_250528_152715_h1EI5","COOKE S4 753","753","40","T 2 3/10","4.455","1.8","-0.2","ARRI ALEXA 35"
"15:29:07:19","A_0019C004_250528_152715_h1EI5","COOKE S4 753","753","40","T 2 3/10","4.455","1.8","-0.2","ARRI ALEXA 35"
"15:29:07:20","A_0019C004_250528_152715_h1EI5","COOKE S4 753","753","40","T 2 3/10","4.455","1.8","-0.2","ARRI ALEXA 35"
"15:29:07:21","A_0019C004_250528_152715_h1EI5","COOKE S4 753","753","40","T 2 3/10","4.455","1.6","-0.2","ARRI ALEXA 35"
"15:29:07:22","A_0019C004_250528_152715_h1EI5","COOKE S4 753","753","40","T 2 3/10","4.455","1.6","-0.2","ARRI ALEXA 35"
"15:29:07:23","A_0019C004_250528_152715_h1EI5","COOKE S4 753","753","40","T 2 3/10","4.455","1.6","-0.2","ARRI ALEXA 35"
"15:29:08:00","A_0019C004_250528_152715_h1EI5","COOKE S4 753","753","40","T 2 3/10","4.455","1.6","-0.2","ARRI ALEXA 35"
"15:29:08:01","A_0019C004_250528_152715_h1EI5","COOKE S4 753","753","40","T 2 3/10","4.455","1.6","-0.2","ARRI ALEXA 35"
"15:29:08:02","A_0019C004_250528_152715_h1EI5","COOKE S4 753","753","40","T 2 3/10","4.455","1.6","-0.2","ARRI ALEXA 35"
"15:29:08:03","A_0019C004_250528_152715_h1EI5","COOKE S4 753","753","40","T 2 3/10","4.455","1.6","-0.2","ARRI ALEXA 35"
"15:29:08:04","A_0019C004_250528_152715_h1EI5","COOKE S4 753","753","40","T 2 3/10","4.455","1.6","-0.2","ARRI ALEXA 35"
"15:29:08:05","A_0019C004_250528_152715_h1EI5","COOKE S4 753","753","40","T 2 3/10","4.455","1.6","-0.2","ARRI ALEXA 35"
"15:29:08:06","A_0019C004_250528_152715_h1EI5","COOKE S4 753","753","40","T 2 3/10","4.455","1.6","-0.2","ARRI ALEXA 35"
"15:29:08:07","A_0019C004_250528_152715_h1EI5","COOKE S4 753","753","40","T 2 3/10","4.455","1.6","-0.2","ARRI ALEXA 35"
"15:29:08:08","A_0019C004_250528_152715_h1EI5","COOKE S4 753","753","40","T 2 3/10","4.455","1.6","-0.2","ARRI ALEXA 35"
"15:29:08:09","A_0019C004_250528_152715_h1EI5","COOKE S4 753","753","40","T 2 3/10","4.455","1.4","-0.2","ARRI ALEXA 35"
"15:29:08:10","A_0019C004_250528_152715_h1EI5","COOKE S4 753","753","40","T 2 3/10","4.455","1.4","-0.2","ARRI ALEXA 35"
"15:29:08:11","A_0019C004_250528_152715_h1EI5","COOKE S4 753","753","40","T 2 3/10","4.449","1.4","-0.2","ARRI ALEXA 35"
"15:29:08:12","A_0019C004_250528_152715_h1EI5","COOKE S4 753","753","40","T 2 3/10","4.449","1.4","-0.2","ARRI ALEXA 35"
"15:29:08:13","A_0019C004_250528_152715_h1EI5","COOKE S4 753","753","40","T 2 3/10","4.449","1.4","-0.2","ARRI ALEXA 35"
"15:29:08:14","A_0019C004_250528_152715_h1EI5","COOKE S4 753","753","40","T 2 3/10","4.446","1.4","-0.2","ARRI ALEXA 35"
"15:29:08:15","A_0019C004_250528_152715_h1EI5","COOKE S4 753","753","40","T 2 3/10","4.442","1.4","-0.2","ARRI ALEXA 35"
"15:29:08:16","A_0019C004_250528_152715_h1EI5","COOKE S4 753","753","40","T 2 3/10","4.432","1.4","-0.2","ARRI ALEXA 35"
"15:29:08:17","A_0019C004_250528_152715_h1EI5","COOKE S4 753","753","40","T 2 3/10","4.423","1.4","-0.2","ARRI ALEXA 35"
"15:29:08:18","A_0019C004_250528_152715_h1EI5","COOKE S4 753","753","40","T 2 3/10","4.413","1.4","-0.2","ARRI ALEXA 35"
"15:29:08:19","A_0019C004_250528_152715_h1EI5","COOKE S4 753","753","40","T 2 3/10","4.409","1.4","-0.2","ARRI ALEXA 35"
"15:29:08:20","A_0019C004_250528_152715_h1EI5","COOKE S4 753","753","40","T 2 3/10","4.396","1.4","-0.2","ARRI ALEXA 35"
"15:29:08:21","A_0019C004_250528_152715_h1EI5","COOKE S4 753","753","40","T 2 3/10","4.39","1.4","-0.2","ARRI ALEXA 35"
"15:29:08:22","A_0019C004_250528_152715_h1EI5","COOKE S4 753","753","40","T 2 3/10","4.383","1.4","-0.2","ARRI ALEXA 35"
"15:29:08:23","A_0019C004_250528_152715_h1EI5","COOKE S4 753","753","40","T 2 3/10","4.377","1.4","-0.2","ARRI ALEXA 35"
"15:29:09:00","A_0019C004_250528_152715_h1EI5","COOKE S4 753","753","40","T 2 3/10","4.367","1.4","-0.2","ARRI ALEXA 35"
"15:29:09:01","A_0019C004_250528_152715_h1EI5","COOKE S4 753","753","40","T 2 3/10","4.357","1.4","-0.2","ARRI ALEXA 35"
"15:29:09:02","A_0019C004_250528_152715_h1EI5","COOKE S4 753","753","40","T 2 3/10","4.357","1.4","-0.2","ARRI ALEXA 35"
"15:29:09:03","A_0019C004_250528_152715_h1EI5","COOKE S4 753","753","40","T 2 3/10","4.354","1.4","-0.2","ARRI ALEXA 35"
"15:29:09:04","A_0019C004_250528_152715_h1EI5","COOKE S4 753","753","40","T 2 3/10","4.347","1.4","-0.2","ARRI ALEXA 35"
"15:29:09:05","A_0019C004_250528_152715_h1EI5","COOKE S4 753","753","40","T 2 3/10","4.347","1.4","-0.2","ARRI ALEXA 35"
"15:29:09:06","A_0019C004_250528_152715_h1EI5","COOKE S4 753","753","40","T 2 3/10","4.347","1.5","-0.2","ARRI ALEXA 35"
"15:29:09:07","A_0019C004_250528_152715_h1EI5","COOKE S4 753","753","40","T 2 3/10","4.337","1.5","-0.2","ARRI ALEXA 35"
"15:29:09:08","A_0019C004_250528_152715_h1EI5","COOKE S4 753","753","40","T 2 3/10","4.331","1.5","-0.2","ARRI ALEXA 35"
"15:29:09:09","A_0019C004_250528_152715_h1EI5","COOKE S4 753","753","40","T 2 3/10","4.327","1.5","-0.2","ARRI ALEXA 35"
"15:29:09:10","A_0019C004_250528_152715_h1EI5","COOKE S4 753","753","40","T 2 3/10","4.321","1.5","-0.2","ARRI ALEXA 35"
"15:29:09:11","A_0019C004_250528_152715_h1EI5","COOKE S4 753","753","40","T 2 3/10","4.314","1.5","-0.2","ARRI ALEXA 35"
"15:29:09:12","A_0019C004_250528_152715_h1EI5","COOKE S4 753","753","40","T 2 3/10","4.308","1.5","-0.2","ARRI ALEXA 35"
"15:29:09:13","A_0019C004_250528_152715_h1EI5","COOKE S4 753","753","40","T 2 3/10","4.308","1.5","-0.2","ARRI ALEXA 35"
"15:29:09:14","A_0019C004_250528_152715_h1EI5","COOKE S4 753","753","40","T 2 3/10","4.308","1.5","-0.2","ARRI ALEXA 35"
"15:29:09:15","A_0019C004_250528_152715_h1EI5","COOKE S4 753","753","40","T 2 3/10","4.308","1.5","-0.2","ARRI ALEXA 35"
"15:29:09:16","A_0019C004_250528_152715_h1EI5","COOKE S4 753","753","40","T 2 3/10","4.308","1.5","-0.2","ARRI ALEXA 35"
"15:29:09:17","A_0019C004_250528_152715_h1EI5","COOKE S4 753","753","40","T 2 3/10","4.308","1.5","-0.2","ARRI ALEXA 35"
"15:29:09:18","A_0019C004_250528_152715_h1EI5","COOKE S4 753","753","40","T 2 3/10","4.304","1.5","-0.2","ARRI ALEXA 35"
"15:29:09:19","A_0019C004_250528_152715_h1EI5","COOKE S4 753","753","40","T 2 3/10","4.301","1.5","-0.2","ARRI ALEXA 35"
"15:29:09:20","A_0019C004_250528_152715_h1EI5","COOKE S4 753","753","40","T 2 3/10","4.298","1.6","-0.2","ARRI ALEXA 35"
"15:29:09:21","A_0019C004_250528_152715_h1EI5","COOKE S4 753","753","40","T 2 3/10","4.291","1.6","-0.2","ARRI ALEXA 35"
"15:29:09:22","A_0019C004_250528_152715_h1EI5","COOKE S4 753","753","40","T 2 3/10","4.288","1.6","-0.2","ARRI ALEXA 35"
"15:29:09:23","A_0019C004_250528_152715_h1EI5","COOKE S4 753","753","40","T 2 3/10","4.275","1.6","-0.2","ARRI ALEXA 35"
"15:29:10:00","A_0019C004_250528_152715_h1EI5","COOKE S4 753","753","40","T 2 3/10","4.272","1.6","-0.2","ARRI ALEXA 35"
"15:29:10:01","A_0019C004_250528_152715_h1EI5","COOKE S4 753","753","40","T 2 3/10","4.268","1.6","-0.2","ARRI ALEXA 35"
"15:29:10:02","A_0019C004_250528_152715_h1EI5","COOKE S4 753","753","40","T 2 3/10","4.268","1.6","-0.2","ARRI ALEXA 35"
"15:29:10:03","A_0019C004_250528_152715_h1EI5","COOKE S4 753","753","40","T 2 3/10","4.262","1.6","-0.2","ARRI ALEXA 35"
"15:29:10:04","A_0019C004_250528_152715_h1EI5","COOKE S4 753","753","40","T 2 3/10","4.255","1.6","-0.2","ARRI ALEXA 35"
"15:29:10:05","A_0019C004_250528_152715_h1EI5","COOKE S4 753","753","40","T 2 3/10","4.255","1.6","-0.2","ARRI ALEXA 35"
"15:29:10:06","A_0019C004_250528_152715_h1EI5","COOKE S4 753","753","40","T 2 3/10","4.255","1.6","-0.2","ARRI ALEXA 35"
"15:29:10:07","A_0019C004_250528_152715_h1EI5","COOKE S4 753","753","40","T 2 3/10","4.249","1.7","-0.2","ARRI ALEXA 35"
"15:29:10:08","A_0019C004_250528_152715_h1EI5","COOKE S4 753","753","40","T 2 3/10","4.249","1.7","-0.2","ARRI ALEXA 35"
"15:29:10:09","A_0019C004_250528_152715_h1EI5","COOKE S4 753","753","40","T 2 3/10","4.245","1.7","-0.2","ARRI ALEXA 35"
"15:29:10:10","A_0019C004_250528_152715_h1EI5","COOKE S4 753","753","40","T 2 3/10","4.245","1.7","-0.2","ARRI ALEXA 35"
"15:29:10:11","A_0019C004_250528_152715_h1EI5","COOKE S4 753","753","40","T 2 3/10","4.242","1.7","-0.2","ARRI ALEXA 35"
"15:29:10:12","A_0019C004_250528_152715_h1EI5","COOKE S4 753","753","40","T 2 3/10","4.242","1.7","-0.2","ARRI ALEXA 35"
"15:29:10:13","A_0019C004_250528_152715_h1EI5","COOKE S4 753","753","40","T 2 3/10","4.239","1.7","-0.2","ARRI ALEXA 35"
"15:29:10:14","A_0019C004_250528_152715_h1EI5","COOKE S4 753","753","40","T 2 3/10","4.239","1.7","-0.2","ARRI ALEXA 35"
"15:29:10:15","A_0019C004_250528_152715_h1EI5","COOKE S4 753","753","40","T 2 3/10","4.239","1.7","-0.2","ARRI ALEXA 35"
"15:29:10:16","A_0019C004_250528_152715_h1EI5","COOKE S4 753","753","40","T 2 3/10","4.239","1.7","-0.2","ARRI ALEXA 35"
"15:29:10:17","A_0019C004_250528_152715_h1EI5","COOKE S4 753","753","40","T 2 3/10","4.239","1.7","-0.2","ARRI ALEXA 35"
"15:29:10:18","A_0019C004_250528_152715_h1EI5","COOKE S4 753","753","40","T 2 3/10","4.239","1.7","-0.2","ARRI ALEXA 35"
"15:29:10:19","A_0019C004_250528_152715_h1EI5","COOKE S4 753","753","40","T 2 3/10","4.239","1.7","-0.2","ARRI ALEXA 35"
"15:29:10:20","A_0019C004_250528_152715_h1EI5","COOKE S4 753","753","40","T 2 3/10","4.239","1.7","-0.2","ARRI ALEXA 35"
"15:29:10:21","A_0019C004_250528_152715_h1EI5","COOKE S4 753","753","40","T 2 3/10","4.239","1.7","-0.2","ARRI ALEXA 35"
"15:29:10:22","A_0019C004_250528_152715_h1EI5","COOKE S4 753","753","40","T 2 3/10","4.239","1.7","-0.2","ARRI ALEXA 35"
"15:29:10:23","A_0019C004_250528_152715_h1EI5","COOKE S4 753","753","40","T 2 3/10","4.239","1.7","-0.2","ARRI ALEXA 35"
"15:29:11:00","A_0019C004_250528_152715_h1EI5","COOKE S4 753","753","40","T 2 3/10","4.239","1.7","-0.2","ARRI ALEXA 35"
"15:29:11:01","A_0019C004_250528_152715_h1EI5","COOKE S4 753","753","40","T 2 3/10","4.239","1.7","-0.2","ARRI ALEXA 35"
"15:29:11:02","A_0019C004_250528_152715_h1EI5","COOKE S4 753","753","40","T 2 3/10","4.239","1.7","-0.2","ARRI ALEXA 35"
"15:29:11:03","A_0019C004_250528_152715_h1EI5","COOKE S4 753","753","40","T 2 3/10","4.239","1.7","-0.2","ARRI ALEXA 35"
"15:29:11:04","A_0019C004_250528_152715_h1EI5","COOKE S4 753","753","40","T 2 3/10","4.239","1.7","-0.2","ARRI ALEXA 35"
"15:29:11:05","A_0019C004_250528_152715_h1EI5","COOKE S4 753","753","40","T 2 3/10","4.239","1.7","-0.2","ARRI ALEXA 35"
"15:29:11:06","A_0019C004_250528_152715_h1EI5","COOKE S4 753","753","40","T 2 3/10","4.239","1.7","-0.2","ARRI ALEXA 35"
"15:29:11:07","A_0019C004_250528_152715_h1EI5","COOKE S4 753","753","40","T 2 3/10","4.239","1.8","-0.2","ARRI ALEXA 35"
"15:29:11:08","A_0019C004_250528_152715_h1EI5","COOKE S4 753","753","40","T 2 3/10","4.239","1.8","-0.2","ARRI ALEXA 35"
"15:29:11:09","A_0019C004_250528_152715_h1EI5","COOKE S4 753","753","40","T 2 3/10","4.239","1.8","-0.2","ARRI ALEXA 35"
"15:29:11:10","A_0019C004_250528_152715_h1EI5","COOKE S4 753","753","40","T 2 3/10","4.239","1.8","-0.2","ARRI ALEXA 35"
"15:29:11:11","A_0019C004_250528_152715_h1EI5","COOKE S4 753","753","40","T 2 3/10","4.239","1.8","-0.2","ARRI ALEXA 35"
"15:29:11:12","A_0019C004_250528_152715_h1EI5","COOKE S4 753","753","40","T 2 3/10","4.239","1.8","-0.2","ARRI ALEXA 35"
"15:29:11:13","A_0019C004_250528_152715_h1EI5","COOKE S4 753","753","40","T 2 3/10","4.239","1.8","0","ARRI ALEXA 35"
"15:29:11:14","A_0019C004_250528_152715_h1EI5","COOKE S4 753","753","40","T 2 3/10","4.239","1.8","0","ARRI ALEXA 35"
"15:29:11:15","A_0019C004_250528_152715_h1EI5","COOKE S4 753","753","40","T 2 3/10","4.239","1.8","0","ARRI ALEXA 35"
"15:29:11:16","A_0019C004_250528_152715_h1EI5","COOKE S4 753","753","40","T 2 3/10","4.239","1.8","0","ARRI ALEXA 35"
"15:29:11:17","A_0019C004_250528_152715_h1EI5","COOKE S4 753","753","40","T 2 3/10","4.239","1.8","0","ARRI ALEXA 35"
"15:29:11:18","A_0019C004_250528_152715_h1EI5","COOKE S4 753","753","40","T 2 3/10","4.239","1.8","0","ARRI ALEXA 35"
"15:29:11:19","A_0019C004_250528_152715_h1EI5","COOKE S4 753","753","40","T 2 3/10","4.239","1.9","0","ARRI ALEXA 35"
"15:29:11:20","A_0019C004_250528_152715_h1EI5","COOKE S4 753","753","40","T 2 3/10","4.239","1.9","0","ARRI ALEXA 35"
"15:29:11:21","A_0019C004_250528_152715_h1EI5","COOKE S4 753","753","40","T 2 3/10","4.239","1.9","0","ARRI ALEXA 35"
"15:29:11:22","A_0019C004_250528_152715_h1EI5","COOKE S4 753","753","40","T 2 3/10","4.239","1.9","0","ARRI ALEXA 35"
"15:29:11:23","A_0019C004_250528_152715_h1EI5","COOKE S4 753","753","40","T 2 3/10","4.239","2","0","ARRI ALEXA 35"
"15:29:12:00","A_0019C004_250528_152715_h1EI5","COOKE S4 753","753","40","T 2 3/10","4.239","2","0","ARRI ALEXA 35"
"15:29:12:01","A_0019C004_250528_152715_h1EI5","COOKE S4 753","753","40","T 2 3/10","4.239","2","0","ARRI ALEXA 35"
"15:29:12:02","A_0019C004_250528_152715_h1EI5","COOKE S4 753","753","40","T 2 3/10","4.239","2","0","ARRI ALEXA 35"
"15:29:12:03","A_0019C004_250528_152715_h1EI5","COOKE S4 753","753","40","T 2 3/10","4.239","2","0","ARRI ALEXA 35"
"15:29:12:04","A_0019C004_250528_152715_h1EI5","COOKE S4 753","753","40","T 2 3/10","4.239","2","0","ARRI ALEXA 35"
"15:29:12:05","A_0019C004_250528_152715_h1EI5","COOKE S4 753","753","40","T 2 3/10","4.239","2","0","ARRI ALEXA 35"
"15:29:12:06","A_0019C004_250528_152715_h1EI5","COOKE S4 753","753","40","T 2 3/10","4.239","2","0","ARRI ALEXA 35"
"15:29:12:07","A_0019C004_250528_152715_h1EI5","COOKE S4 753","753","40","T 2 3/10","4.239","2","0","ARRI ALEXA 35"
"15:29:12:08","A_0019C004_250528_152715_h1EI5","COOKE S4 753","753","40","T 2 3/10","4.239","2","0","ARRI ALEXA 35"
"15:29:12:09","A_0019C004_250528_152715_h1EI5","COOKE S4 753","753","40","T 2 3/10","4.239","2","0","ARRI ALEXA 35"
"15:29:12:10","A_0019C004_250528_152715_h1EI5","COOKE S4 753","753","40","T 2 3/10","4.239","2","0","ARRI ALEXA 35"
"15:29:12:11","A_0019C004_250528_152715_h1EI5","COOKE S4 753","753","40","T 2 3/10","4.239","2","0","ARRI ALEXA 35"
"15:29:12:12","A_0019C004_250528_152715_h1EI5","COOKE S4 753","753","40","T 2 3/10","4.239","2","0","ARRI ALEXA 35"
"15:29:12:13","A_0019C004_250528_152715_h1EI5","COOKE S4 753","753","40","T 2 3/10","4.239","2","0","ARRI ALEXA 35"
"15:29:12:14","A_0019C004_250528_152715_h1EI5","COOKE S4 753","753","40","T 2 3/10","4.239","2","0","ARRI ALEXA 35"
"15:29:12:15","A_0019C004_250528_152715_h1EI5","COOKE S4 753","753","40","T 2 3/10","4.239","2","0","ARRI ALEXA 35"
"15:29:12:16","A_0019C004_250528_152715_h1EI5","COOKE S4 753","753","40","T 2 3/10","4.239","2","0","ARRI ALEXA 35"
"15:29:12:17","A_0019C004_250528_152715_h1EI5","COOKE S4 753","753","40","T 2 3/10","4.239","2","0","ARRI ALEXA 35"
"15:29:12:18","A_0019C004_250528_152715_h1EI5","COOKE S4 753","753","40","T 2 3/10","4.239","2.1","0","ARRI ALEXA 35"
"15:29:12:19","A_0019C004_250528_152715_h1EI5","COOKE S4 753","753","40","T 2 3/10","4.239","2.1","0","ARRI ALEXA 35"
"15:29:12:20","A_0019C004_250528_152715_h1EI5","COOKE S4 753","753","40","T 2 3/10","4.239","2.1","0","ARRI ALEXA 35"
"15:29:12:21","A_0019C004_250528_152715_h1EI5","COOKE S4 753","753","40","T 2 3/10","4.239","2.1","0","ARRI ALEXA 35"
"15:29:12:22","A_0019C004_250528_152715_h1EI5","COOKE S4 753","753","40","T 2 3/10","4.239","2.3","0","ARRI ALEXA 35"
"15:29:12:23","A_0019C004_250528_152715_h1EI5","COOKE S4 753","753","40","T 2 3/10","4.239","2.3","-0.1","ARRI ALEXA 35"
"15:29:13:00","A_0019C004_250528_152715_h1EI5","COOKE S4 753","753","40","T 2 3/10","4.242","2.3","-0.1","ARRI ALEXA 35"
"15:29:13:01","A_0019C004_250528_152715_h1EI5","COOKE S4 753","753","40","T 2 3/10","4.255","2.3","-0.1","ARRI ALEXA 35"
"15:29:13:02","A_0019C004_250528_152715_h1EI5","COOKE S4 753","753","40","T 2 3/10","4.255","2.3","-0.1","ARRI ALEXA 35"
"15:29:13:03","A_0019C004_250528_152715_h1EI5","COOKE S4 753","753","40","T 2 3/10","4.255","2.3","-0.1","ARRI ALEXA 35"
"15:29:13:04","A_0019C004_250528_152715_h1EI5","COOKE S4 753","753","40","T 2 3/10","4.268","2.4","-0.1","ARRI ALEXA 35"
"15:29:13:05","A_0019C004_250528_152715_h1EI5","COOKE S4 753","753","40","T 2 3/10","4.268","2.4","-0.1","ARRI ALEXA 35"
"15:29:13:06","A_0019C004_250528_152715_h1EI5","COOKE S4 753","753","40","T 2 3/10","4.268","2.4","-0.1","ARRI ALEXA 35"
"15:29:13:07","A_0019C004_250528_152715_h1EI5","COOKE S4 753","753","40","T 2 3/10","4.268","2.4","-0.1","ARRI ALEXA 35"
"15:29:13:08","A_0019C004_250528_152715_h1EI5","COOKE S4 753","753","40","T 2 3/10","4.268","2.4","-0.1","ARRI ALEXA 35"
"15:29:13:09","A_0019C004_250528_152715_h1EI5","COOKE S4 753","753","40","T 2 3/10","4.268","2.4","-0.1","ARRI ALEXA 35"
"15:29:13:10","A_0019C004_250528_152715_h1EI5","COOKE S4 753","753","40","T 2 3/10","4.268","2.4","-0.1","ARRI ALEXA 35"
"15:29:13:11","A_0019C004_250528_152715_h1EI5","COOKE S4 753","753","40","T 2 3/10","4.268","2.4","-0.1","ARRI ALEXA 35"
"15:29:13:12","A_0019C004_250528_152715_h1EI5","COOKE S4 753","753","40","T 2 3/10","4.268","2.4","-0.1","ARRI ALEXA 35"
"15:29:13:13","A_0019C004_250528_152715_h1EI5","COOKE S4 753","753","40","T 2 3/10","4.268","2.4","-0.1","ARRI ALEXA 35"
"15:29:13:14","A_0019C004_250528_152715_h1EI5","COOKE S4 753","753","40","T 2 3/10","4.268","2.4","-0.1","ARRI ALEXA 35"
"15:29:13:15","A_0019C004_250528_152715_h1EI5","COOKE S4 753","753","40","T 2 3/10","4.268","2.4","-0.1","ARRI ALEXA 35"
"15:29:13:16","A_0019C004_250528_152715_h1EI5","COOKE S4 753","753","40","T 2 3/10","4.268","2.4","-0.1","ARRI ALEXA 35"
"15:29:13:17","A_0019C004_250528_152715_h1EI5","COOKE S4 753","753","40","T 2 3/10","4.268","2.4","-0.1","ARRI ALEXA 35"
"15:29:13:18","A_0019C004_250528_152715_h1EI5","COOKE S4 753","753","40","T 2 3/10","4.268","2.4","-0.1","ARRI ALEXA 35"
"15:29:13:19","A_0019C004_250528_152715_h1EI5","COOKE S4 753","753","40","T 2 3/10","4.268","2.4","-0.1","ARRI ALEXA 35"
"15:29:13:20","A_0019C004_250528_152715_h1EI5","COOKE S4 753","753","40","T 2 3/10","4.262","2.4","-0.1","ARRI ALEXA 35"
"15:29:13:21","A_0019C004_250528_152715_h1EI5","COOKE S4 753","753","40","T 2 3/10","4.262","2.4","-0.1","ARRI ALEXA 35"
"15:29:13:22","A_0019C004_250528_152715_h1EI5","COOKE S4 753","753","40","T 2 3/10","4.255","2.4","-0.1","ARRI ALEXA 35"
"15:29:13:23","A_0019C004_250528_152715_h1EI5","COOKE S4 753","753","40","T 2 3/10","4.255","2.5","-0.1","ARRI ALEXA 35"
"15:29:14:00","A_0019C004_250528_152715_h1EI5","COOKE S4 753","753","40","T 2 3/10","4.252","2.5","-0.1","ARRI ALEXA 35"
"15:29:14:01","A_0019C004_250528_152715_h1EI5","COOKE S4 753","753","40","T 2 3/10","4.252","2.5","-0.1","ARRI ALEXA 35"
"15:29:14:02","A_0019C004_250528_152715_h1EI5","COOKE S4 753","753","40","T 2 3/10","4.252","2.5","0","ARRI ALEXA 35"
"15:29:14:03","A_0019C004_250528_152715_h1EI5","COOKE S4 753","753","40","T 2 3/10","4.252","2.5","0","ARRI ALEXA 35"
"15:29:14:04","A_0019C004_250528_152715_h1EI5","COOKE S4 753","753","40","T 2 3/10","4.252","2.5","0","ARRI ALEXA 35"
"15:29:14:05","A_0019C004_250528_152715_h1EI5","COOKE S4 753","753","40","T 2 3/10","4.252","2.5","0","ARRI ALEXA 35"
"15:29:14:06","A_0019C004_250528_152715_h1EI5","COOKE S4 753","753","40","T 2 3/10","4.252","2.5","0","ARRI ALEXA 35"
"15:29:14:07","A_0019C004_250528_152715_h1EI5","COOKE S4 753","753","40","T 2 3/10","4.252","2.5","0","ARRI ALEXA 35"
"15:29:14:08","A_0019C004_250528_152715_h1EI5","COOKE S4 753","753","40","T 2 3/10","4.252","2.5","0","ARRI ALEXA 35"
"15:29:14:09","A_0019C004_250528_152715_h1EI5","COOKE S4 753","753","40","T 2 3/10","4.252","2.5","0","ARRI ALEXA 35"
"15:29:14:10","A_0019C004_250528_152715_h1EI5","COOKE S4 753","753","40","T 2 3/10","4.252","2.5","0","ARRI ALEXA 35"
"15:29:14:11","A_0019C004_250528_152715_h1EI5","COOKE S4 753","753","40","T 2 3/10","4.252","2.5","0","ARRI ALEXA 35"
"15:29:14:12","A_0019C004_250528_152715_h1EI5","COOKE S4 753","753","40","T 2 3/10","4.252","2.5","0","ARRI ALEXA 35"
"15:29:14:13","A_0019C004_250528_152715_h1EI5","COOKE S4 753","753","40","T 2 3/10","4.252","2.6","0","ARRI ALEXA 35"
"15:29:14:14","A_0019C004_250528_152715_h1EI5","COOKE S4 753","753","40","T 2 3/10","4.252","2.6","0","ARRI ALEXA 35"
"15:29:14:15","A_0019C004_250528_152715_h1EI5","COOKE S4 753","753","40","T 2 3/10","4.252","2.6","0","ARRI ALEXA 35"
"15:29:14:16","A_0019C004_250528_152715_h1EI5","COOKE S4 753","753","40","T 2 3/10","4.252","2.6","0","ARRI ALEXA 35"
"15:29:14:17","A_0019C004_250528_152715_h1EI5","COOKE S4 753","753","40","T 2 3/10","4.252","2.6","0","ARRI ALEXA 35"
"15:29:14:18","A_0019C004_250528_152715_h1EI5","COOKE S4 753","753","40","T 2 3/10","4.252","2.6","0","ARRI ALEXA 35"
"15:29:14:19","A_0019C004_250528_152715_h1EI5","COOKE S4 753","753","40","T 2 3/10","4.252","2.6","0","ARRI ALEXA 35"
"15:29:14:20","A_0019C004_250528_152715_h1EI5","COOKE S4 753","753","40","T 2 3/10","4.252","2.7","0","ARRI ALEXA 35"
"15:29:14:21","A_0019C004_250528_152715_h1EI5","COOKE S4 753","753","40","T 2 3/10","4.252","2.7","0","ARRI ALEXA 35"
"15:29:14:22","A_0019C004_250528_152715_h1EI5","COOKE S4 753","753","40","T 2 3/10","4.252","2.7","0","ARRI ALEXA 35"
"15:29:14:23","A_0019C004_250528_152715_h1EI5","COOKE S4 753","753","40","T 2 3/10","4.252","2.7","0","ARRI ALEXA 35"
"15:29:15:00","A_0019C004_250528_152715_h1EI5","COOKE S4 753","753","40","T 2 3/10","4.252","2.7","0","ARRI ALEXA 35"
"15:29:15:01","A_0019C004_250528_152715_h1EI5","COOKE S4 753","753","40","T 2 3/10","4.252","2.7","0","ARRI ALEXA 35"
"15:29:15:02","A_0019C004_250528_152715_h1EI5","COOKE S4 753","753","40","T 2 3/10","4.252","2.7","0","ARRI ALEXA 35"
"15:29:15:03","A_0019C004_250528_152715_h1EI5","COOKE S4 753","753","40","T 2 3/10","4.252","2.7","0","ARRI ALEXA 35"
"15:29:15:04","A_0019C004_250528_152715_h1EI5","COOKE S4 753","753","40","T 2 3/10","4.252","2.7","0","ARRI ALEXA 35"
"15:29:15:05","A_0019C004_250528_152715_h1EI5","COOKE S4 753","753","40","T 2 3/10","4.252","2.8","0","ARRI ALEXA 35"
"15:29:15:06","A_0019C004_250528_152715_h1EI5","COOKE S4 753","753","40","T 2 3/10","4.252","2.8","0","ARRI ALEXA 35"
"15:29:15:07","A_0019C004_250528_152715_h1EI5","COOKE S4 753","753","40","T 2 3/10","4.252","2.8","0","ARRI ALEXA 35"
"15:29:15:08","A_0019C004_250528_152715_h1EI5","COOKE S4 753","753","40","T 2 3/10","4.252","2.8","0","ARRI ALEXA 35"
"15:29:15:09","A_0019C004_250528_152715_h1EI5","COOKE S4 753","753","40","T 2 3/10","4.252","2.8","0","ARRI ALEXA 35"
"15:29:15:10","A_0019C004_250528_152715_h1EI5","COOKE S4 753","753","40","T 2 3/10","4.252","2.8","0","ARRI ALEXA 35"
"15:29:15:11","A_0019C004_250528_152715_h1EI5","COOKE S4 753","753","40","T 2 3/10","4.252","2.8","0","ARRI ALEXA 35"
"15:29:15:12","A_0019C004_250528_152715_h1EI5","COOKE S4 753","753","40","T 2 3/10","4.252","2.8","0","ARRI ALEXA 35"
"15:29:15:13","A_0019C004_250528_152715_h1EI5","COOKE S4 753","753","40","T 2 3/10","4.252","2.8","0","ARRI ALEXA 35"
"15:29:15:14","A_0019C004_250528_152715_h1EI5","COOKE S4 753","753","40","T 2 3/10","4.252","2.8","0","ARRI ALEXA 35"
"15:29:15:15","A_0019C004_250528_152715_h1EI5","COOKE S4 753","753","40","T 2 3/10","4.252","2.8","0","ARRI ALEXA 35"
"15:29:15:16","A_0019C004_250528_152715_h1EI5","COOKE S4 753","753","40","T 2 3/10","4.252","2.8","0","ARRI ALEXA 35"
"15:29:15:17","A_0019C004_250528_152715_h1EI5","COOKE S4 753","753","40","T 2 3/10","4.252","2.8","0","ARRI ALEXA 35"
"15:29:15:18","A_0019C004_250528_152715_h1EI5","COOKE S4 753","753","40","T 2 3/10","4.252","2.8","0","ARRI ALEXA 35"
"15:29:15:19","A_0019C004_250528_152715_h1EI5","COOKE S4 753","753","40","T 2 3/10","4.252","2.8","0","ARRI ALEXA 35"
"15:29:15:20","A_0019C004_250528_152715_h1EI5","COOKE S4 753","753","40","T 2 3/10","4.252","2.8","0","ARRI ALEXA 35"
"15:29:15:21","A_0019C004_250528_152715_h1EI5","COOKE S4 753","753","40","T 2 3/10","4.252","2.8","0.1","ARRI ALEXA 35"
"15:29:15:22","A_0019C004_250528_152715_h1EI5","COOKE S4 753","753","40","T 2 3/10","4.252","2.8","0.1","ARRI ALEXA 35"
"15:29:15:23","A_0019C004_250528_152715_h1EI5","COOKE S4 753","753","40","T 2 3/10","4.252","2.8","0.1","ARRI ALEXA 35"
"15:29:16:00","A_0019C004_250528_152715_h1EI5","COOKE S4 753","753","40","T 2 3/10","4.245","2.8","0.1","ARRI ALEXA 35"
"15:29:16:01","A_0019C004_250528_152715_h1EI5","COOKE S4 753","753","40","T 2 3/10","4.242","2.8","0.1","ARRI ALEXA 35"
"15:29:16:02","A_0019C004_250528_152715_h1EI5","COOKE S4 753","753","40","T 2 3/10","4.236","2.8","0.1","ARRI ALEXA 35"
"15:29:16:03","A_0019C004_250528_152715_h1EI5","COOKE S4 753","753","40","T 2 3/10","4.232","2.8","0.1","ARRI ALEXA 35"
"15:29:16:04","A_0019C004_250528_152715_h1EI5","COOKE S4 753","753","40","T 2 3/10","4.232","2.8","0.1","ARRI ALEXA 35"
"15:29:16:05","A_0019C004_250528_152715_h1EI5","COOKE S4 753","753","40","T 2 3/10","4.229","2.8","0.1","ARRI ALEXA 35"
"15:29:16:06","A_0019C004_250528_152715_h1EI5","COOKE S4 753","753","40","T 2 3/10","4.229","2.8","0.1","ARRI ALEXA 35"
"15:29:16:07","A_0019C004_250528_152715_h1EI5","COOKE S4 753","753","40","T 2 3/10","4.229","2.8","0.1","ARRI ALEXA 35"
"15:29:16:08","A_0019C004_250528_152715_h1EI5","COOKE S4 753","753","40","T 2 3/10","4.229","2.8","0.1","ARRI ALEXA 35"
"15:29:16:09","A_0019C004_250528_152715_h1EI5","COOKE S4 753","753","40","T 2 3/10","4.229","2.8","0.1","ARRI ALEXA 35"
"15:29:16:10","A_0019C004_250528_152715_h1EI5","COOKE S4 753","753","40","T 2 3/10","4.229","2.8","0.1","ARRI ALEXA 35"
"15:29:16:11","A_0019C004_250528_152715_h1EI5","COOKE S4 753","753","40","T 2 3/10","4.229","2.8","0.1","ARRI ALEXA 35"
"15:29:16:12","A_0019C004_250528_152715_h1EI5","COOKE S4 753","753","40","T 2 3/10","4.229","2.8","0.1","ARRI ALEXA 35"
"15:29:16:13","A_0019C004_250528_152715_h1EI5","COOKE S4 753","753","40","T 2 3/10","4.229","2.8","0.1","ARRI ALEXA 35"
"15:29:16:14","A_0019C004_250528_152715_h1EI5","COOKE S4 753","753","40","T 2 3/10","4.229","2.8","0.1","ARRI ALEXA 35"
"15:29:16:15","A_0019C004_250528_152715_h1EI5","COOKE S4 753","753","40","T 2 3/10","4.229","2.8","0.1","ARRI ALEXA 35"
"15:29:16:16","A_0019C004_250528_152715_h1EI5","COOKE S4 753","753","40","T 2 3/10","4.229","2.8","0.1","ARRI ALEXA 35"
"15:29:16:17","A_0019C004_250528_152715_h1EI5","COOKE S4 753","753","40","T 2 3/10","4.229","2.8","0.1","ARRI ALEXA 35"
"15:29:16:18","A_0019C004_250528_152715_h1EI5","COOKE S4 753","753","40","T 2 3/10","4.229","2.8","0.1","ARRI ALEXA 35"
"15:29:16:19","A_0019C004_250528_152715_h1EI5","COOKE S4 753","753","40","T 2 3/10","4.229","2.8","0.1","ARRI ALEXA 35"
"15:29:16:20","A_0019C004_250528_152715_h1EI5","COOKE S4 753","753","40","T 2 3/10","4.229","2.8","0.1","ARRI ALEXA 35"
"15:29:16:21","A_0019C004_250528_152715_h1EI5","COOKE S4 753","753","40","T 2 3/10","4.229","2.8","0.1","ARRI ALEXA 35"
"15:29:16:22","A_0019C004_250528_152715_h1EI5","COOKE S4 753","753","40","T 2 3/10","4.229","2.8","0.1","ARRI ALEXA 35"
"15:29:16:23","A_0019C004_250528_152715_h1EI5","COOKE S4 753","753","40","T 2 3/10","4.229","2.8","0.1","ARRI ALEXA 35"
"15:29:17:00","A_0019C004_250528_152715_h1EI5","COOKE S4 753","753","40","T 2 3/10","4.229","2.8","0.1","ARRI ALEXA 35"
"15:29:17:01","A_0019C004_250528_152715_h1EI5","COOKE S4 753","753","40","T 2 3/10","4.229","2.8","0.1","ARRI ALEXA 35"
"15:29:17:02","A_0019C004_250528_152715_h1EI5","COOKE S4 753","753","40","T 2 3/10","4.242","2.8","0.1","ARRI ALEXA 35"
"15:29:17:03","A_0019C004_250528_152715_h1EI5","COOKE S4 753","753","40","T 2 3/10","4.242","2.8","0.1","ARRI ALEXA 35"
"15:29:17:04","A_0019C004_250528_152715_h1EI5","COOKE S4 753","753","40","T 2 3/10","4.252","2.8","0.1","ARRI ALEXA 35"
"15:29:17:05","A_0019C004_250528_152715_h1EI5","COOKE S4 753","753","40","T 2 3/10","4.255","2.8","0.1","ARRI ALEXA 35"
"15:29:17:06","A_0019C004_250528_152715_h1EI5","COOKE S4 753","753","40","T 2 3/10","4.262","2.8","0.1","ARRI ALEXA 35"
"15:29:17:07","A_0019C004_250528_152715_h1EI5","COOKE S4 753","753","40","T 2 3/10","4.268","2.8","0.1","ARRI ALEXA 35"
"15:29:17:08","A_0019C004_250528_152715_h1EI5","COOKE S4 753","753","40","T 2 3/10","4.268","2.8","0.1","ARRI ALEXA 35"
"15:29:17:09","A_0019C004_250528_152715_h1EI5","COOKE S4 753","753","40","T 2 3/10","4.268","2.8","0.1","ARRI ALEXA 35"
"15:29:17:10","A_0019C004_250528_152715_h1EI5","COOKE S4 753","753","40","T 2 3/10","4.268","2.8","0.1","ARRI ALEXA 35"
"15:29:17:11","A_0019C004_250528_152715_h1EI5","COOKE S4 753","753","40","T 2 3/10","4.268","2.8","0.1","ARRI ALEXA 35"
"15:29:17:12","A_0019C004_250528_152715_h1EI5","COOKE S4 753","753","40","T 2 3/10","4.268","2.8","0.1","ARRI ALEXA 35"
"15:29:17:13","A_0019C004_250528_152715_h1EI5","COOKE S4 753","753","40","T 2 3/10","4.268","2.8","0.1","ARRI ALEXA 35"
"15:29:17:14","A_0019C004_250528_152715_h1EI5","COOKE S4 753","753","40","T 2 3/10","4.268","2.8","0.1","ARRI ALEXA 35"
"15:29:17:15","A_0019C004_250528_152715_h1EI5","COOKE S4 753","753","40","T 2 3/10","4.268","2.8","0.1","ARRI ALEXA 35"
"15:29:17:16","A_0019C004_250528_152715_h1EI5","COOKE S4 753","753","40","T 2 3/10","4.268","2.8","0.1","ARRI ALEXA 35"
"15:29:17:17","A_0019C004_250528_152715_h1EI5","COOKE S4 753","753","40","T 2 3/10","4.268","2.8","0.1","ARRI ALEXA 35"
"15:29:17:18","A_0019C004_250528_152715_h1EI5","COOKE S4 753","753","40","T 2 3/10","4.268","2.8","0.1","ARRI ALEXA 35"
"15:29:17:19","A_0019C004_250528_152715_h1EI5","COOKE S4 753","753","40","T 2 3/10","4.268","2.8","0.1","ARRI ALEXA 35"
"15:29:17:20","A_0019C004_250528_152715_h1EI5","COOKE S4 753","753","40","T 2 3/10","4.268","2.8","0.1","ARRI ALEXA 35"
"15:29:17:21","A_0019C004_250528_152715_h1EI5","COOKE S4 753","753","40","T 2 3/10","4.268","2.8","0.1","ARRI ALEXA 35"
"15:29:17:22","A_0019C004_250528_152715_h1EI5","COOKE S4 753","753","40","T 2 3/10","4.268","2.8","0.1","ARRI ALEXA 35"
"15:29:17:23","A_0019C004_250528_152715_h1EI5","COOKE S4 753","753","40","T 2 3/10","4.268","2.8","0.1","ARRI ALEXA 35"
"15:29:18:00","A_0019C004_250528_152715_h1EI5","COOKE S4 753","753","40","T 2 3/10","4.268","2.8","0.1","ARRI ALEXA 35"
"15:29:18:01","A_0019C004_250528_152715_h1EI5","COOKE S4 753","753","40","T 2 3/10","4.268","2.8","0.1","ARRI ALEXA 35"
"15:29:18:02","A_0019C004_250528_152715_h1EI5","COOKE S4 753","753","40","T 2 3/10","4.268","2.8","0.1","ARRI ALEXA 35"
"15:29:18:03","A_0019C004_250528_152715_h1EI5","COOKE S4 753","753","40","T 2 3/10","4.268","2.8","0.1","ARRI ALEXA 35"
"15:29:18:04","A_0019C004_250528_152715_h1EI5","COOKE S4 753","753","40","T 2 3/10","4.268","2.8","0.1","ARRI ALEXA 35"
"15:29:18:05","A_0019C004_250528_152715_h1EI5","COOKE S4 753","753","40","T 2 3/10","4.268","2.8","0.1","ARRI ALEXA 35"
"15:29:18:06","A_0019C004_250528_152715_h1EI5","COOKE S4 753","753","40","T 2 3/10","4.268","2.8","0.1","ARRI ALEXA 35"
"15:29:18:07","A_0019C004_250528_152715_h1EI5","COOKE S4 753","753","40","T 2 3/10","4.268","2.8","0.1","ARRI ALEXA 35"
"15:29:18:08","A_0019C004_250528_152715_h1EI5","COOKE S4 753","753","40","T 2 3/10","4.268","2.8","0.1","ARRI ALEXA 35"
"15:29:18:09","A_0019C004_250528_152715_h1EI5","COOKE S4 753","753","40","T 2 3/10","4.268","2.8","0.1","ARRI ALEXA 35"
"15:29:18:10","A_0019C004_250528_152715_h1EI5","COOKE S4 753","753","40","T 2 3/10","4.268","2.8","0.1","ARRI ALEXA 35"
"15:29:18:11","A_0019C004_250528_152715_h1EI5","COOKE S4 753","753","40","T 2 3/10","4.268","2.8","0.1","ARRI ALEXA 35"
"15:29:18:12","A_0019C004_250528_152715_h1EI5","COOKE S4 753","753","40","T 2 3/10","4.268","2.8","0.1","ARRI ALEXA 35"
"15:29:18:13","A_0019C004_250528_152715_h1EI5","COOKE S4 753","753","40","T 2 3/10","4.268","2.8","0.1","ARRI ALEXA 35"
"15:29:18:14","A_0019C004_250528_152715_h1EI5","COOKE S4 753","753","40","T 2 3/10","4.268","2.8","0.1","ARRI ALEXA 35"
"15:29:18:15","A_0019C004_250528_152715_h1EI5","COOKE S4 753","753","40","T 2 3/10","4.268","2.8","0.1","ARRI ALEXA 35"
"15:29:18:16","A_0019C004_250528_152715_h1EI5","COOKE S4 753","753","40","T 2 3/10","4.268","2.8","0.1","ARRI ALEXA 35"
"15:29:18:17","A_0019C004_250528_152715_h1EI5","COOKE S4 753","753","40","T 2 3/10","4.268","2.9","0.1","ARRI ALEXA 35"
"15:29:18:18","A_0019C004_250528_152715_h1EI5","COOKE S4 753","753","40","T 2 3/10","4.268","2.9","0.1","ARRI ALEXA 35"
"15:29:18:19","A_0019C004_250528_152715_h1EI5","COOKE S4 753","753","40","T 2 3/10","4.268","2.9","0.1","ARRI ALEXA 35"
"15:29:18:20","A_0019C004_250528_152715_h1EI5","COOKE S4 753","753","40","T 2 3/10","4.268","2.9","0.1","ARRI ALEXA 35"
"15:29:18:21","A_0019C004_250528_152715_h1EI5","COOKE S4 753","753","40","T 2 3/10","4.268","2.9","0.1","ARRI ALEXA 35"
"15:29:18:22","A_0019C004_250528_152715_h1EI5","COOKE S4 753","753","40","T 2 3/10","4.268","2.9","0.1","ARRI ALEXA 35"
"15:29:18:23","A_0019C004_250528_152715_h1EI5","COOKE S4 753","753","40","T 2 3/10","4.268","2.9","0.1","ARRI ALEXA 35"
"15:29:19:00","A_0019C004_250528_152715_h1EI5","COOKE S4 753","753","40","T 2 3/10","4.268","2.9","0.1","ARRI ALEXA 35"
"15:29:19:01","A_0019C004_250528_152715_h1EI5","COOKE S4 753","753","40","T 2 3/10","4.268","2.9","0.1","ARRI ALEXA 35"
"15:29:19:02","A_0019C004_250528_152715_h1EI5","COOKE S4 753","753","40","T 2 3/10","4.268","2.9","0.1","ARRI ALEXA 35"
"15:29:19:03","A_0019C004_250528_152715_h1EI5","COOKE S4 753","753","40","T 2 3/10","4.268","2.9","0.1","ARRI ALEXA 35"
"15:29:19:04","A_0019C004_250528_152715_h1EI5","COOKE S4 753","753","40","T 2 3/10","4.268","2.9","0.1","ARRI ALEXA 35"
"15:29:19:05","A_0019C004_250528_152715_h1EI5","COOKE S4 753","753","40","T 2 3/10","4.268","2.9","0","ARRI ALEXA 35"
"15:29:19:06","A_0019C004_250528_152715_h1EI5","COOKE S4 753","753","40","T 2 3/10","4.268","2.9","0","ARRI ALEXA 35"
"15:29:19:07","A_0019C004_250528_152715_h1EI5","COOKE S4 753","753","40","T 2 3/10","4.268","2.9","0","ARRI ALEXA 35"
"15:29:19:08","A_0019C004_250528_152715_h1EI5","COOKE S4 753","753","40","T 2 3/10","4.268","2.9","0","ARRI ALEXA 35"
"15:29:19:09","A_0019C004_250528_152715_h1EI5","COOKE S4 753","753","40","T 2 3/10","4.272","2.9","0","ARRI ALEXA 35"
"15:29:19:10","A_0019C004_250528_152715_h1EI5","COOKE S4 753","753","40","T 2 3/10","4.272","2.9","0","ARRI ALEXA 35"
"15:29:19:11","A_0019C004_250528_152715_h1EI5","COOKE S4 753","753","40","T 2 3/10","4.272","2.9","0","ARRI ALEXA 35"
"15:29:19:12","A_0019C004_250528_152715_h1EI5","COOKE S4 753","753","40","T 2 3/10","4.272","2.9","0","ARRI ALEXA 35"
"15:29:19:13","A_0019C004_250528_152715_h1EI5","COOKE S4 753","753","40","T 2 3/10","4.272","2.9","0.1","ARRI ALEXA 35"
"15:29:19:14","A_0019C004_250528_152715_h1EI5","COOKE S4 753","753","40","T 2 3/10","4.272","2.9","0.1","ARRI ALEXA 35"
"15:29:19:15","A_0019C004_250528_152715_h1EI5","COOKE S4 753","753","40","T 2 3/10","4.272","2.9","0.1","ARRI ALEXA 35"
"15:29:19:16","A_0019C004_250528_152715_h1EI5","COOKE S4 753","753","40","T 2 3/10","4.272","2.9","0.1","ARRI ALEXA 35"
"15:29:19:17","A_0019C004_250528_152715_h1EI5","COOKE S4 753","753","40","T 2 3/10","4.272","2.9","0.1","ARRI ALEXA 35"
"15:29:19:18","A_0019C004_250528_152715_h1EI5","COOKE S4 753","753","40","T 2 3/10","4.272","2.9","0.1","ARRI ALEXA 35"
"15:29:19:19","A_0019C004_250528_152715_h1EI5","COOKE S4 753","753","40","T 2 3/10","4.272","2.9","0.1","ARRI ALEXA 35"
"15:29:19:20","A_0019C004_250528_152715_h1EI5","COOKE S4 753","753","40","T 2 3/10","4.272","2.9","0.1","ARRI ALEXA 35"
"15:29:19:21","A_0019C004_250528_152715_h1EI5","COOKE S4 753","753","40","T 2 3/10","4.272","2.9","0.1","ARRI ALEXA 35"
"15:29:19:22","A_0019C004_250528_152715_h1EI5","COOKE S4 753","753","40","T 2 3/10","4.272","2.9","0.1","ARRI ALEXA 35"
"15:29:19:23","A_0019C004_250528_152715_h1EI5","COOKE S4 753","753","40","T 2 3/10","4.272","2.9","0.1","ARRI ALEXA 35"
"15:29:20:00","A_0019C004_250528_152715_h1EI5","COOKE S4 753","753","40","T 2 3/10","4.272","2.9","0.1","ARRI ALEXA 35"
"15:29:20:01","A_0019C004_250528_152715_h1EI5","COOKE S4 753","753","40","T 2 3/10","4.272","2.9","0.1","ARRI ALEXA 35"
"15:29:20:02","A_0019C004_250528_152715_h1EI5","COOKE S4 753","753","40","T 2 3/10","4.272","2.9","0.1","ARRI ALEXA 35"
"15:29:20:03","A_0019C004_250528_152715_h1EI5","COOKE S4 753","753","40","T 2 3/10","4.272","2.9","0.1","ARRI ALEXA 35"
"15:29:20:04","A_0019C004_250528_152715_h1EI5","COOKE S4 753","753","40","T 2 3/10","4.272","2.9","0.1","ARRI ALEXA 35"
"15:29:20:05","A_0019C004_250528_152715_h1EI5","COOKE S4 753","753","40","T 2 3/10","4.272","2.9","0.1","ARRI ALEXA 35"
"15:29:20:06","A_0019C004_250528_152715_h1EI5","COOKE S4 753","753","40","T 2 3/10","4.272","2.9","0.1","ARRI ALEXA 35"
"15:29:20:07","A_0019C004_250528_152715_h1EI5","COOKE S4 753","753","40","T 2 3/10","4.272","2.9","0.1","ARRI ALEXA 35"
"15:29:20:08","A_0019C004_250528_152715_h1EI5","COOKE S4 753","753","40","T 2 3/10","4.272","2.9","0.1","ARRI ALEXA 35"
"15:29:20:09","A_0019C004_250528_152715_h1EI5","COOKE S4 753","753","40","T 2 3/10","4.272","2.9","0.1","ARRI ALEXA 35"
"15:29:20:10","A_0019C004_250528_152715_h1EI5","COOKE S4 753","753","40","T 2 3/10","4.272","2.9","0.1","ARRI ALEXA 35"
"15:29:20:11","A_0019C004_250528_152715_h1EI5","COOKE S4 753","753","40","T 2 3/10","4.272","2.9","0.1","ARRI ALEXA 35"
"15:29:20:12","A_0019C004_250528_152715_h1EI5","COOKE S4 753","753","40","T 2 3/10","4.268","2.9","0.1","ARRI ALEXA 35"
"15:29:20:13","A_0019C004_250528_152715_h1EI5","COOKE S4 753","753","40","T 2 3/10","4.262","2.9","0.1","ARRI ALEXA 35"
"15:29:20:14","A_0019C004_250528_152715_h1EI5","COOKE S4 753","753","40","T 2 3/10","4.262","2.9","0.1","ARRI ALEXA 35"
"15:29:20:15","A_0019C004_250528_152715_h1EI5","COOKE S4 753","753","40","T 2 3/10","4.249","2.9","0.1","ARRI ALEXA 35"
"15:29:20:16","A_0019C004_250528_152715_h1EI5","COOKE S4 753","753","40","T 2 3/10","4.245","2.9","0.1","ARRI ALEXA 35"
"15:29:20:17","A_0019C004_250528_152715_h1EI5","COOKE S4 753","753","40","T 2 3/10","4.242","2.9","0.1","ARRI ALEXA 35"
"15:29:20:18","A_0019C004_250528_152715_h1EI5","COOKE S4 753","753","40","T 2 3/10","4.239","2.9","0.1","ARRI ALEXA 35"
"15:29:20:19","A_0019C004_250528_152715_h1EI5","COOKE S4 753","753","40","T 2 3/10","4.236","2.9","0.1","ARRI ALEXA 35"
"15:29:20:20","A_0019C004_250528_152715_h1EI5","COOKE S4 753","753","40","T 2 3/10","4.236","2.9","0.1","ARRI ALEXA 35"
"15:29:20:21","A_0019C004_250528_152715_h1EI5","COOKE S4 753","753","40","T 2 3/10","4.236","2.9","0.1","ARRI ALEXA 35"
"15:29:20:22","A_0019C004_250528_152715_h1EI5","COOKE S4 753","753","40","T 2 3/10","4.236","2.9","0.1","ARRI ALEXA 35"
"15:29:20:23","A_0019C004_250528_152715_h1EI5","COOKE S4 753","753","40","T 2 3/10","4.236","2.9","0.1","ARRI ALEXA 35"
"15:29:21:00","A_0019C004_250528_152715_h1EI5","COOKE S4 753","753","40","T 2 3/10","4.236","2.9","0.1","ARRI ALEXA 35"
"15:29:21:01","A_0019C004_250528_152715_h1EI5","COOKE S4 753","753","40","T 2 3/10","4.236","2.9","0.1","ARRI ALEXA 35"
"15:29:21:02","A_0019C004_250528_152715_h1EI5","COOKE S4 753","753","40","T 2 3/10","4.236","2.9","0.1","ARRI ALEXA 35"
"15:29:21:03","A_0019C004_250528_152715_h1EI5","COOKE S4 753","753","40","T 2 3/10","4.236","2.9","0.1","ARRI ALEXA 35"
"15:29:21:04","A_0019C004_250528_152715_h1EI5","COOKE S4 753","753","40","T 2 3/10","4.236","2.9","0.1","ARRI ALEXA 35"
"15:29:21:05","A_0019C004_250528_152715_h1EI5","COOKE S4 753","753","40","T 2 3/10","4.236","2.9","0.1","ARRI ALEXA 35"
"15:29:21:06","A_0019C004_250528_152715_h1EI5","COOKE S4 753","753","40","T 2 3/10","4.236","2.9","0.1","ARRI ALEXA 35"
"15:29:21:07","A_0019C004_250528_152715_h1EI5","COOKE S4 753","753","40","T 2 3/10","4.236","3","0.1","ARRI ALEXA 35"
"15:29:21:08","A_0019C004_250528_152715_h1EI5","COOKE S4 753","753","40","T 2 3/10","4.236","3","0.1","ARRI ALEXA 35"
"15:29:21:09","A_0019C004_250528_152715_h1EI5","COOKE S4 753","753","40","T 2 3/10","4.236","3","0.1","ARRI ALEXA 35"
"15:29:21:10","A_0019C004_250528_152715_h1EI5","COOKE S4 753","753","40","T 2 3/10","4.236","3","0.1","ARRI ALEXA 35"
"15:29:21:11","A_0019C004_250528_152715_h1EI5","COOKE S4 753","753","40","T 2 3/10","4.236","3","0.1","ARRI ALEXA 35"
"15:29:21:12","A_0019C004_250528_152715_h1EI5","COOKE S4 753","753","40","T 2 3/10","4.236","3","0.1","ARRI ALEXA 35"
"15:29:21:13","A_0019C004_250528_152715_h1EI5","COOKE S4 753","753","40","T 2 3/10","4.236","3","0.1","ARRI ALEXA 35"
"15:29:21:14","A_0019C004_250528_152715_h1EI5","COOKE S4 753","753","40","T 2 3/10","4.236","3","0.1","ARRI ALEXA 35"
"15:29:21:15","A_0019C004_250528_152715_h1EI5","COOKE S4 753","753","40","T 2 3/10","4.236","3","0.1","ARRI ALEXA 35"
"15:29:21:16","A_0019C004_250528_152715_h1EI5","COOKE S4 753","753","40","T 2 3/10","4.236","3","0.1","ARRI ALEXA 35"
"15:29:21:17","A_0019C004_250528_152715_h1EI5","COOKE S4 753","753","40","T 2 3/10","4.236","3","0.1","ARRI ALEXA 35"
"15:29:21:18","A_0019C004_250528_152715_h1EI5","COOKE S4 753","753","40","T 2 3/10","4.236","3","0.1","ARRI ALEXA 35"
"15:29:21:19","A_0019C004_250528_152715_h1EI5","COOKE S4 753","753","40","T 2 3/10","4.236","3","0.1","ARRI ALEXA 35"
"15:29:21:20","A_0019C004_250528_152715_h1EI5","COOKE S4 753","753","40","T 2 3/10","4.236","3","0.1","ARRI ALEXA 35"
"15:29:21:21","A_0019C004_250528_152715_h1EI5","COOKE S4 753","753","40","T 2 3/10","4.236","3","0.1","ARRI ALEXA 35"
"15:29:21:22","A_0019C004_250528_152715_h1EI5","COOKE S4 753","753","40","T 2 3/10","4.236","3","0.1","ARRI ALEXA 35"
"15:29:21:23","A_0019C004_250528_152715_h1EI5","COOKE S4 753","753","40","T 2 3/10","4.236","3","0.1","ARRI ALEXA 35"
"15:29:22:00","A_0019C004_250528_152715_h1EI5","COOKE S4 753","753","40","T 2 3/10","4.236","3","0.1","ARRI ALEXA 35"
"15:29:22:01","A_0019C004_250528_152715_h1EI5","COOKE S4 753","753","40","T 2 3/10","4.236","3","0.1","ARRI ALEXA 35"
"15:29:22:02","A_0019C004_250528_152715_h1EI5","COOKE S4 753","753","40","T 2 3/10","4.236","3","0.1","ARRI ALEXA 35"
"15:29:22:03","A_0019C004_250528_152715_h1EI5","COOKE S4 753","753","40","T 2 3/10","4.236","3","0.1","ARRI ALEXA 35"
"15:29:22:04","A_0019C004_250528_152715_h1EI5","COOKE S4 753","753","40","T 2 3/10","4.236","3","0.1","ARRI ALEXA 35"
"15:29:22:05","A_0019C004_250528_152715_h1EI5","COOKE S4 753","753","40","T 2 3/10","4.236","3","0.1","ARRI ALEXA 35"
"15:29:22:06","A_0019C004_250528_152715_h1EI5","COOKE S4 753","753","40","T 2 3/10","4.236","3","0.1","ARRI ALEXA 35"
"15:29:22:07","A_0019C004_250528_152715_h1EI5","COOKE S4 753","753","40","T 2 3/10","4.236","3","0.1","ARRI ALEXA 35"
"15:29:22:08","A_0019C004_250528_152715_h1EI5","COOKE S4 753","753","40","T 2 3/10","4.236","3","0.1","ARRI ALEXA 35"
"15:29:22:09","A_0019C004_250528_152715_h1EI5","COOKE S4 753","753","40","T 2 3/10","4.236","3.1","0.1","ARRI ALEXA 35"
"15:29:22:10","A_0019C004_250528_152715_h1EI5","COOKE S4 753","753","40","T 2 3/10","4.236","3.1","0.1","ARRI ALEXA 35"
"15:29:22:11","A_0019C004_250528_152715_h1EI5","COOKE S4 753","753","40","T 2 3/10","4.236","3.1","0.1","ARRI ALEXA 35"
"15:29:22:12","A_0019C004_250528_152715_h1EI5","COOKE S4 753","753","40","T 2 3/10","4.236","3.1","0.1","ARRI ALEXA 35"
"15:29:22:13","A_0019C004_250528_152715_h1EI5","COOKE S4 753","753","40","T 2 3/10","4.236","3.1","0.1","ARRI ALEXA 35"
"15:29:22:14","A_0019C004_250528_152715_h1EI5","COOKE S4 753","753","40","T 2 3/10","4.236","3.1","0.1","ARRI ALEXA 35"
"15:29:22:15","A_0019C004_250528_152715_h1EI5","COOKE S4 753","753","40","T 2 3/10","4.236","3.1","0.1","ARRI ALEXA 35"
"15:29:22:16","A_0019C004_250528_152715_h1EI5","COOKE S4 753","753","40","T 2 3/10","4.236","3.1","0.1","ARRI ALEXA 35"
"15:29:22:17","A_0019C004_250528_152715_h1EI5","COOKE S4 753","753","40","T 2 3/10","4.236","3.1","0.1","ARRI ALEXA 35"
"15:29:22:18","A_0019C004_250528_152715_h1EI5","COOKE S4 753","753","40","T 2 3/10","4.236","3.1","0.1","ARRI ALEXA 35"
"15:29:22:19","A_0019C004_250528_152715_h1EI5","COOKE S4 753","753","40","T 2 3/10","4.236","3.1","0.1","ARRI ALEXA 35"
"15:29:22:20","A_0019C004_250528_152715_h1EI5","COOKE S4 753","753","40","T 2 3/10","4.232","3.1","0.1","ARRI ALEXA 35"
"15:29:22:21","A_0019C004_250528_152715_h1EI5","COOKE S4 753","753","40","T 2 3/10","4.232","3.1","0.1","ARRI ALEXA 35"
"15:29:22:22","A_0019C004_250528_152715_h1EI5","COOKE S4 753","753","40","T 2 3/10","4.206","3.1","0.1","ARRI ALEXA 35"
"15:29:22:23","A_0019C004_250528_152715_h1EI5","COOKE S4 753","753","40","T 2 3/10","4.19","3.1","0.1","ARRI ALEXA 35"
"15:29:23:00","A_0019C004_250528_152715_h1EI5","COOKE S4 753","753","40","T 2 3/10","4.186","3.1","0.1","ARRI ALEXA 35"
"15:29:23:01","A_0019C004_250528_152715_h1EI5","COOKE S4 753","753","40","T 2 3/10","4.183","3.1","0.1","ARRI ALEXA 35"
"15:29:23:02","A_0019C004_250528_152715_h1EI5","COOKE S4 753","753","40","T 2 3/10","4.177","3.1","0.1","ARRI ALEXA 35"
"15:29:23:03","A_0019C004_250528_152715_h1EI5","COOKE S4 753","753","40","T 2 3/10","4.167","3.1","0.1","ARRI ALEXA 35"
"15:29:23:04","A_0019C004_250528_152715_h1EI5","COOKE S4 753","753","40","T 2 3/10","4.163","3.1","0.1","ARRI ALEXA 35"
"15:29:23:05","A_0019C004_250528_152715_h1EI5","COOKE S4 753","753","40","T 2 3/10","4.16","3.1","0.1","ARRI ALEXA 35"
"15:29:23:06","A_0019C004_250528_152715_h1EI5","COOKE S4 753","753","40","T 2 3/10","4.157","3.1","0.1","ARRI ALEXA 35"
"15:29:23:07","A_0019C004_250528_152715_h1EI5","COOKE S4 753","753","40","T 2 3/10","4.157","3.1","0.1","ARRI ALEXA 35"
"15:29:23:08","A_0019C004_250528_152715_h1EI5","COOKE S4 753","753","40","T 2 3/10","4.154","3.1","0.1","ARRI ALEXA 35"
"15:29:23:09","A_0019C004_250528_152715_h1EI5","COOKE S4 753","753","40","T 2 3/10","4.154","3.1","0.1","ARRI ALEXA 35"
"15:29:23:10","A_0019C004_250528_152715_h1EI5","COOKE S4 753","753","40","T 2 3/10","4.147","3.1","0.1","ARRI ALEXA 35"
"15:29:23:11","A_0019C004_250528_152715_h1EI5","COOKE S4 753","753","40","T 2 3/10","4.147","3.1","0.1","ARRI ALEXA 35"
"15:29:23:12","A_0019C004_250528_152715_h1EI5","COOKE S4 753","753","40","T 2 3/10","4.147","3.1","0.1","ARRI ALEXA 35"
"15:29:23:13","A_0019C004_250528_152715_h1EI5","COOKE S4 753","753","40","T 2 3/10","4.147","3.1","0.1","ARRI ALEXA 35"
"15:29:23:14","A_0019C004_250528_152715_h1EI5","COOKE S4 753","753","40","T 2 3/10","4.147","3.1","0.1","ARRI ALEXA 35"
"15:29:23:15","A_0019C004_250528_152715_h1EI5","COOKE S4 753","753","40","T 2 3/10","4.147","3.1","0.1","ARRI ALEXA 35"
"15:29:23:16","A_0019C004_250528_152715_h1EI5","COOKE S4 753","753","40","T 2 3/10","4.147","3.1","0.1","ARRI ALEXA 35"
"15:29:23:17","A_0019C004_250528_152715_h1EI5","COOKE S4 753","753","40","T 2 3/10","4.147","3.1","0.1","ARRI ALEXA 35"
"15:29:23:18","A_0019C004_250528_152715_h1EI5","COOKE S4 753","753","40","T 2 3/10","4.147","3.1","0.1","ARRI ALEXA 35"
"15:29:23:19","A_0019C004_250528_152715_h1EI5","COOKE S4 753","753","40","T 2 3/10","4.147","3.1","0.1","ARRI ALEXA 35"
"15:29:23:20","A_0019C004_250528_152715_h1EI5","COOKE S4 753","753","40","T 2 3/10","4.147","3.1","0.1","ARRI ALEXA 35"
"15:29:23:21","A_0019C004_250528_152715_h1EI5","COOKE S4 753","753","40","T 2 3/10","4.147","3.1","0.1","ARRI ALEXA 35"
"15:29:23:22","A_0019C004_250528_152715_h1EI5","COOKE S4 753","753","40","T 2 3/10","4.147","3.1","0.1","ARRI ALEXA 35"
"15:29:23:23","A_0019C004_250528_152715_h1EI5","COOKE S4 753","753","40","T 2 3/10","4.147","3.1","0.1","ARRI ALEXA 35"
"15:29:24:00","A_0019C004_250528_152715_h1EI5","COOKE S4 753","753","40","T 2 3/10","4.147","3.1","0.1","ARRI ALEXA 35"
"15:29:24:01","A_0019C004_250528_152715_h1EI5","COOKE S4 753","753","40","T 2 3/10","4.147","3.1","0.1","ARRI ALEXA 35"
"15:29:24:02","A_0019C004_250528_152715_h1EI5","COOKE S4 753","753","40","T 2 3/10","4.147","3.1","0.1","ARRI ALEXA 35"
"15:29:24:03","A_0019C004_250528_152715_h1EI5","COOKE S4 753","753","40","T 2 3/10","4.147","3.1","0.1","ARRI ALEXA 35"
"15:29:24:04","A_0019C004_250528_152715_h1EI5","COOKE S4 753","753","40","T 2 3/10","4.147","3.1","0.1","ARRI ALEXA 35"
"15:29:24:05","A_0019C004_250528_152715_h1EI5","COOKE S4 753","753","40","T 2 3/10","4.147","3.1","0.1","ARRI ALEXA 35"
"15:29:24:06","A_0019C004_250528_152715_h1EI5","COOKE S4 753","753","40","T 2 3/10","4.147","3.1","0.1","ARRI ALEXA 35"
"15:29:24:07","A_0019C004_250528_152715_h1EI5","COOKE S4 753","753","40","T 2 3/10","4.147","3.1","0.1","ARRI ALEXA 35"
"15:29:24:08","A_0019C004_250528_152715_h1EI5","COOKE S4 753","753","40","T 2 3/10","4.147","3.1","0.1","ARRI ALEXA 35"
"15:29:24:09","A_0019C004_250528_152715_h1EI5","COOKE S4 753","753","40","T 2 3/10","4.147","3.1","0.1","ARRI ALEXA 35"
"15:29:24:10","A_0019C004_250528_152715_h1EI5","COOKE S4 753","753","40","T 2 3/10","4.147","3.1","0.1","ARRI ALEXA 35"
"15:29:24:11","A_0019C004_250528_152715_h1EI5","COOKE S4 753","753","40","T 2 3/10","4.147","3.1","0.1","ARRI ALEXA 35"
"15:29:24:12","A_0019C004_250528_152715_h1EI5","COOKE S4 753","753","40","T 2 3/10","4.147","3.1","0.1","ARRI ALEXA 35"
"15:29:24:13","A_0019C004_250528_152715_h1EI5","COOKE S4 753","753","40","T 2 3/10","4.147","3.1","0.1","ARRI ALEXA 35"
"15:29:24:14","A_0019C004_250528_152715_h1EI5","COOKE S4 753","753","40","T 2 3/10","4.147","3.1","0.1","ARRI ALEXA 35"
"15:29:24:15","A_0019C004_250528_152715_h1EI5","COOKE S4 753","753","40","T 2 3/10","4.147","3.1","0.1","ARRI ALEXA 35"
"15:29:24:16","A_0019C004_250528_152715_h1EI5","COOKE S4 753","753","40","T 2 3/10","4.147","3.1","0.1","ARRI ALEXA 35"
"15:29:24:17","A_0019C004_250528_152715_h1EI5","COOKE S4 753","753","40","T 2 3/10","4.147","3.1","0.1","ARRI ALEXA 35"
"15:29:24:18","A_0019C004_250528_152715_h1EI5","COOKE S4 753","753","40","T 2 3/10","4.147","3.1","0.1","ARRI ALEXA 35"
"15:29:24:19","A_0019C004_250528_152715_h1EI5","COOKE S4 753","753","40","T 2 3/10","4.147","3.1","0.1","ARRI ALEXA 35"
"15:29:24:20","A_0019C004_250528_152715_h1EI5","COOKE S4 753","753","40","T 2 3/10","4.147","3.1","0.1","ARRI ALEXA 35"
"15:29:24:21","A_0019C004_250528_152715_h1EI5","COOKE S4 753","753","40","T 2 3/10","4.147","3.1","0.1","ARRI ALEXA 35"
"15:29:24:22","A_0019C004_250528_152715_h1EI5","COOKE S4 753","753","40","T 2 3/10","4.154","3.1","0.1","ARRI ALEXA 35"
"15:29:24:23","A_0019C004_250528_152715_h1EI5","COOKE S4 753","753","40","T 2 3/10","4.163","3.1","0.1","ARRI ALEXA 35"
"15:29:25:00","A_0019C004_250528_152715_h1EI5","COOKE S4 753","753","40","T 2 3/10","4.17","3.1","0.1","ARRI ALEXA 35"
"15:29:25:01","A_0019C004_250528_152715_h1EI5","COOKE S4 753","753","40","T 2 3/10","4.18","3.1","0.1","ARRI ALEXA 35"
"15:29:25:02","A_0019C004_250528_152715_h1EI5","COOKE S4 753","753","40","T 2 3/10","4.18","3.1","0.1","ARRI ALEXA 35"
"15:29:25:03","A_0019C004_250528_152715_h1EI5","COOKE S4 753","753","40","T 2 3/10","4.186","3.1","0.1","ARRI ALEXA 35"
"15:29:25:04","A_0019C004_250528_152715_h1EI5","COOKE S4 753","753","40","T 2 3/10","4.19","3.1","0.1","ARRI ALEXA 35"
"15:29:25:05","A_0019C004_250528_152715_h1EI5","COOKE S4 753","753","40","T 2 3/10","4.193","3.1","0.1","ARRI ALEXA 35"
"15:29:25:06","A_0019C004_250528_152715_h1EI5","COOKE S4 753","753","40","T 2 3/10","4.196","3.1","0.1","ARRI ALEXA 35"
"15:29:25:07","A_0019C004_250528_152715_h1EI5","COOKE S4 753","753","40","T 2 3/10","4.199","3.1","0.1","ARRI ALEXA 35"
"15:29:25:08","A_0019C004_250528_152715_h1EI5","COOKE S4 753","753","40","T 2 3/10","4.199","3.1","0.1","ARRI ALEXA 35"
"15:29:25:09","A_0019C004_250528_152715_h1EI5","COOKE S4 753","753","40","T 2 3/10","4.203","3.1","0.1","ARRI ALEXA 35"
"15:29:25:10","A_0019C004_250528_152715_h1EI5","COOKE S4 753","753","40","T 2 3/10","4.203","3.1","0.1","ARRI ALEXA 35"
"15:29:25:11","A_0019C004_250528_152715_h1EI5","COOKE S4 753","753","40","T 2 3/10","4.203","3.1","0.1","ARRI ALEXA 35"
"15:29:25:12","A_0019C004_250528_152715_h1EI5","COOKE S4 753","753","40","T 2 3/10","4.203","3.1","0.1","ARRI ALEXA 35"
"15:29:25:13","A_0019C004_250528_152715_h1EI5","COOKE S4 753","753","40","T 2 3/10","4.203","3.1","0.1","ARRI ALEXA 35"
"15:29:25:14","A_0019C004_250528_152715_h1EI5","COOKE S4 753","753","40","T 2 3/10","4.203","3.1","0.1","ARRI ALEXA 35"
"15:29:25:15","A_0019C004_250528_152715_h1EI5","COOKE S4 753","753","40","T 2 3/10","4.203","3.1","0.1","ARRI ALEXA 35"
"15:29:25:16","A_0019C004_250528_152715_h1EI5","COOKE S4 753","753","40","T 2 3/10","4.203","2.9","0.1","ARRI ALEXA 35"
"15:29:25:17","A_0019C004_250528_152715_h1EI5","COOKE S4 753","753","40","T 2 3/10","4.203","2.9","0.1","ARRI ALEXA 35"
"15:29:25:18","A_0019C004_250528_152715_h1EI5","COOKE S4 753","753","40","T 2 3/10","4.203","2.9","0.1","ARRI ALEXA 35"
"15:29:25:19","A_0019C004_250528_152715_h1EI5","COOKE S4 753","753","40","T 2 3/10","4.203","2.9","0.1","ARRI ALEXA 35"
"15:29:25:20","A_0019C004_250528_152715_h1EI5","COOKE S4 753","753","40","T 2 3/10","4.203","2.9","0.1","ARRI ALEXA 35"
"15:29:25:21","A_0019C004_250528_152715_h1EI5","COOKE S4 753","753","40","T 2 3/10","4.203","2.9","0.1","ARRI ALEXA 35"
"15:29:25:22","A_0019C004_250528_152715_h1EI5","COOKE S4 753","753","40","T 2 3/10","4.203","2.9","0.1","ARRI ALEXA 35"
"15:29:25:23","A_0019C004_250528_152715_h1EI5","COOKE S4 753","753","40","T 2 3/10","4.203","2.9","0.1","ARRI ALEXA 35"
"15:29:26:00","A_0019C004_250528_152715_h1EI5","COOKE S4 753","753","40","T 2 3/10","4.203","2.9","0.1","ARRI ALEXA 35"
"15:29:26:01","A_0019C004_250528_152715_h1EI5","COOKE S4 753","753","40","T 2 3/10","4.203","2.9","0.1","ARRI ALEXA 35"
"15:29:26:02","A_0019C004_250528_152715_h1EI5","COOKE S4 753","753","40","T 2 3/10","4.203","2.9","0.1","ARRI ALEXA 35"
"15:29:26:03","A_0019C004_250528_152715_h1EI5","COOKE S4 753","753","40","T 2 3/10","4.203","2.9","0.1","ARRI ALEXA 35"
"15:29:26:04","A_0019C004_250528_152715_h1EI5","COOKE S4 753","753","40","T 2 3/10","4.203","2.9","0.1","ARRI ALEXA 35"
"15:29:26:05","A_0019C004_250528_152715_h1EI5","COOKE S4 753","753","40","T 2 3/10","4.203","2.9","0.1","ARRI ALEXA 35"
"15:29:26:06","A_0019C004_250528_152715_h1EI5","COOKE S4 753","753","40","T 2 3/10","4.203","2.9","0.1","ARRI ALEXA 35"
"15:29:26:07","A_0019C004_250528_152715_h1EI5","COOKE S4 753","753","40","T 2 3/10","4.203","2.9","0.1","ARRI ALEXA 35"
"15:29:26:08","A_0019C004_250528_152715_h1EI5","COOKE S4 753","753","40","T 2 3/10","4.203","2.9","0.1","ARRI ALEXA 35"
"15:29:26:09","A_0019C004_250528_152715_h1EI5","COOKE S4 753","753","40","T 2 3/10","4.203","2.9","0.1","ARRI ALEXA 35"
"15:29:26:10","A_0019C004_250528_152715_h1EI5","COOKE S4 753","753","40","T 2 3/10","4.203","2.9","0.1","ARRI ALEXA 35"
"15:29:26:11","A_0019C004_250528_152715_h1EI5","COOKE S4 753","753","40","T 2 3/10","4.203","2.9","0.1","ARRI ALEXA 35"
"15:29:26:12","A_0019C004_250528_152715_h1EI5","COOKE S4 753","753","40","T 2 3/10","4.203","2.9","0.1","ARRI ALEXA 35"
"15:29:26:13","A_0019C004_250528_152715_h1EI5","COOKE S4 753","753","40","T 2 3/10","4.203","2.9","0.1","ARRI ALEXA 35"
"15:29:26:14","A_0019C004_250528_152715_h1EI5","COOKE S4 753","753","40","T 2 3/10","4.203","2.9","0.1","ARRI ALEXA 35"
"15:29:26:15","A_0019C004_250528_152715_h1EI5","COOKE S4 753","753","40","T 2 3/10","4.203","2.9","0.1","ARRI ALEXA 35"
"15:29:26:16","A_0019C004_250528_152715_h1EI5","COOKE S4 753","753","40","T 2 3/10","4.203","2.9","0.1","ARRI ALEXA 35"
"15:29:26:17","A_0019C004_250528_152715_h1EI5","COOKE S4 753","753","40","T 2 3/10","4.203","2.9","0.1","ARRI ALEXA 35"
"15:29:26:18","A_0019C004_250528_152715_h1EI5","COOKE S4 753","753","40","T 2 3/10","4.203","2.9","0.1","ARRI ALEXA 35"
"15:29:26:19","A_0019C004_250528_152715_h1EI5","COOKE S4 753","753","40","T 2 3/10","4.203","2.9","0.1","ARRI ALEXA 35"
"15:29:26:20","A_0019C004_250528_152715_h1EI5","COOKE S4 753","753","40","T 2 3/10","4.203","2.9","0.1","ARRI ALEXA 35"
"15:29:26:21","A_0019C004_250528_152715_h1EI5","COOKE S4 753","753","40","T 2 3/10","4.203","2.9","0.1","ARRI ALEXA 35"
"15:29:26:22","A_0019C004_250528_152715_h1EI5","COOKE S4 753","753","40","T 2 3/10","4.203","2.9","0.1","ARRI ALEXA 35"
"15:29:26:23","A_0019C004_250528_152715_h1EI5","COOKE S4 753","753","40","T 2 3/10","4.203","2.9","0.1","ARRI ALEXA 35"
"15:29:27:00","A_0019C004_250528_152715_h1EI5","COOKE S4 753","753","40","T 2 3/10","4.203","2.9","0.1","ARRI ALEXA 35"
"15:29:27:01","A_0019C004_250528_152715_h1EI5","COOKE S4 753","753","40","T 2 3/10","4.203","2.9","0.1","ARRI ALEXA 35"
"15:29:27:02","A_0019C004_250528_152715_h1EI5","COOKE S4 753","753","40","T 2 3/10","4.203","2.9","0.1","ARRI ALEXA 35"
"15:29:27:03","A_0019C004_250528_152715_h1EI5","COOKE S4 753","753","40","T 2 3/10","4.203","2.9","0.1","ARRI ALEXA 35"
"15:29:27:04","A_0019C004_250528_152715_h1EI5","COOKE S4 753","753","40","T 2 3/10","4.203","2.9","0.1","ARRI ALEXA 35"
"15:29:27:05","A_0019C004_250528_152715_h1EI5","COOKE S4 753","753","40","T 2 3/10","4.203","2.9","0.1","ARRI ALEXA 35"
"15:29:27:06","A_0019C004_250528_152715_h1EI5","COOKE S4 753","753","40","T 2 3/10","4.203","2.9","0.1","ARRI ALEXA 35"
"15:29:27:07","A_0019C004_250528_152715_h1EI5","COOKE S4 753","753","40","T 2 3/10","4.203","2.9","0.1","ARRI ALEXA 35"
"15:29:27:08","A_0019C004_250528_152715_h1EI5","COOKE S4 753","753","40","T 2 3/10","4.203","2.9","0.1","ARRI ALEXA 35"
"15:29:27:09","A_0019C004_250528_152715_h1EI5","COOKE S4 753","753","40","T 2 3/10","4.203","2.9","0.1","ARRI ALEXA 35"
"15:29:27:10","A_0019C004_250528_152715_h1EI5","COOKE S4 753","753","40","T 2 3/10","4.203","2.9","0.1","ARRI ALEXA 35"
"15:29:27:11","A_0019C004_250528_152715_h1EI5","COOKE S4 753","753","40","T 2 3/10","4.203","2.9","0.1","ARRI ALEXA 35"
"15:29:27:12","A_0019C004_250528_152715_h1EI5","COOKE S4 753","753","40","T 2 3/10","4.203","2.9","0.1","ARRI ALEXA 35"
"15:29:27:13","A_0019C004_250528_152715_h1EI5","COOKE S4 753","753","40","T 2 3/10","4.203","2.9","0.1","ARRI ALEXA 35"
"15:29:27:14","A_0019C004_250528_152715_h1EI5","COOKE S4 753","753","40","T 2 3/10","4.203","2.9","0.1","ARRI ALEXA 35"
"15:29:27:15","A_0019C004_250528_152715_h1EI5","COOKE S4 753","753","40","T 2 3/10","4.203","2.9","0.1","ARRI ALEXA 35"
"15:29:27:16","A_0019C004_250528_152715_h1EI5","COOKE S4 753","753","40","T 2 3/10","4.203","2.9","0.1","ARRI ALEXA 35"
"15:29:27:17","A_0019C004_250528_152715_h1EI5","COOKE S4 753","753","40","T 2 3/10","4.203","2.9","0.1","ARRI ALEXA 35"
"15:29:27:18","A_0019C004_250528_152715_h1EI5","COOKE S4 753","753","40","T 2 3/10","4.206","2.9","0.1","ARRI ALEXA 35"
"15:29:27:19","A_0019C004_250528_152715_h1EI5","COOKE S4 753","753","40","T 2 3/10","4.206","2.9","0.1","ARRI ALEXA 35"
"15:29:27:20","A_0019C004_250528_152715_h1EI5","COOKE S4 753","753","40","T 2 3/10","4.206","2.9","0.1","ARRI ALEXA 35"
"15:29:27:21","A_0019C004_250528_152715_h1EI5","COOKE S4 753","753","40","T 2 3/10","4.206","2.9","0.1","ARRI ALEXA 35"
"15:29:27:22","A_0019C004_250528_152715_h1EI5","COOKE S4 753","753","40","T 2 3/10","4.206","2.9","0.1","ARRI ALEXA 35"
"15:29:27:23","A_0019C004_250528_152715_h1EI5","COOKE S4 753","753","40","T 2 3/10","4.206","2.9","0.1","ARRI ALEXA 35"
"15:29:28:00","A_0019C004_250528_152715_h1EI5","COOKE S4 753","753","40","T 2 3/10","4.206","2.9","0.1","ARRI ALEXA 35"
"15:29:28:01","A_0019C004_250528_152715_h1EI5","COOKE S4 753","753","40","T 2 3/10","4.206","2.9","0.1","ARRI ALEXA 35"
"15:29:28:02","A_0019C004_250528_152715_h1EI5","COOKE S4 753","753","40","T 2 3/10","4.206","2.9","0.1","ARRI ALEXA 35"
"15:29:28:03","A_0019C004_250528_152715_h1EI5","COOKE S4 753","753","40","T 2 3/10","4.206","2.9","0.1","ARRI ALEXA 35"
"15:29:28:04","A_0019C004_250528_152715_h1EI5","COOKE S4 753","753","40","T 2 3/10","4.206","2.9","0.1","ARRI ALEXA 35"
"15:29:28:05","A_0019C004_250528_152715_h1EI5","COOKE S4 753","753","40","T 2 3/10","4.206","2.9","0.1","ARRI ALEXA 35"
"15:29:28:06","A_0019C004_250528_152715_h1EI5","COOKE S4 753","753","40","T 2 3/10","4.206","2.9","0.1","ARRI ALEXA 35"
"15:29:28:07","A_0019C004_250528_152715_h1EI5","COOKE S4 753","753","40","T 2 3/10","4.206","2.9","0.1","ARRI ALEXA 35"
"15:29:28:08","A_0019C004_250528_152715_h1EI5","COOKE S4 753","753","40","T 2 3/10","4.206","2.9","0.1","ARRI ALEXA 35"
"15:29:28:09","A_0019C004_250528_152715_h1EI5","COOKE S4 753","753","40","T 2 3/10","4.206","2.9","0.1","ARRI ALEXA 35"
"15:29:28:10","A_0019C004_250528_152715_h1EI5","COOKE S4 753","753","40","T 2 3/10","4.206","2.9","0.1","ARRI ALEXA 35"
"15:29:28:11","A_0019C004_250528_152715_h1EI5","COOKE S4 753","753","40","T 2 3/10","4.206","2.9","0.1","ARRI ALEXA 35"
"15:29:28:12","A_0019C004_250528_152715_h1EI5","COOKE S4 753","753","40","T 2 3/10","4.206","2.9","0.1","ARRI ALEXA 35"
"15:29:28:13","A_0019C004_250528_152715_h1EI5","COOKE S4 753","753","40","T 2 3/10","4.206","2.9","0.1","ARRI ALEXA 35"
"15:29:28:14","A_0019C004_250528_152715_h1EI5","COOKE S4 753","753","40","T 2 3/10","4.206","2.9","0.1","ARRI ALEXA 35"
"15:29:28:15","A_0019C004_250528_152715_h1EI5","COOKE S4 753","753","40","T 2 3/10","4.206","2.9","0.1","ARRI ALEXA 35"
"15:29:28:16","A_0019C004_250528_152715_h1EI5","COOKE S4 753","753","40","T 2 3/10","4.206","2.9","0.1","ARRI ALEXA 35"
"15:29:28:17","A_0019C004_250528_152715_h1EI5","COOKE S4 753","753","40","T 2 3/10","4.206","2.9","0.1","ARRI ALEXA 35"
"15:29:28:18","A_0019C004_250528_152715_h1EI5","COOKE S4 753","753","40","T 2 3/10","4.206","2.9","0.1","ARRI ALEXA 35"
"15:29:28:19","A_0019C004_250528_152715_h1EI5","COOKE S4 753","753","40","T 2 3/10","4.206","2.9","0.1","ARRI ALEXA 35"
"15:29:28:20","A_0019C004_250528_152715_h1EI5","COOKE S4 753","753","40","T 2 3/10","4.206","2.9","0.1","ARRI ALEXA 35"
"15:29:28:21","A_0019C004_250528_152715_h1EI5","COOKE S4 753","753","40","T 2 3/10","4.206","2.9","0.1","ARRI ALEXA 35"
"15:29:28:22","A_0019C004_250528_152715_h1EI5","COOKE S4 753","753","40","T 2 3/10","4.206","2.9","0.1","ARRI ALEXA 35"
"15:29:28:23","A_0019C004_250528_152715_h1EI5","COOKE S4 753","753","40","T 2 3/10","4.206","2.9","0.1","ARRI ALEXA 35"
"15:29:29:00","A_0019C004_250528_152715_h1EI5","COOKE S4 753","753","40","T 2 3/10","4.206","2.9","0.1","ARRI ALEXA 35"
"15:29:29:01","A_0019C004_250528_152715_h1EI5","COOKE S4 753","753","40","T 2 3/10","4.206","2.9","0.1","ARRI ALEXA 35"
"15:29:29:02","A_0019C004_250528_152715_h1EI5","COOKE S4 753","753","40","T 2 3/10","4.206","2.9","0.1","ARRI ALEXA 35"
"15:29:29:03","A_0019C004_250528_152715_h1EI5","COOKE S4 753","753","40","T 2 3/10","4.206","2.9","0.1","ARRI ALEXA 35"
"15:29:29:04","A_0019C004_250528_152715_h1EI5","COOKE S4 753","753","40","T 2 3/10","4.206","2.9","0.1","ARRI ALEXA 35"
"15:29:29:05","A_0019C004_250528_152715_h1EI5","COOKE S4 753","753","40","T 2 3/10","4.206","2.9","0.1","ARRI ALEXA 35"
"15:29:29:06","A_0019C004_250528_152715_h1EI5","COOKE S4 753","753","40","T 2 3/10","4.206","2.9","0.1","ARRI ALEXA 35"
"15:29:29:07","A_0019C004_250528_152715_h1EI5","COOKE S4 753","753","40","T 2 3/10","4.206","2.9","0.1","ARRI ALEXA 35"
"15:29:29:08","A_0019C004_250528_152715_h1EI5","COOKE S4 753","753","40","T 2 3/10","4.206","2.9","0.1","ARRI ALEXA 35"
"15:29:29:09","A_0019C004_250528_152715_h1EI5","COOKE S4 753","753","40","T 2 3/10","4.206","2.9","0.1","ARRI ALEXA 35"
"15:29:29:10","A_0019C004_250528_152715_h1EI5","COOKE S4 753","753","40","T 2 3/10","4.206","2.9","0.1","ARRI ALEXA 35"
"15:29:29:11","A_0019C004_250528_152715_h1EI5","COOKE S4 753","753","40","T 2 3/10","4.206","2.9","0.1","ARRI ALEXA 35"
"15:29:29:12","A_0019C004_250528_152715_h1EI5","COOKE S4 753","753","40","T 2 3/10","4.206","2.9","0.1","ARRI ALEXA 35"
"15:29:29:13","A_0019C004_250528_152715_h1EI5","COOKE S4 753","753","40","T 2 3/10","4.206","2.9","0.1","ARRI ALEXA 35"
"15:29:29:14","A_0019C004_250528_152715_h1EI5","COOKE S4 753","753","40","T 2 3/10","4.206","2.9","0.1","ARRI ALEXA 35"
"15:29:29:15","A_0019C004_250528_152715_h1EI5","COOKE S4 753","753","40","T 2 3/10","4.206","2.9","0.1","ARRI ALEXA 35"
"15:29:29:16","A_0019C004_250528_152715_h1EI5","COOKE S4 753","753","40","T 2 3/10","4.206","2.9","0.1","ARRI ALEXA 35"
"15:29:29:17","A_0019C004_250528_152715_h1EI5","COOKE S4 753","753","40","T 2 3/10","4.206","2.9","0.1","ARRI ALEXA 35"
"15:29:29:18","A_0019C004_250528_152715_h1EI5","COOKE S4 753","753","40","T 2 3/10","4.206","2.9","0.1","ARRI ALEXA 35"
"15:29:29:19","A_0019C004_250528_152715_h1EI5","COOKE S4 753","753","40","T 2 3/10","4.206","2.9","0.1","ARRI ALEXA 35"
"15:29:29:20","A_0019C004_250528_152715_h1EI5","COOKE S4 753","753","40","T 2 3/10","4.206","2.9","0.1","ARRI ALEXA 35"
"15:29:29:21","A_0019C004_250528_152715_h1EI5","COOKE S4 753","753","40","T 2 3/10","4.206","2.9","0.1","ARRI ALEXA 35"
"15:29:29:22","A_0019C004_250528_152715_h1EI5","COOKE S4 753","753","40","T 2 3/10","4.206","2.9","0.1","ARRI ALEXA 35"
"15:29:29:23","A_0019C004_250528_152715_h1EI5","COOKE S4 753","753","40","T 2 3/10","4.206","2.9","0.1","ARRI ALEXA 35"
"15:29:30:00","A_0019C004_250528_152715_h1EI5","COOKE S4 753","753","40","T 2 3/10","4.206","2.9","0.1","ARRI ALEXA 35"
"15:29:30:01","A_0019C004_250528_152715_h1EI5","COOKE S4 753","753","40","T 2 3/10","4.206","2.9","0.1","ARRI ALEXA 35"
"15:29:30:02","A_0019C004_250528_152715_h1EI5","COOKE S4 753","753","40","T 2 3/10","4.206","2.9","0.1","ARRI ALEXA 35"
"15:29:30:03","A_0019C004_250528_152715_h1EI5","COOKE S4 753","753","40","T 2 3/10","4.206","2.9","0.1","ARRI ALEXA 35"
"15:29:30:04","A_0019C004_250528_152715_h1EI5","COOKE S4 753","753","40","T 2 3/10","4.206","2.9","0.1","ARRI ALEXA 35"
"15:29:30:05","A_0019C004_250528_152715_h1EI5","COOKE S4 753","753","40","T 2 3/10","4.206","2.9","0.1","ARRI ALEXA 35"
"15:29:30:06","A_0019C004_250528_152715_h1EI5","COOKE S4 753","753","40","T 2 3/10","4.206","2.9","0.1","ARRI ALEXA 35"
"15:29:30:07","A_0019C004_250528_152715_h1EI5","COOKE S4 753","753","40","T 2 3/10","4.206","2.9","0.1","ARRI ALEXA 35"
"15:29:30:08","A_0019C004_250528_152715_h1EI5","COOKE S4 753","753","40","T 2 3/10","4.206","2.9","0.1","ARRI ALEXA 35"
"15:29:30:09","A_0019C004_250528_152715_h1EI5","COOKE S4 753","753","40","T 2 3/10","4.206","2.9","0.1","ARRI ALEXA 35"
"15:29:30:10","A_0019C004_250528_152715_h1EI5","COOKE S4 753","753","40","T 2 3/10","4.206","2.9","0.1","ARRI ALEXA 35"
"15:29:30:11","A_0019C004_250528_152715_h1EI5","COOKE S4 753","753","40","T 2 3/10","4.206","2.9","0.1","ARRI ALEXA 35"
"15:29:30:12","A_0019C004_250528_152715_h1EI5","COOKE S4 753","753","40","T 2 3/10","4.206","2.9","0.1","ARRI ALEXA 35"
"15:29:30:13","A_0019C004_250528_152715_h1EI5","COOKE S4 753","753","40","T 2 3/10","4.206","2.9","0.1","ARRI ALEXA 35"
"15:29:30:14","A_0019C004_250528_152715_h1EI5","COOKE S4 753","753","40","T 2 3/10","4.206","2.9","0.1","ARRI ALEXA 35"
"15:29:30:15","A_0019C004_250528_152715_h1EI5","COOKE S4 753","753","40","T 2 3/10","4.206","2.9","0.1","ARRI ALEXA 35"
"15:29:30:16","A_0019C004_250528_152715_h1EI5","COOKE S4 753","753","40","T 2 3/10","4.206","2.9","0.1","ARRI ALEXA 35"
"15:29:30:17","A_0019C004_250528_152715_h1EI5","COOKE S4 753","753","40","T 2 3/10","4.206","2.9","0.1","ARRI ALEXA 35"
"15:29:30:18","A_0019C004_250528_152715_h1EI5","COOKE S4 753","753","40","T 2 3/10","4.206","2.9","0.1","ARRI ALEXA 35"
"15:29:30:19","A_0019C004_250528_152715_h1EI5","COOKE S4 753","753","40","T 2 3/10","4.206","2.9","0.1","ARRI ALEXA 35"
"15:29:30:20","A_0019C004_250528_152715_h1EI5","COOKE S4 753","753","40","T 2 3/10","4.206","2.9","0.1","ARRI ALEXA 35"
"15:29:30:21","A_0019C004_250528_152715_h1EI5","COOKE S4 753","753","40","T 2 3/10","4.206","2.9","0.1","ARRI ALEXA 35"
"15:29:30:22","A_0019C004_250528_152715_h1EI5","COOKE S4 753","753","40","T 2 3/10","4.206","2.9","0.1","ARRI ALEXA 35"
"15:29:30:23","A_0019C004_250528_152715_h1EI5","COOKE S4 753","753","40","T 2 3/10","4.206","2.9","0.1","ARRI ALEXA 35"
"15:29:31:00","A_0019C004_250528_152715_h1EI5","COOKE S4 753","753","40","T 2 3/10","4.206","2.9","0.1","ARRI ALEXA 35"
"15:29:31:01","A_0019C004_250528_152715_h1EI5","COOKE S4 753","753","40","T 2 3/10","4.206","2.9","0.1","ARRI ALEXA 35"
"15:29:31:02","A_0019C004_250528_152715_h1EI5","COOKE S4 753","753","40","T 2 3/10","4.206","2.9","0.1","ARRI ALEXA 35"
"15:29:31:03","A_0019C004_250528_152715_h1EI5","COOKE S4 753","753","40","T 2 3/10","4.206","2.9","0.1","ARRI ALEXA 35"
"15:29:31:04","A_0019C004_250528_152715_h1EI5","COOKE S4 753","753","40","T 2 3/10","4.206","2.9","0.1","ARRI ALEXA 35"
"15:29:31:05","A_0019C004_250528_152715_h1EI5","COOKE S4 753","753","40","T 2 3/10","4.209","2.9","0.1","ARRI ALEXA 35"
"15:29:31:06","A_0019C004_250528_152715_h1EI5","COOKE S4 753","753","40","T 2 3/10","4.216","2.9","0.1","ARRI ALEXA 35"
"15:29:31:07","A_0019C004_250528_152715_h1EI5","COOKE S4 753","753","40","T 2 3/10","4.219","2.9","0.1","ARRI ALEXA 35"
"15:29:31:08","A_0019C004_250528_152715_h1EI5","COOKE S4 753","753","40","T 2 3/10","4.219","2.9","0.1","ARRI ALEXA 35"
"15:29:31:09","A_0019C004_250528_152715_h1EI5","COOKE S4 753","753","40","T 2 3/10","4.219","2.9","0.1","ARRI ALEXA 35"
"15:29:31:10","A_0019C004_250528_152715_h1EI5","COOKE S4 753","753","40","T 2 3/10","4.219","2.9","0.1","ARRI ALEXA 35"
"15:29:31:11","A_0019C004_250528_152715_h1EI5","COOKE S4 753","753","40","T 2 3/10","4.219","2.9","0.1","ARRI ALEXA 35"
"15:29:31:12","A_0019C004_250528_152715_h1EI5","COOKE S4 753","753","40","T 2 3/10","4.219","2.9","0.1","ARRI ALEXA 35"
"15:29:31:13","A_0019C004_250528_152715_h1EI5","COOKE S4 753","753","40","T 2 3/10","4.219","2.9","0.1","ARRI ALEXA 35"
"15:29:31:14","A_0019C004_250528_152715_h1EI5","COOKE S4 753","753","40","T 2 3/10","4.219","2.9","0.1","ARRI ALEXA 35"
"15:29:31:15","A_0019C004_250528_152715_h1EI5","COOKE S4 753","753","40","T 2 3/10","4.219","2.9","0.1","ARRI ALEXA 35"
"15:29:31:16","A_0019C004_250528_152715_h1EI5","COOKE S4 753","753","40","T 2 3/10","4.219","2.9","0.1","ARRI ALEXA 35"
"15:29:31:17","A_0019C004_250528_152715_h1EI5","COOKE S4 753","753","40","T 2 3/10","4.219","2.9","0.1","ARRI ALEXA 35"
"15:29:31:18","A_0019C004_250528_152715_h1EI5","COOKE S4 753","753","40","T 2 3/10","4.219","2.9","0.1","ARRI ALEXA 35"
"15:29:31:19","A_0019C004_250528_152715_h1EI5","COOKE S4 753","753","40","T 2 3/10","4.219","2.9","0.1","ARRI ALEXA 35"
"15:29:31:20","A_0019C004_250528_152715_h1EI5","COOKE S4 753","753","40","T 2 3/10","4.219","2.9","0.1","ARRI ALEXA 35"
"15:29:31:21","A_0019C004_250528_152715_h1EI5","COOKE S4 753","753","40","T 2 3/10","4.219","2.9","0.1","ARRI ALEXA 35"
"15:29:31:22","A_0019C004_250528_152715_h1EI5","COOKE S4 753","753","40","T 2 3/10","4.219","2.9","0.1","ARRI ALEXA 35"
"15:29:31:23","A_0019C004_250528_152715_h1EI5","COOKE S4 753","753","40","T 2 3/10","4.219","2.9","0.1","ARRI ALEXA 35"
"15:29:32:00","A_0019C004_250528_152715_h1EI5","COOKE S4 753","753","40","T 2 3/10","4.219","2.9","0.1","ARRI ALEXA 35"
"15:29:32:01","A_0019C004_250528_152715_h1EI5","COOKE S4 753","753","40","T 2 3/10","4.219","2.9","0.1","ARRI ALEXA 35"
"15:29:32:02","A_0019C004_250528_152715_h1EI5","COOKE S4 753","753","40","T 2 3/10","4.219","2.9","0.1","ARRI ALEXA 35"
"15:29:32:03","A_0019C004_250528_152715_h1EI5","COOKE S4 753","753","40","T 2 3/10","4.219","2.9","0.1","ARRI ALEXA 35"
"15:29:32:04","A_0019C004_250528_152715_h1EI5","COOKE S4 753","753","40","T 2 3/10","4.219","2.9","0.1","ARRI ALEXA 35"
"15:29:32:05","A_0019C004_250528_152715_h1EI5","COOKE S4 753","753","40","T 2 3/10","4.219","2.9","0.1","ARRI ALEXA 35"
"15:29:32:06","A_0019C004_250528_152715_h1EI5","COOKE S4 753","753","40","T 2 3/10","4.219","2.9","0.1","ARRI ALEXA 35"
"15:29:32:07","A_0019C004_250528_152715_h1EI5","COOKE S4 753","753","40","T 2 3/10","4.216","2.9","0.1","ARRI ALEXA 35"
"15:29:32:08","A_0019C004_250528_152715_h1EI5","COOKE S4 753","753","40","T 2 3/10","4.209","2.9","0.1","ARRI ALEXA 35"
"15:29:32:09","A_0019C004_250528_152715_h1EI5","COOKE S4 753","753","40","T 2 3/10","4.209","2.9","0.1","ARRI ALEXA 35"
"15:29:32:10","A_0019C004_250528_152715_h1EI5","COOKE S4 753","753","40","T 2 3/10","4.206","2.9","0.1","ARRI ALEXA 35"
"15:29:32:11","A_0019C004_250528_152715_h1EI5","COOKE S4 753","753","40","T 2 3/10","4.196","2.9","0.1","ARRI ALEXA 35"
"15:29:32:12","A_0019C004_250528_152715_h1EI5","COOKE S4 753","753","40","T 2 3/10","4.19","2.9","0.1","ARRI ALEXA 35"
"15:29:32:13","A_0019C004_250528_152715_h1EI5","COOKE S4 753","753","40","T 2 3/10","4.19","2.9","0.1","ARRI ALEXA 35"
"15:29:32:14","A_0019C004_250528_152715_h1EI5","COOKE S4 753","753","40","T 2 3/10","4.19","2.9","0.1","ARRI ALEXA 35"
"15:29:32:15","A_0019C004_250528_152715_h1EI5","COOKE S4 753","753","40","T 2 3/10","4.19","2.9","0.1","ARRI ALEXA 35"
"15:29:32:16","A_0019C004_250528_152715_h1EI5","COOKE S4 753","753","40","T 2 3/10","4.19","2.9","0.1","ARRI ALEXA 35"
"15:29:32:17","A_0019C004_250528_152715_h1EI5","COOKE S4 753","753","40","T 2 3/10","4.19","2.9","0.1","ARRI ALEXA 35"
"15:29:32:18","A_0019C004_250528_152715_h1EI5","COOKE S4 753","753","40","T 2 3/10","4.19","2.9","0.1","ARRI ALEXA 35"
"15:29:32:19","A_0019C004_250528_152715_h1EI5","COOKE S4 753","753","40","T 2 3/10","4.19","2.9","0.1","ARRI ALEXA 35"
"15:29:32:20","A_0019C004_250528_152715_h1EI5","COOKE S4 753","753","40","T 2 3/10","4.19","2.9","0.1","ARRI ALEXA 35"
"15:29:32:21","A_0019C004_250528_152715_h1EI5","COOKE S4 753","753","40","T 2 3/10","4.19","3","0.1","ARRI ALEXA 35"
"15:29:32:22","A_0019C004_250528_152715_h1EI5","COOKE S4 753","753","40","T 2 3/10","4.19","3","0.1","ARRI ALEXA 35"
"15:29:32:23","A_0019C004_250528_152715_h1EI5","COOKE S4 753","753","40","T 2 3/10","4.19","3","0.1","ARRI ALEXA 35"
"15:29:33:00","A_0019C004_250528_152715_h1EI5","COOKE S4 753","753","40","T 2 3/10","4.19","3","0.1","ARRI ALEXA 35"
"15:29:33:01","A_0019C004_250528_152715_h1EI5","COOKE S4 753","753","40","T 2 3/10","4.19","3","0.1","ARRI ALEXA 35"
"15:29:33:02","A_0019C004_250528_152715_h1EI5","COOKE S4 753","753","40","T 2 3/10","4.19","3","0.1","ARRI ALEXA 35"
"15:29:33:03","A_0019C004_250528_152715_h1EI5","COOKE S4 753","753","40","T 2 3/10","4.19","3","0.1","ARRI ALEXA 35"
"15:29:33:04","A_0019C004_250528_152715_h1EI5","COOKE S4 753","753","40","T 2 3/10","4.19","3","0.1","ARRI ALEXA 35"
"15:29:33:05","A_0019C004_250528_152715_h1EI5","COOKE S4 753","753","40","T 2 3/10","4.19","3","0.1","ARRI ALEXA 35"
"15:29:33:06","A_0019C004_250528_152715_h1EI5","COOKE S4 753","753","40","T 2 3/10","4.19","3","0.1","ARRI ALEXA 35"
"15:29:33:07","A_0019C004_250528_152715_h1EI5","COOKE S4 753","753","40","T 2 3/10","4.19","3","0.1","ARRI ALEXA 35"
"15:29:33:08","A_0019C004_250528_152715_h1EI5","COOKE S4 753","753","40","T 2 3/10","4.19","3","0.1","ARRI ALEXA 35"
"15:29:33:09","A_0019C004_250528_152715_h1EI5","COOKE S4 753","753","40","T 2 3/10","4.19","3","0.1","ARRI ALEXA 35"
"15:29:33:10","A_0019C004_250528_152715_h1EI5","COOKE S4 753","753","40","T 2 3/10","4.19","3","0.1","ARRI ALEXA 35"
"15:29:33:11","A_0019C004_250528_152715_h1EI5","COOKE S4 753","753","40","T 2 3/10","4.19","3","0.1","ARRI ALEXA 35"
"15:29:33:12","A_0019C004_250528_152715_h1EI5","COOKE S4 753","753","40","T 2 3/10","4.19","3","0.1","ARRI ALEXA 35"
"15:29:33:13","A_0019C004_250528_152715_h1EI5","COOKE S4 753","753","40","T 2 3/10","4.19","3","0.1","ARRI ALEXA 35"
"15:29:33:14","A_0019C004_250528_152715_h1EI5","COOKE S4 753","753","40","T 2 3/10","4.19","3","0.1","ARRI ALEXA 35"
"15:29:33:15","A_0019C004_250528_152715_h1EI5","COOKE S4 753","753","40","T 2 3/10","4.19","3","0.1","ARRI ALEXA 35"
"15:29:33:16","A_0019C004_250528_152715_h1EI5","COOKE S4 753","753","40","T 2 3/10","4.196","3","0.1","ARRI ALEXA 35"
"15:29:33:17","A_0019C004_250528_152715_h1EI5","COOKE S4 753","753","40","T 2 3/10","4.196","3","0.1","ARRI ALEXA 35"
"15:29:33:18","A_0019C004_250528_152715_h1EI5","COOKE S4 753","753","40","T 2 3/10","4.196","3","0.1","ARRI ALEXA 35"
"15:29:33:19","A_0019C004_250528_152715_h1EI5","COOKE S4 753","753","40","T 2 3/10","4.196","3","0.1","ARRI ALEXA 35"
"15:29:33:20","A_0019C004_250528_152715_h1EI5","COOKE S4 753","753","40","T 2 3/10","4.196","3","0.1","ARRI ALEXA 35"
"15:29:33:21","A_0019C004_250528_152715_h1EI5","COOKE S4 753","753","40","T 2 3/10","4.196","3","0.1","ARRI ALEXA 35"
"15:29:33:22","A_0019C004_250528_152715_h1EI5","COOKE S4 753","753","40","T 2 3/10","4.196","3","0.1","ARRI ALEXA 35"
"15:29:33:23","A_0019C004_250528_152715_h1EI5","COOKE S4 753","753","40","T 2 3/10","4.196","3","0.1","ARRI ALEXA 35"
"15:29:34:00","A_0019C004_250528_152715_h1EI5","COOKE S4 753","753","40","T 2 3/10","4.196","3","0.1","ARRI ALEXA 35"
"15:29:34:01","A_0019C004_250528_152715_h1EI5","COOKE S4 753","753","40","T 2 3/10","4.196","3","0.1","ARRI ALEXA 35"
"15:29:34:02","A_0019C004_250528_152715_h1EI5","COOKE S4 753","753","40","T 2 3/10","4.196","3","0.1","ARRI ALEXA 35"
"15:29:34:03","A_0019C004_250528_152715_h1EI5","COOKE S4 753","753","40","T 2 3/10","4.196","3","0.1","ARRI ALEXA 35"
"15:29:34:04","A_0019C004_250528_152715_h1EI5","COOKE S4 753","753","40","T 2 3/10","4.196","3","0.1","ARRI ALEXA 35"
"15:29:34:05","A_0019C004_250528_152715_h1EI5","COOKE S4 753","753","40","T 2 3/10","4.196","3","0.1","ARRI ALEXA 35"
"15:29:34:06","A_0019C004_250528_152715_h1EI5","COOKE S4 753","753","40","T 2 3/10","4.196","3","0.1","ARRI ALEXA 35"
"15:29:34:07","A_0019C004_250528_152715_h1EI5","COOKE S4 753","753","40","T 2 3/10","4.196","3","0.1","ARRI ALEXA 35"
"15:29:34:08","A_0019C004_250528_152715_h1EI5","COOKE S4 753","753","40","T 2 3/10","4.196","3","0.1","ARRI ALEXA 35"
"15:29:34:09","A_0019C004_250528_152715_h1EI5","COOKE S4 753","753","40","T 2 3/10","4.196","3","0.1","ARRI ALEXA 35"
"15:29:34:10","A_0019C004_250528_152715_h1EI5","COOKE S4 753","753","40","T 2 3/10","4.196","3","0.1","ARRI ALEXA 35"
"15:29:34:11","A_0019C004_250528_152715_h1EI5","COOKE S4 753","753","40","T 2 3/10","4.196","3","0.1","ARRI ALEXA 35"
"15:29:34:12","A_0019C004_250528_152715_h1EI5","COOKE S4 753","753","40","T 2 3/10","4.196","3","0.1","ARRI ALEXA 35"
"15:29:34:13","A_0019C004_250528_152715_h1EI5","COOKE S4 753","753","40","T 2 3/10","4.196","3","0.1","ARRI ALEXA 35"
"15:29:34:14","A_0019C004_250528_152715_h1EI5","COOKE S4 753","753","40","T 2 3/10","4.199","3","0.1","ARRI ALEXA 35"
"15:29:34:15","A_0019C004_250528_152715_h1EI5","COOKE S4 753","753","40","T 2 3/10","4.199","3","0.1","ARRI ALEXA 35"
"15:29:34:16","A_0019C004_250528_152715_h1EI5","COOKE S4 753","753","40","T 2 3/10","4.199","3","0.1","ARRI ALEXA 35"
"15:29:34:17","A_0019C004_250528_152715_h1EI5","COOKE S4 753","753","40","T 2 3/10","4.199","3","0.1","ARRI ALEXA 35"
"15:29:34:18","A_0019C004_250528_152715_h1EI5","COOKE S4 753","753","40","T 2 3/10","4.199","3","0.1","ARRI ALEXA 35"
"15:29:34:19","A_0019C004_250528_152715_h1EI5","COOKE S4 753","753","40","T 2 3/10","4.199","3","0.1","ARRI ALEXA 35"
"15:29:34:20","A_0019C004_250528_152715_h1EI5","COOKE S4 753","753","40","T 2 3/10","4.199","3","0.1","ARRI ALEXA 35"
"15:29:34:21","A_0019C004_250528_152715_h1EI5","COOKE S4 753","753","40","T 2 3/10","4.199","3","0.1","ARRI ALEXA 35"
"15:29:34:22","A_0019C004_250528_152715_h1EI5","COOKE S4 753","753","40","T 2 3/10","4.199","3","0.1","ARRI ALEXA 35"
"15:29:34:23","A_0019C004_250528_152715_h1EI5","COOKE S4 753","753","40","T 2 3/10","4.199","3","0.1","ARRI ALEXA 35"
"15:29:35:00","A_0019C004_250528_152715_h1EI5","COOKE S4 753","753","40","T 2 3/10","4.199","3","0.1","ARRI ALEXA 35"
"15:29:35:01","A_0019C004_250528_152715_h1EI5","COOKE S4 753","753","40","T 2 3/10","4.199","3","0.1","ARRI ALEXA 35"
"15:29:35:02","A_0019C004_250528_152715_h1EI5","COOKE S4 753","753","40","T 2 3/10","4.196","3","0.1","ARRI ALEXA 35"
"15:29:35:03","A_0019C004_250528_152715_h1EI5","COOKE S4 753","753","40","T 2 3/10","4.196","3","0.1","ARRI ALEXA 35"
"15:29:35:04","A_0019C004_250528_152715_h1EI5","COOKE S4 753","753","40","T 2 3/10","4.196","3","0.1","ARRI ALEXA 35"
"15:29:35:05","A_0019C004_250528_152715_h1EI5","COOKE S4 753","753","40","T 2 3/10","4.196","3","0.1","ARRI ALEXA 35"
"15:29:35:06","A_0019C004_250528_152715_h1EI5","COOKE S4 753","753","40","T 2 3/10","4.196","3","0.1","ARRI ALEXA 35"
"15:29:35:07","A_0019C004_250528_152715_h1EI5","COOKE S4 753","753","40","T 2 3/10","4.196","3","0.1","ARRI ALEXA 35"
"15:29:35:08","A_0019C004_250528_152715_h1EI5","COOKE S4 753","753","40","T 2 3/10","4.196","3","0.1","ARRI ALEXA 35"
"15:29:35:09","A_0019C004_250528_152715_h1EI5","COOKE S4 753","753","40","T 2 3/10","4.196","3","0.1","ARRI ALEXA 35"
"15:29:35:10","A_0019C004_250528_152715_h1EI5","COOKE S4 753","753","40","T 2 3/10","4.196","3","0.1","ARRI ALEXA 35"
"15:29:35:11","A_0019C004_250528_152715_h1EI5","COOKE S4 753","753","40","T 2 3/10","4.196","3","0.1","ARRI ALEXA 35"
"15:29:35:12","A_0019C004_250528_152715_h1EI5","COOKE S4 753","753","40","T 2 3/10","4.196","3.1","0.1","ARRI ALEXA 35"
"15:29:35:13","A_0019C004_250528_152715_h1EI5","COOKE S4 753","753","40","T 2 3/10","4.196","3.1","0.1","ARRI ALEXA 35"
"15:29:35:14","A_0019C004_250528_152715_h1EI5","COOKE S4 753","753","40","T 2 3/10","4.196","3.1","0.1","ARRI ALEXA 35"
"15:29:35:15","A_0019C004_250528_152715_h1EI5","COOKE S4 753","753","40","T 2 3/10","4.196","3.1","0.1","ARRI ALEXA 35"
"15:29:35:16","A_0019C004_250528_152715_h1EI5","COOKE S4 753","753","40","T 2 3/10","4.196","3.1","0.1","ARRI ALEXA 35"
"15:29:35:17","A_0019C004_250528_152715_h1EI5","COOKE S4 753","753","40","T 2 3/10","4.196","3.1","0.1","ARRI ALEXA 35"
"15:29:35:18","A_0019C004_250528_152715_h1EI5","COOKE S4 753","753","40","T 2 3/10","4.196","3.1","0.1","ARRI ALEXA 35"
"15:29:35:19","A_0019C004_250528_152715_h1EI5","COOKE S4 753","753","40","T 2 3/10","4.196","3.1","0.1","ARRI ALEXA 35"
"15:29:35:20","A_0019C004_250528_152715_h1EI5","COOKE S4 753","753","40","T 2 3/10","4.196","3.1","0.1","ARRI ALEXA 35"
"15:29:35:21","A_0019C004_250528_152715_h1EI5","COOKE S4 753","753","40","T 2 3/10","4.196","3.1","0.1","ARRI ALEXA 35"
"15:29:35:22","A_0019C004_250528_152715_h1EI5","COOKE S4 753","753","40","T 2 3/10","4.196","3.1","0.1","ARRI ALEXA 35"
"15:29:35:23","A_0019C004_250528_152715_h1EI5","COOKE S4 753","753","40","T 2 3/10","4.196","3.1","0.1","ARRI ALEXA 35"
"15:29:36:00","A_0019C004_250528_152715_h1EI5","COOKE S4 753","753","40","T 2 3/10","4.196","3.1","0.1","ARRI ALEXA 35"
"15:29:36:01","A_0019C004_250528_152715_h1EI5","COOKE S4 753","753","40","T 2 3/10","4.196","3.1","0.1","ARRI ALEXA 35"
"15:29:36:02","A_0019C004_250528_152715_h1EI5","COOKE S4 753","753","40","T 2 3/10","4.196","3.1","0.1","ARRI ALEXA 35"
"15:29:36:03","A_0019C004_250528_152715_h1EI5","COOKE S4 753","753","40","T 2 3/10","4.196","3.1","0.1","ARRI ALEXA 35"
"15:29:36:04","A_0019C004_250528_152715_h1EI5","COOKE S4 753","753","40","T 2 3/10","4.196","3.1","0.1","ARRI ALEXA 35"
"15:29:36:05","A_0019C004_250528_152715_h1EI5","COOKE S4 753","753","40","T 2 3/10","4.196","3.1","0.1","ARRI ALEXA 35"
"15:29:36:06","A_0019C004_250528_152715_h1EI5","COOKE S4 753","753","40","T 2 3/10","4.196","3.1","0.1","ARRI ALEXA 35"
"15:29:36:07","A_0019C004_250528_152715_h1EI5","COOKE S4 753","753","40","T 2 3/10","4.196","3.1","0.1","ARRI ALEXA 35"
"15:29:36:08","A_0019C004_250528_152715_h1EI5","COOKE S4 753","753","40","T 2 3/10","4.196","3.1","0.1","ARRI ALEXA 35"
"15:29:36:09","A_0019C004_250528_152715_h1EI5","COOKE S4 753","753","40","T 2 3/10","4.196","3.1","0.1","ARRI ALEXA 35"
"15:29:36:10","A_0019C004_250528_152715_h1EI5","COOKE S4 753","753","40","T 2 3/10","4.196","3.1","0.1","ARRI ALEXA 35"
"15:29:36:11","A_0019C004_250528_152715_h1EI5","COOKE S4 753","753","40","T 2 3/10","4.196","3.1","0.1","ARRI ALEXA 35"
"15:29:36:12","A_0019C004_250528_152715_h1EI5","COOKE S4 753","753","40","T 2 3/10","4.196","3.1","0.1","ARRI ALEXA 35"
"15:29:36:13","A_0019C004_250528_152715_h1EI5","COOKE S4 753","753","40","T 2 3/10","4.196","3.1","0.1","ARRI ALEXA 35"
"15:29:36:14","A_0019C004_250528_152715_h1EI5","COOKE S4 753","753","40","T 2 3/10","4.196","3.1","0.1","ARRI ALEXA 35"
"15:29:36:15","A_0019C004_250528_152715_h1EI5","COOKE S4 753","753","40","T 2 3/10","4.196","3.1","0.1","ARRI ALEXA 35"
"15:29:36:16","A_0019C004_250528_152715_h1EI5","COOKE S4 753","753","40","T 2 3/10","4.196","3.1","0.1","ARRI ALEXA 35"
"15:29:36:17","A_0019C004_250528_152715_h1EI5","COOKE S4 753","753","40","T 2 3/10","4.196","3.1","0.1","ARRI ALEXA 35"
"15:29:36:18","A_0019C004_250528_152715_h1EI5","COOKE S4 753","753","40","T 2 3/10","4.196","3.1","0.1","ARRI ALEXA 35"
"15:29:36:19","A_0019C004_250528_152715_h1EI5","COOKE S4 753","753","40","T 2 3/10","4.196","3.1","0.1","ARRI ALEXA 35"
"15:29:36:20","A_0019C004_250528_152715_h1EI5","COOKE S4 753","753","40","T 2 3/10","4.196","3.1","0.1","ARRI ALEXA 35"
"15:29:36:21","A_0019C004_250528_152715_h1EI5","COOKE S4 753","753","40","T 2 3/10","4.196","3.1","0.1","ARRI ALEXA 35"
"15:29:36:22","A_0019C004_250528_152715_h1EI5","COOKE S4 753","753","40","T 2 3/10","4.196","3.1","0.1","ARRI ALEXA 35"
"15:29:36:23","A_0019C004_250528_152715_h1EI5","COOKE S4 753","753","40","T 2 3/10","4.196","3.1","0.1","ARRI ALEXA 35"
"15:29:37:00","A_0019C004_250528_152715_h1EI5","COOKE S4 753","753","40","T 2 3/10","4.196","3.1","0.1","ARRI ALEXA 35"
"15:29:37:01","A_0019C004_250528_152715_h1EI5","COOKE S4 753","753","40","T 2 3/10","4.196","3.1","0.1","ARRI ALEXA 35"
"15:29:37:02","A_0019C004_250528_152715_h1EI5","COOKE S4 753","753","40","T 2 3/10","4.196","3.1","0.1","ARRI ALEXA 35"
"15:29:37:03","A_0019C004_250528_152715_h1EI5","COOKE S4 753","753","40","T 2 3/10","4.196","3.1","0.1","ARRI ALEXA 35"
"15:29:37:04","A_0019C004_250528_152715_h1EI5","COOKE S4 753","753","40","T 2 3/10","4.196","3.1","0.1","ARRI ALEXA 35"
"15:29:37:05","A_0019C004_250528_152715_h1EI5","COOKE S4 753","753","40","T 2 3/10","4.196","3.1","0.1","ARRI ALEXA 35"
"15:29:37:06","A_0019C004_250528_152715_h1EI5","COOKE S4 753","753","40","T 2 3/10","4.196","3.1","0.1","ARRI ALEXA 35"
"15:29:37:07","A_0019C004_250528_152715_h1EI5","COOKE S4 753","753","40","T 2 3/10","4.196","3.1","0.1","ARRI ALEXA 35"
"15:29:37:08","A_0019C004_250528_152715_h1EI5","COOKE S4 753","753","40","T 2 3/10","4.196","3.1","0.1","ARRI ALEXA 35"
"15:29:37:09","A_0019C004_250528_152715_h1EI5","COOKE S4 753","753","40","T 2 3/10","4.196","3.1","0.1","ARRI ALEXA 35"
"15:29:37:10","A_0019C004_250528_152715_h1EI5","COOKE S4 753","753","40","T 2 3/10","4.196","3.1","0.1","ARRI ALEXA 35"
"15:29:37:11","A_0019C004_250528_152715_h1EI5","COOKE S4 753","753","40","T 2 3/10","4.196","3.1","0.1","ARRI ALEXA 35"
"15:29:37:12","A_0019C004_250528_152715_h1EI5","COOKE S4 753","753","40","T 2 3/10","4.196","3.1","0.1","ARRI ALEXA 35"
"15:29:37:13","A_0019C004_250528_152715_h1EI5","COOKE S4 753","753","40","T 2 3/10","4.196","3.1","0.1","ARRI ALEXA 35"
"15:29:37:14","A_0019C004_250528_152715_h1EI5","COOKE S4 753","753","40","T 2 3/10","4.196","3.1","0.1","ARRI ALEXA 35"
"15:29:37:15","A_0019C004_250528_152715_h1EI5","COOKE S4 753","753","40","T 2 3/10","4.196","3.1","0.1","ARRI ALEXA 35"
"15:29:37:16","A_0019C004_250528_152715_h1EI5","COOKE S4 753","753","40","T 2 3/10","4.196","3.1","0.1","ARRI ALEXA 35"
"15:29:37:17","A_0019C004_250528_152715_h1EI5","COOKE S4 753","753","40","T 2 3/10","4.196","3.1","0.1","ARRI ALEXA 35"
"15:29:37:18","A_0019C004_250528_152715_h1EI5","COOKE S4 753","753","40","T 2 3/10","4.196","3.1","0.1","ARRI ALEXA 35"
"15:29:37:19","A_0019C004_250528_152715_h1EI5","COOKE S4 753","753","40","T 2 3/10","4.196","3.1","0.1","ARRI ALEXA 35"
"15:29:37:20","A_0019C004_250528_152715_h1EI5","COOKE S4 753","753","40","T 2 3/10","4.196","3.1","0.1","ARRI ALEXA 35"
"15:29:37:21","A_0019C004_250528_152715_h1EI5","COOKE S4 753","753","40","T 2 3/10","4.196","3.1","0.1","ARRI ALEXA 35"
"15:29:37:22","A_0019C004_250528_152715_h1EI5","COOKE S4 753","753","40","T 2 3/10","4.196","3.1","0.1","ARRI ALEXA 35"
"15:29:37:23","A_0019C004_250528_152715_h1EI5","COOKE S4 753","753","40","T 2 3/10","4.196","3.1","0.1","ARRI ALEXA 35"
"15:29:38:00","A_0019C004_250528_152715_h1EI5","COOKE S4 753","753","40","T 2 3/10","4.196","3.1","0.1","ARRI ALEXA 35"
"15:29:38:01","A_0019C004_250528_152715_h1EI5","COOKE S4 753","753","40","T 2 3/10","4.196","3.1","0.1","ARRI ALEXA 35"
"15:29:38:02","A_0019C004_250528_152715_h1EI5","COOKE S4 753","753","40","T 2 3/10","4.196","3.1","0.1","ARRI ALEXA 35"
"15:29:38:03","A_0019C004_250528_152715_h1EI5","COOKE S4 753","753","40","T 2 3/10","4.196","3.1","0.1","ARRI ALEXA 35"
"15:29:38:04","A_0019C004_250528_152715_h1EI5","COOKE S4 753","753","40","T 2 3/10","4.196","3.1","0.1","ARRI ALEXA 35"
"15:29:38:05","A_0019C004_250528_152715_h1EI5","COOKE S4 753","753","40","T 2 3/10","4.196","3.1","0.1","ARRI ALEXA 35"
"15:29:38:06","A_0019C004_250528_152715_h1EI5","COOKE S4 753","753","40","T 2 3/10","4.196","3.1","0.1","ARRI ALEXA 35"
"15:29:38:07","A_0019C004_250528_152715_h1EI5","COOKE S4 753","753","40","T 2 3/10","4.196","3.1","0.1","ARRI ALEXA 35"
"15:29:38:08","A_0019C004_250528_152715_h1EI5","COOKE S4 753","753","40","T 2 3/10","4.196","3.1","0.1","ARRI ALEXA 35"
"15:29:38:09","A_0019C004_250528_152715_h1EI5","COOKE S4 753","753","40","T 2 3/10","4.196","3.1","0.1","ARRI ALEXA 35"
"15:29:38:10","A_0019C004_250528_152715_h1EI5","COOKE S4 753","753","40","T 2 3/10","4.196","3.1","0.1","ARRI ALEXA 35"
"15:29:38:11","A_0019C004_250528_152715_h1EI5","COOKE S4 753","753","40","T 2 3/10","4.196","3.1","0.1","ARRI ALEXA 35"
"15:29:38:12","A_0019C004_250528_152715_h1EI5","COOKE S4 753","753","40","T 2 3/10","4.196","3.1","0.1","ARRI ALEXA 35"
"15:29:38:13","A_0019C004_250528_152715_h1EI5","COOKE S4 753","753","40","T 2 3/10","4.196","3.1","0.1","ARRI ALEXA 35"
"15:29:38:14","A_0019C004_250528_152715_h1EI5","COOKE S4 753","753","40","T 2 3/10","4.196","3.1","0.1","ARRI ALEXA 35"
"15:29:38:15","A_0019C004_250528_152715_h1EI5","COOKE S4 753","753","40","T 2 3/10","4.196","3.1","0.1","ARRI ALEXA 35"
"15:29:38:16","A_0019C004_250528_152715_h1EI5","COOKE S4 753","753","40","T 2 3/10","4.196","3.1","0.1","ARRI ALEXA 35"
"15:29:38:17","A_0019C004_250528_152715_h1EI5","COOKE S4 753","753","40","T 2 3/10","4.196","3.1","0.1","ARRI ALEXA 35"
"15:29:38:18","A_0019C004_250528_152715_h1EI5","COOKE S4 753","753","40","T 2 3/10","4.196","3.1","0.1","ARRI ALEXA 35"
"15:29:38:19","A_0019C004_250528_152715_h1EI5","COOKE S4 753","753","40","T 2 3/10","4.196","3.1","0.1","ARRI ALEXA 35"
"15:29:38:20","A_0019C004_250528_152715_h1EI5","COOKE S4 753","753","40","T 2 3/10","4.196","3.1","0.1","ARRI ALEXA 35"
"15:29:38:21","A_0019C004_250528_152715_h1EI5","COOKE S4 753","753","40","T 2 3/10","4.196","3.1","0.1","ARRI ALEXA 35"
"15:29:38:22","A_0019C004_250528_152715_h1EI5","COOKE S4 753","753","40","T 2 3/10","4.196","3.1","0.1","ARRI ALEXA 35"
"15:29:38:23","A_0019C004_250528_152715_h1EI5","COOKE S4 753","753","40","T 2 3/10","4.196","3.1","0.1","ARRI ALEXA 35"
"15:29:39:00","A_0019C004_250528_152715_h1EI5","COOKE S4 753","753","40","T 2 3/10","4.196","3.1","0.1","ARRI ALEXA 35"
"15:29:39:01","A_0019C004_250528_152715_h1EI5","COOKE S4 753","753","40","T 2 3/10","4.196","3.1","0.1","ARRI ALEXA 35"
"15:29:39:02","A_0019C004_250528_152715_h1EI5","COOKE S4 753","753","40","T 2 3/10","4.196","3.1","0.1","ARRI ALEXA 35"
"15:29:39:03","A_0019C004_250528_152715_h1EI5","COOKE S4 753","753","40","T 2 3/10","4.196","3.1","0.1","ARRI ALEXA 35"
"15:29:39:04","A_0019C004_250528_152715_h1EI5","COOKE S4 753","753","40","T 2 3/10","4.196","3.1","0.1","ARRI ALEXA 35"
"15:29:39:05","A_0019C004_250528_152715_h1EI5","COOKE S4 753","753","40","T 2 3/10","4.196","3.1","0.1","ARRI ALEXA 35"
"15:29:39:06","A_0019C004_250528_152715_h1EI5","COOKE S4 753","753","40","T 2 3/10","4.196","3.1","0.1","ARRI ALEXA 35"
"15:29:39:07","A_0019C004_250528_152715_h1EI5","COOKE S4 753","753","40","T 2 3/10","4.196","3.1","0.1","ARRI ALEXA 35"
"15:29:39:08","A_0019C004_250528_152715_h1EI5","COOKE S4 753","753","40","T 2 3/10","4.196","3.1","0.1","ARRI ALEXA 35"
"15:29:39:09","A_0019C004_250528_152715_h1EI5","COOKE S4 753","753","40","T 2 3/10","4.196","3.1","0.1","ARRI ALEXA 35"
"15:29:39:10","A_0019C004_250528_152715_h1EI5","COOKE S4 753","753","40","T 2 3/10","4.196","3.1","0.1","ARRI ALEXA 35"
"15:29:39:11","A_0019C004_250528_152715_h1EI5","COOKE S4 753","753","40","T 2 3/10","4.196","3.1","0.1","ARRI ALEXA 35"
"15:29:39:12","A_0019C004_250528_152715_h1EI5","COOKE S4 753","753","40","T 2 3/10","4.196","3.1","0.1","ARRI ALEXA 35"
"15:29:39:13","A_0019C004_250528_152715_h1EI5","COOKE S4 753","753","40","T 2 3/10","4.196","3.1","0.1","ARRI ALEXA 35"
"15:29:39:14","A_0019C004_250528_152715_h1EI5","COOKE S4 753","753","40","T 2 3/10","4.196","3.1","0.1","ARRI ALEXA 35"
"15:29:39:15","A_0019C004_250528_152715_h1EI5","COOKE S4 753","753","40","T 2 3/10","4.196","3.1","0.1","ARRI ALEXA 35"
"15:29:39:16","A_0019C004_250528_152715_h1EI5","COOKE S4 753","753","40","T 2 3/10","4.196","3.1","0.1","ARRI ALEXA 35"
"15:29:39:17","A_0019C004_250528_152715_h1EI5","COOKE S4 753","753","40","T 2 3/10","4.196","3.1","0.1","ARRI ALEXA 35"
"15:29:39:18","A_0019C004_250528_152715_h1EI5","COOKE S4 753","753","40","T 2 3/10","4.196","3.1","0.1","ARRI ALEXA 35"
"15:29:39:19","A_0019C004_250528_152715_h1EI5","COOKE S4 753","753","40","T 2 3/10","4.196","3.1","0.1","ARRI ALEXA 35"
"15:29:39:20","A_0019C004_250528_152715_h1EI5","COOKE S4 753","753","40","T 2 3/10","4.196","3.1","0.1","ARRI ALEXA 35"
"15:29:39:21","A_0019C004_250528_152715_h1EI5","COOKE S4 753","753","40","T 2 3/10","4.196","3.1","0.1","ARRI ALEXA 35"
"15:29:39:22","A_0019C004_250528_152715_h1EI5","COOKE S4 753","753","40","T 2 3/10","4.196","3.1","0.1","ARRI ALEXA 35"
"15:29:39:23","A_0019C004_250528_152715_h1EI5","COOKE S4 753","753","40","T 2 3/10","4.19","3.1","0.1","ARRI ALEXA 35"
"15:29:40:00","A_0019C004_250528_152715_h1EI5","COOKE S4 753","753","40","T 2 3/10","4.183","3.1","0.1","ARRI ALEXA 35"
"15:29:40:01","A_0019C004_250528_152715_h1EI5","COOKE S4 753","753","40","T 2 3/10","4.173","3.1","0.1","ARRI ALEXA 35"
"15:29:40:02","A_0019C004_250528_152715_h1EI5","COOKE S4 753","753","40","T 2 3/10","4.163","3.1","0.1","ARRI ALEXA 35"
"15:29:40:03","A_0019C004_250528_152715_h1EI5","COOKE S4 753","753","40","T 2 3/10","4.16","3.1","0.1","ARRI ALEXA 35"
"15:29:40:04","A_0019C004_250528_152715_h1EI5","COOKE S4 753","753","40","T 2 3/10","4.16","3.1","0.1","ARRI ALEXA 35"
"15:29:40:05","A_0019C004_250528_152715_h1EI5","COOKE S4 753","753","40","T 2 3/10","4.16","3.1","0.1","ARRI ALEXA 35"
"15:29:40:06","A_0019C004_250528_152715_h1EI5","COOKE S4 753","753","40","T 2 3/10","4.16","3.1","0.1","ARRI ALEXA 35"
"15:29:40:07","A_0019C004_250528_152715_h1EI5","COOKE S4 753","753","40","T 2 3/10","4.16","3.1","0.1","ARRI ALEXA 35"
"15:29:40:08","A_0019C004_250528_152715_h1EI5","COOKE S4 753","753","40","T 2 3/10","4.16","3.1","0.1","ARRI ALEXA 35"
"15:29:40:09","A_0019C004_250528_152715_h1EI5","COOKE S4 753","753","40","T 2 3/10","4.16","3.1","0.1","ARRI ALEXA 35"
"15:29:40:10","A_0019C004_250528_152715_h1EI5","COOKE S4 753","753","40","T 2 3/10","4.16","3.1","0.1","ARRI ALEXA 35"
"15:29:40:11","A_0019C004_250528_152715_h1EI5","COOKE S4 753","753","40","T 2 3/10","4.16","3.1","0.1","ARRI ALEXA 35"
"15:29:40:12","A_0019C004_250528_152715_h1EI5","COOKE S4 753","753","40","T 2 3/10","4.16","3.1","0.1","ARRI ALEXA 35"
"15:29:40:13","A_0019C004_250528_152715_h1EI5","COOKE S4 753","753","40","T 2 3/10","4.16","3.1","0.1","ARRI ALEXA 35"
"15:29:40:14","A_0019C004_250528_152715_h1EI5","COOKE S4 753","753","40","T 2 3/10","4.16","3.1","0.1","ARRI ALEXA 35"
"15:29:40:15","A_0019C004_250528_152715_h1EI5","COOKE S4 753","753","40","T 2 3/10","4.16","3.1","0.1","ARRI ALEXA 35"
"15:29:40:16","A_0019C004_250528_152715_h1EI5","COOKE S4 753","753","40","T 2 3/10","4.16","3.1","0.1","ARRI ALEXA 35"
"15:29:40:17","A_0019C004_250528_152715_h1EI5","COOKE S4 753","753","40","T 2 3/10","4.16","3.1","0.1","ARRI ALEXA 35"
"15:29:40:18","A_0019C004_250528_152715_h1EI5","COOKE S4 753","753","40","T 2 3/10","4.16","3.1","0.1","ARRI ALEXA 35"
"15:29:40:19","A_0019C004_250528_152715_h1EI5","COOKE S4 753","753","40","T 2 3/10","4.16","3.1","0.1","ARRI ALEXA 35"
"15:29:40:20","A_0019C004_250528_152715_h1EI5","COOKE S4 753","753","40","T 2 3/10","4.16","3.1","0.1","ARRI ALEXA 35"
"15:29:40:21","A_0019C004_250528_152715_h1EI5","COOKE S4 753","753","40","T 2 3/10","4.16","3.1","0.1","ARRI ALEXA 35"
"15:29:40:22","A_0019C004_250528_152715_h1EI5","COOKE S4 753","753","40","T 2 3/10","4.16","3.1","0.1","ARRI ALEXA 35"
"15:29:40:23","A_0019C004_250528_152715_h1EI5","COOKE S4 753","753","40","T 2 3/10","4.16","3.1","0.1","ARRI ALEXA 35"
"15:29:41:00","A_0019C004_250528_152715_h1EI5","COOKE S4 753","753","40","T 2 3/10","4.16","3.1","0.1","ARRI ALEXA 35"
"15:29:41:01","A_0019C004_250528_152715_h1EI5","COOKE S4 753","753","40","T 2 3/10","4.16","3.1","0.1","ARRI ALEXA 35"
"15:29:41:02","A_0019C004_250528_152715_h1EI5","COOKE S4 753","753","40","T 2 3/10","4.16","3.1","0.1","ARRI ALEXA 35"
"15:29:41:03","A_0019C004_250528_152715_h1EI5","COOKE S4 753","753","40","T 2 3/10","4.16","3.1","0.1","ARRI ALEXA 35"
"15:29:41:04","A_0019C004_250528_152715_h1EI5","COOKE S4 753","753","40","T 2 3/10","4.16","3.1","0.1","ARRI ALEXA 35"
"15:29:41:05","A_0019C004_250528_152715_h1EI5","COOKE S4 753","753","40","T 2 3/10","4.16","3.1","0.1","ARRI ALEXA 35"
"15:29:41:06","A_0019C004_250528_152715_h1EI5","COOKE S4 753","753","40","T 2 3/10","4.16","3.1","0.1","ARRI ALEXA 35"
"15:29:41:07","A_0019C004_250528_152715_h1EI5","COOKE S4 753","753","40","T 2 3/10","4.16","3.1","0.1","ARRI ALEXA 35"
"15:29:41:08","A_0019C004_250528_152715_h1EI5","COOKE S4 753","753","40","T 2 3/10","4.16","3.1","0.1","ARRI ALEXA 35"
"15:29:41:09","A_0019C004_250528_152715_h1EI5","COOKE S4 753","753","40","T 2 3/10","4.16","3.1","0.1","ARRI ALEXA 35"
"15:29:41:10","A_0019C004_250528_152715_h1EI5","COOKE S4 753","753","40","T 2 3/10","4.16","3.1","0.1","ARRI ALEXA 35"
"15:29:41:11","A_0019C004_250528_152715_h1EI5","COOKE S4 753","753","40","T 2 3/10","4.16","3.1","0.1","ARRI ALEXA 35"
"15:29:41:12","A_0019C004_250528_152715_h1EI5","COOKE S4 753","753","40","T 2 3/10","4.16","3.1","0.1","ARRI ALEXA 35"
"15:29:41:13","A_0019C004_250528_152715_h1EI5","COOKE S4 753","753","40","T 2 3/10","4.16","3.1","0.1","ARRI ALEXA 35"
"15:29:41:14","A_0019C004_250528_152715_h1EI5","COOKE S4 753","753","40","T 2 3/10","4.16","3.1","0.1","ARRI ALEXA 35"
"15:29:41:15","A_0019C004_250528_152715_h1EI5","COOKE S4 753","753","40","T 2 3/10","4.16","3.1","0.1","ARRI ALEXA 35"
"15:29:41:16","A_0019C004_250528_152715_h1EI5","COOKE S4 753","753","40","T 2 3/10","4.16","3.1","0.1","ARRI ALEXA 35"
"15:29:41:17","A_0019C004_250528_152715_h1EI5","COOKE S4 753","753","40","T 2 3/10","4.16","3.1","0.1","ARRI ALEXA 35"
"15:29:41:18","A_0019C004_250528_152715_h1EI5","COOKE S4 753","753","40","T 2 3/10","4.16","3.1","0.1","ARRI ALEXA 35"
"15:29:41:19","A_0019C004_250528_152715_h1EI5","COOKE S4 753","753","40","T 2 3/10","4.16","3.1","0.1","ARRI ALEXA 35"
"15:29:41:20","A_0019C004_250528_152715_h1EI5","COOKE S4 753","753","40","T 2 3/10","4.16","3.1","0.1","ARRI ALEXA 35"
"15:29:41:21","A_0019C004_250528_152715_h1EI5","COOKE S4 753","753","40","T 2 3/10","4.16","3.1","0.1","ARRI ALEXA 35"
"15:29:41:22","A_0019C004_250528_152715_h1EI5","COOKE S4 753","753","40","T 2 3/10","4.16","3.1","0.1","ARRI ALEXA 35"
"15:29:41:23","A_0019C004_250528_152715_h1EI5","COOKE S4 753","753","40","T 2 3/10","4.16","3.1","0.1","ARRI ALEXA 35"
"15:29:42:00","A_0019C004_250528_152715_h1EI5","COOKE S4 753","753","40","T 2 3/10","4.16","3.1","0.1","ARRI ALEXA 35"
"15:29:42:01","A_0019C004_250528_152715_h1EI5","COOKE S4 753","753","40","T 2 3/10","4.16","3.1","0.1","ARRI ALEXA 35"
"15:29:42:02","A_0019C004_250528_152715_h1EI5","COOKE S4 753","753","40","T 2 3/10","4.16","3.1","0.1","ARRI ALEXA 35"
"15:29:42:03","A_0019C004_250528_152715_h1EI5","COOKE S4 753","753","40","T 2 3/10","4.16","3.1","0.1","ARRI ALEXA 35"
"15:29:42:04","A_0019C004_250528_152715_h1EI5","COOKE S4 753","753","40","T 2 3/10","4.16","3.1","0.1","ARRI ALEXA 35"
"15:29:42:05","A_0019C004_250528_152715_h1EI5","COOKE S4 753","753","40","T 2 3/10","4.16","3.1","0.1","ARRI ALEXA 35"
"15:29:42:06","A_0019C004_250528_152715_h1EI5","COOKE S4 753","753","40","T 2 3/10","4.16","3.1","0.1","ARRI ALEXA 35"
"15:29:42:07","A_0019C004_250528_152715_h1EI5","COOKE S4 753","753","40","T 2 3/10","4.16","3.1","0.1","ARRI ALEXA 35"
"15:29:42:08","A_0019C004_250528_152715_h1EI5","COOKE S4 753","753","40","T 2 3/10","4.16","3.1","0.1","ARRI ALEXA 35"
"15:29:42:09","A_0019C004_250528_152715_h1EI5","COOKE S4 753","753","40","T 2 3/10","4.16","3.1","0.1","ARRI ALEXA 35"
"15:29:42:10","A_0019C004_250528_152715_h1EI5","COOKE S4 753","753","40","T 2 3/10","4.16","3.1","0.1","ARRI ALEXA 35"
"15:29:42:11","A_0019C004_250528_152715_h1EI5","COOKE S4 753","753","40","T 2 3/10","4.157","3.1","0.1","ARRI ALEXA 35"
"15:29:42:12","A_0019C004_250528_152715_h1EI5","COOKE S4 753","753","40","T 2 3/10","4.157","3.1","0.1","ARRI ALEXA 35"
"15:29:42:13","A_0019C004_250528_152715_h1EI5","COOKE S4 753","753","40","T 2 3/10","4.157","3.1","0.1","ARRI ALEXA 35"
"15:29:42:14","A_0019C004_250528_152715_h1EI5","COOKE S4 753","753","40","T 2 3/10","4.157","3.1","0.1","ARRI ALEXA 35"
"15:29:42:15","A_0019C004_250528_152715_h1EI5","COOKE S4 753","753","40","T 2 3/10","4.157","3.1","0.1","ARRI ALEXA 35"
"15:29:42:16","A_0019C004_250528_152715_h1EI5","COOKE S4 753","753","40","T 2 3/10","4.157","3.1","0.1","ARRI ALEXA 35"
"15:29:42:17","A_0019C004_250528_152715_h1EI5","COOKE S4 753","753","40","T 2 3/10","4.157","3.1","0.1","ARRI ALEXA 35"
"15:29:42:18","A_0019C004_250528_152715_h1EI5","COOKE S4 753","753","40","T 2 3/10","4.157","3.1","0.1","ARRI ALEXA 35"
"15:29:42:19","A_0019C004_250528_152715_h1EI5","COOKE S4 753","753","40","T 2 3/10","4.157","3.1","0.1","ARRI ALEXA 35"
"15:29:42:20","A_0019C004_250528_152715_h1EI5","COOKE S4 753","753","40","T 2 3/10","4.157","3.1","0.1","ARRI ALEXA 35"
"15:29:42:21","A_0019C004_250528_152715_h1EI5","COOKE S4 753","753","40","T 2 3/10","4.157","3.1","0.1","ARRI ALEXA 35"
"15:29:42:22","A_0019C004_250528_152715_h1EI5","COOKE S4 753","753","40","T 2 3/10","4.157","3.1","0.1","ARRI ALEXA 35"
"15:29:42:23","A_0019C004_250528_152715_h1EI5","COOKE S4 753","753","40","T 2 3/10","4.157","3.1","0.1","ARRI ALEXA 35"
"15:29:43:00","A_0019C004_250528_152715_h1EI5","COOKE S4 753","753","40","T 2 3/10","4.157","3.1","0.1","ARRI ALEXA 35"
"15:29:43:01","A_0019C004_250528_152715_h1EI5","COOKE S4 753","753","40","T 2 3/10","4.157","3.1","0.1","ARRI ALEXA 35"
"15:29:43:02","A_0019C004_250528_152715_h1EI5","COOKE S4 753","753","40","T 2 3/10","4.157","3.1","0.1","ARRI ALEXA 35"
"15:29:43:03","A_0019C004_250528_152715_h1EI5","COOKE S4 753","753","40","T 2 3/10","4.157","3.1","0.1","ARRI ALEXA 35"
"15:29:43:04","A_0019C004_250528_152715_h1EI5","COOKE S4 753","753","40","T 2 3/10","4.157","3.1","0.1","ARRI ALEXA 35"
"15:29:43:05","A_0019C004_250528_152715_h1EI5","COOKE S4 753","753","40","T 2 3/10","4.157","3.1","0.1","ARRI ALEXA 35"
"15:29:43:06","A_0019C004_250528_152715_h1EI5","COOKE S4 753","753","40","T 2 3/10","4.157","3.1","0.1","ARRI ALEXA 35"
"15:29:43:07","A_0019C004_250528_152715_h1EI5","COOKE S4 753","753","40","T 2 3/10","4.157","3.1","0.1","ARRI ALEXA 35"
"15:29:43:08","A_0019C004_250528_152715_h1EI5","COOKE S4 753","753","40","T 2 3/10","4.157","3.1","0.1","ARRI ALEXA 35"
"15:29:43:09","A_0019C004_250528_152715_h1EI5","COOKE S4 753","753","40","T 2 3/10","4.157","3.1","0.1","ARRI ALEXA 35"
"15:29:43:10","A_0019C004_250528_152715_h1EI5","COOKE S4 753","753","40","T 2 3/10","4.157","3.1","0.1","ARRI ALEXA 35"
"15:29:43:11","A_0019C004_250528_152715_h1EI5","COOKE S4 753","753","40","T 2 3/10","4.157","3.1","0.1","ARRI ALEXA 35"
"15:29:43:12","A_0019C004_250528_152715_h1EI5","COOKE S4 753","753","40","T 2 3/10","4.157","3.1","0.1","ARRI ALEXA 35"
"15:29:43:13","A_0019C004_250528_152715_h1EI5","COOKE S4 753","753","40","T 2 3/10","4.157","3.1","0.1","ARRI ALEXA 35"
"15:29:43:14","A_0019C004_250528_152715_h1EI5","COOKE S4 753","753","40","T 2 3/10","4.157","3.1","0.1","ARRI ALEXA 35"
"15:29:43:15","A_0019C004_250528_152715_h1EI5","COOKE S4 753","753","40","T 2 3/10","4.157","3.1","0.1","ARRI ALEXA 35"
"15:29:43:16","A_0019C004_250528_152715_h1EI5","COOKE S4 753","753","40","T 2 3/10","4.157","3.1","0.1","ARRI ALEXA 35"
"15:29:43:17","A_0019C004_250528_152715_h1EI5","COOKE S4 753","753","40","T 2 3/10","4.157","3.1","0.1","ARRI ALEXA 35"
"15:29:43:18","A_0019C004_250528_152715_h1EI5","COOKE S4 753","753","40","T 2 3/10","4.157","3.1","0.1","ARRI ALEXA 35"
"15:29:43:19","A_0019C004_250528_152715_h1EI5","COOKE S4 753","753","40","T 2 3/10","4.157","3.1","0.1","ARRI ALEXA 35"
"15:29:43:20","A_0019C004_250528_152715_h1EI5","COOKE S4 753","753","40","T 2 3/10","4.157","3.1","0.1","ARRI ALEXA 35"
"15:29:43:21","A_0019C004_250528_152715_h1EI5","COOKE S4 753","753","40","T 2 3/10","4.157","3.1","0.1","ARRI ALEXA 35"
"15:29:43:22","A_0019C004_250528_152715_h1EI5","COOKE S4 753","753","40","T 2 3/10","4.157","3.1","0.1","ARRI ALEXA 35"
"15:29:43:23","A_0019C004_250528_152715_h1EI5","COOKE S4 753","753","40","T 2 3/10","4.16","3.1","0.1","ARRI ALEXA 35"
"15:29:44:00","A_0019C004_250528_152715_h1EI5","COOKE S4 753","753","40","T 2 3/10","4.16","3.1","0.1","ARRI ALEXA 35"
"15:29:44:01","A_0019C004_250528_152715_h1EI5","COOKE S4 753","753","40","T 2 3/10","4.16","3.1","0.1","ARRI ALEXA 35"
"15:29:44:02","A_0019C004_250528_152715_h1EI5","COOKE S4 753","753","40","T 2 3/10","4.16","3.1","0.1","ARRI ALEXA 35"
"15:29:44:03","A_0019C004_250528_152715_h1EI5","COOKE S4 753","753","40","T 2 3/10","4.163","3.1","0.1","ARRI ALEXA 35"
"15:29:44:04","A_0019C004_250528_152715_h1EI5","COOKE S4 753","753","40","T 2 3/10","4.167","3.1","0.1","ARRI ALEXA 35"
"15:29:44:05","A_0019C004_250528_152715_h1EI5","COOKE S4 753","753","40","T 2 3/10","4.167","3.1","0.1","ARRI ALEXA 35"
"15:29:44:06","A_0019C004_250528_152715_h1EI5","COOKE S4 753","753","40","T 2 3/10","4.167","3.1","0.1","ARRI ALEXA 35"
"15:29:44:07","A_0019C004_250528_152715_h1EI5","COOKE S4 753","753","40","T 2 3/10","4.17","3.1","0.1","ARRI ALEXA 35"
"15:29:44:08","A_0019C004_250528_152715_h1EI5","COOKE S4 753","753","40","T 2 3/10","4.18","3.1","0.1","ARRI ALEXA 35"
"15:29:44:09","A_0019C004_250528_152715_h1EI5","COOKE S4 753","753","40","T 2 3/10","4.186","3.1","0.1","ARRI ALEXA 35"
"15:29:44:10","A_0019C004_250528_152715_h1EI5","COOKE S4 753","753","40","T 2 3/10","4.199","3.1","0.1","ARRI ALEXA 35"
"15:29:44:11","A_0019C004_250528_152715_h1EI5","COOKE S4 753","753","40","T 2 3/10","4.209","3.1","0.1","ARRI ALEXA 35"
"15:29:44:12","A_0019C004_250528_152715_h1EI5","COOKE S4 753","753","40","T 2 3/10","4.209","3.1","0.1","ARRI ALEXA 35"
"15:29:44:13","A_0019C004_250528_152715_h1EI5","COOKE S4 753","753","40","T 2 3/10","4.216","3.1","0.1","ARRI ALEXA 35"
"15:29:44:14","A_0019C004_250528_152715_h1EI5","COOKE S4 753","753","40","T 2 3/10","4.216","3.1","0.1","ARRI ALEXA 35"
"15:29:44:15","A_0019C004_250528_152715_h1EI5","COOKE S4 753","753","40","T 2 3/10","4.216","3.1","0.1","ARRI ALEXA 35"
"15:29:44:16","A_0019C004_250528_152715_h1EI5","COOKE S4 753","753","40","T 2 3/10","4.216","3.1","0.1","ARRI ALEXA 35"
"15:29:44:17","A_0019C004_250528_152715_h1EI5","COOKE S4 753","753","40","T 2 3/10","4.216","3.1","0.1","ARRI ALEXA 35"
"15:29:44:18","A_0019C004_250528_152715_h1EI5","COOKE S4 753","753","40","T 2 3/10","4.216","3.1","0.1","ARRI ALEXA 35"
"15:29:44:19","A_0019C004_250528_152715_h1EI5","COOKE S4 753","753","40","T 2 3/10","4.216","3.1","0.1","ARRI ALEXA 35"
"15:29:44:20","A_0019C004_250528_152715_h1EI5","COOKE S4 753","753","40","T 2 3/10","4.216","3.1","0.1","ARRI ALEXA 35"
"15:29:44:21","A_0019C004_250528_152715_h1EI5","COOKE S4 753","753","40","T 2 3/10","4.216","3.1","0.1","ARRI ALEXA 35"
"15:29:44:22","A_0019C004_250528_152715_h1EI5","COOKE S4 753","753","40","T 2 3/10","4.216","3.1","0.1","ARRI ALEXA 35"
"15:29:44:23","A_0019C004_250528_152715_h1EI5","COOKE S4 753","753","40","T 2 3/10","4.216","3.1","0.1","ARRI ALEXA 35"
"15:29:45:00","A_0019C004_250528_152715_h1EI5","COOKE S4 753","753","40","T 2 3/10","4.206","3.1","0.1","ARRI ALEXA 35"
"15:29:45:01","A_0019C004_250528_152715_h1EI5","COOKE S4 753","753","40","T 2 3/10","4.206","3.1","0.1","ARRI ALEXA 35"
"15:29:45:02","A_0019C004_250528_152715_h1EI5","COOKE S4 753","753","40","T 2 3/10","4.206","3.1","0.1","ARRI ALEXA 35"
"15:29:45:03","A_0019C004_250528_152715_h1EI5","COOKE S4 753","753","40","T 2 3/10","4.206","3.1","0.1","ARRI ALEXA 35"
"15:29:45:04","A_0019C004_250528_152715_h1EI5","COOKE S4 753","753","40","T 2 3/10","4.206","3.1","0.1","ARRI ALEXA 35"
"15:29:45:05","A_0019C004_250528_152715_h1EI5","COOKE S4 753","753","40","T 2 3/10","4.206","3.1","0.1","ARRI ALEXA 35"
"15:29:45:06","A_0019C004_250528_152715_h1EI5","COOKE S4 753","753","40","T 2 3/10","4.206","3.1","0.1","ARRI ALEXA 35"
"15:29:45:07","A_0019C004_250528_152715_h1EI5","COOKE S4 753","753","40","T 2 3/10","4.206","3.1","0.1","ARRI ALEXA 35"
"15:29:45:08","A_0019C004_250528_152715_h1EI5","COOKE S4 753","753","40","T 2 3/10","4.206","3.1","0.1","ARRI ALEXA 35"
"15:29:45:09","A_0019C004_250528_152715_h1EI5","COOKE S4 753","753","40","T 2 3/10","4.206","3.1","0.1","ARRI ALEXA 35"
"15:29:45:10","A_0019C004_250528_152715_h1EI5","COOKE S4 753","753","40","T 2 3/10","4.206","3.1","0.1","ARRI ALEXA 35"
"15:29:45:11","A_0019C004_250528_152715_h1EI5","COOKE S4 753","753","40","T 2 3/10","4.206","3.1","0.1","ARRI ALEXA 35"
"15:29:45:12","A_0019C004_250528_152715_h1EI5","COOKE S4 753","753","40","T 2 3/10","4.206","3.1","0.1","ARRI ALEXA 35"
"15:29:45:13","A_0019C004_250528_152715_h1EI5","COOKE S4 753","753","40","T 2 3/10","4.206","3.1","0.1","ARRI ALEXA 35"
"15:29:45:14","A_0019C004_250528_152715_h1EI5","COOKE S4 753","753","40","T 2 3/10","4.206","3.1","0.1","ARRI ALEXA 35"
"15:29:45:15","A_0019C004_250528_152715_h1EI5","COOKE S4 753","753","40","T 2 3/10","4.206","3.1","0.1","ARRI ALEXA 35"
"15:29:45:16","A_0019C004_250528_152715_h1EI5","COOKE S4 753","753","40","T 2 3/10","4.199","3.1","0.1","ARRI ALEXA 35"
"15:29:45:17","A_0019C004_250528_152715_h1EI5","COOKE S4 753","753","40","T 2 3/10","4.196","3.1","0.1","ARRI ALEXA 35"
"15:29:45:18","A_0019C004_250528_152715_h1EI5","COOKE S4 753","753","40","T 2 3/10","4.193","3.1","0.1","ARRI ALEXA 35"
"15:29:45:19","A_0019C004_250528_152715_h1EI5","COOKE S4 753","753","40","T 2 3/10","4.19","3.1","0.1","ARRI ALEXA 35"
"15:29:45:20","A_0019C004_250528_152715_h1EI5","COOKE S4 753","753","40","T 2 3/10","4.19","3.1","0.1","ARRI ALEXA 35"
"15:29:45:21","A_0019C004_250528_152715_h1EI5","COOKE S4 753","753","40","T 2 3/10","4.19","3.1","0.1","ARRI ALEXA 35"
"15:29:45:22","A_0019C004_250528_152715_h1EI5","COOKE S4 753","753","40","T 2 3/10","4.19","3.1","0.1","ARRI ALEXA 35"
"15:29:45:23","A_0019C004_250528_152715_h1EI5","COOKE S4 753","753","40","T 2 3/10","4.19","3.1","0.1","ARRI ALEXA 35"
"15:29:46:00","A_0019C004_250528_152715_h1EI5","COOKE S4 753","753","40","T 2 3/10","4.19","3.1","0.1","ARRI ALEXA 35"
"15:29:46:01","A_0019C004_250528_152715_h1EI5","COOKE S4 753","753","40","T 2 3/10","4.19","3.1","0.1","ARRI ALEXA 35"
"15:29:46:02","A_0019C004_250528_152715_h1EI5","COOKE S4 753","753","40","T 2 3/10","4.19","3.1","0.1","ARRI ALEXA 35"
"15:29:46:03","A_0019C004_250528_152715_h1EI5","COOKE S4 753","753","40","T 2 3/10","4.19","3.1","0.1","ARRI ALEXA 35"
"15:29:46:04","A_0019C004_250528_152715_h1EI5","COOKE S4 753","753","40","T 2 3/10","4.19","3.1","0.1","ARRI ALEXA 35"
"15:29:46:05","A_0019C004_250528_152715_h1EI5","COOKE S4 753","753","40","T 2 3/10","4.19","3.1","0.1","ARRI ALEXA 35"
"15:29:46:06","A_0019C004_250528_152715_h1EI5","COOKE S4 753","753","40","T 2 3/10","4.19","3.1","0.1","ARRI ALEXA 35"
"15:29:46:07","A_0019C004_250528_152715_h1EI5","COOKE S4 753","753","40","T 2 3/10","4.19","3.1","0.1","ARRI ALEXA 35"
"15:29:46:08","A_0019C004_250528_152715_h1EI5","COOKE S4 753","753","40","T 2 3/10","4.19","3.1","0.1","ARRI ALEXA 35"
"15:29:46:09","A_0019C004_250528_152715_h1EI5","COOKE S4 753","753","40","T 2 3/10","4.19","3.1","0.1","ARRI ALEXA 35"
"15:29:46:10","A_0019C004_250528_152715_h1EI5","COOKE S4 753","753","40","T 2 3/10","4.19","3.1","0.1","ARRI ALEXA 35"
"15:29:46:11","A_0019C004_250528_152715_h1EI5","COOKE S4 753","753","40","T 2 3/10","4.19","3.1","0.1","ARRI ALEXA 35"
"15:29:46:12","A_0019C004_250528_152715_h1EI5","COOKE S4 753","753","40","T 2 3/10","4.19","3.1","0.1","ARRI ALEXA 35"
"15:29:46:13","A_0019C004_250528_152715_h1EI5","COOKE S4 753","753","40","T 2 3/10","4.186","3.1","0.1","ARRI ALEXA 35"
"15:29:46:14","A_0019C004_250528_152715_h1EI5","COOKE S4 753","753","40","T 2 3/10","4.186","3.1","0.1","ARRI ALEXA 35"
"15:29:46:15","A_0019C004_250528_152715_h1EI5","COOKE S4 753","753","40","T 2 3/10","4.186","3.1","0.1","ARRI ALEXA 35"
"15:29:46:16","A_0019C004_250528_152715_h1EI5","COOKE S4 753","753","40","T 2 3/10","4.186","3.1","0.1","ARRI ALEXA 35"
"15:29:46:17","A_0019C004_250528_152715_h1EI5","COOKE S4 753","753","40","T 2 3/10","4.186","3.1","0.1","ARRI ALEXA 35"
"15:29:46:18","A_0019C004_250528_152715_h1EI5","COOKE S4 753","753","40","T 2 3/10","4.186","3.1","0.1","ARRI ALEXA 35"
"15:29:46:19","A_0019C004_250528_152715_h1EI5","COOKE S4 753","753","40","T 2 3/10","4.186","3.1","0.1","ARRI ALEXA 35"
"15:29:46:20","A_0019C004_250528_152715_h1EI5","COOKE S4 753","753","40","T 2 3/10","4.186","3.1","0.1","ARRI ALEXA 35"
"15:29:46:21","A_0019C004_250528_152715_h1EI5","COOKE S4 753","753","40","T 2 3/10","4.186","3.1","0.1","ARRI ALEXA 35"
"15:29:46:22","A_0019C004_250528_152715_h1EI5","COOKE S4 753","753","40","T 2 3/10","4.186","3.1","0.1","ARRI ALEXA 35"
"15:29:46:23","A_0019C004_250528_152715_h1EI5","COOKE S4 753","753","40","T 2 3/10","4.186","3.1","0.1","ARRI ALEXA 35"
"15:29:47:00","A_0019C004_250528_152715_h1EI5","COOKE S4 753","753","40","T 2 3/10","4.186","3.1","0.1","ARRI ALEXA 35"
"15:29:47:01","A_0019C004_250528_152715_h1EI5","COOKE S4 753","753","40","T 2 3/10","4.186","3.1","0.1","ARRI ALEXA 35"
"15:29:47:02","A_0019C004_250528_152715_h1EI5","COOKE S4 753","753","40","T 2 3/10","4.186","3.1","0.1","ARRI ALEXA 35"
"15:29:47:03","A_0019C004_250528_152715_h1EI5","COOKE S4 753","753","40","T 2 3/10","4.186","3.1","0.1","ARRI ALEXA 35"
"15:29:47:04","A_0019C004_250528_152715_h1EI5","COOKE S4 753","753","40","T 2 3/10","4.186","3.1","0.1","ARRI ALEXA 35"
"15:29:47:05","A_0019C004_250528_152715_h1EI5","COOKE S4 753","753","40","T 2 3/10","4.186","3.1","0.1","ARRI ALEXA 35"
"15:29:47:06","A_0019C004_250528_152715_h1EI5","COOKE S4 753","753","40","T 2 3/10","4.186","3.1","0.1","ARRI ALEXA 35"
"15:29:47:07","A_0019C004_250528_152715_h1EI5","COOKE S4 753","753","40","T 2 3/10","4.186","3.1","0.1","ARRI ALEXA 35"
"15:29:47:08","A_0019C004_250528_152715_h1EI5","COOKE S4 753","753","40","T 2 3/10","4.186","3.1","0.1","ARRI ALEXA 35"
"15:29:47:09","A_0019C004_250528_152715_h1EI5","COOKE S4 753","753","40","T 2 3/10","4.186","3.1","0.1","ARRI ALEXA 35"
"15:29:47:10","A_0019C004_250528_152715_h1EI5","COOKE S4 753","753","40","T 2 3/10","4.186","3.1","0.1","ARRI ALEXA 35"
"15:29:47:11","A_0019C004_250528_152715_h1EI5","COOKE S4 753","753","40","T 2 3/10","4.186","3.1","0.1","ARRI ALEXA 35"
"15:29:47:12","A_0019C004_250528_152715_h1EI5","COOKE S4 753","753","40","T 2 3/10","4.186","3.1","0.1","ARRI ALEXA 35"
"15:29:47:13","A_0019C004_250528_152715_h1EI5","COOKE S4 753","753","40","T 2 3/10","4.186","3.1","0.1","ARRI ALEXA 35"
"15:29:47:14","A_0019C004_250528_152715_h1EI5","COOKE S4 753","753","40","T 2 3/10","4.186","3.1","0.1","ARRI ALEXA 35"
"15:29:47:15","A_0019C004_250528_152715_h1EI5","COOKE S4 753","753","40","T 2 3/10","4.186","3.1","0.1","ARRI ALEXA 35"
"15:29:47:16","A_0019C004_250528_152715_h1EI5","COOKE S4 753","753","40","T 2 3/10","4.186","3.1","0.1","ARRI ALEXA 35"
"15:29:47:17","A_0019C004_250528_152715_h1EI5","COOKE S4 753","753","40","T 2 3/10","4.186","3.1","0.1","ARRI ALEXA 35"
"15:29:47:18","A_0019C004_250528_152715_h1EI5","COOKE S4 753","753","40","T 2 3/10","4.186","3.1","0.1","ARRI ALEXA 35"
"15:29:47:19","A_0019C004_250528_152715_h1EI5","COOKE S4 753","753","40","T 2 3/10","4.186","3.1","0.1","ARRI ALEXA 35"
"15:29:47:20","A_0019C004_250528_152715_h1EI5","COOKE S4 753","753","40","T 2 3/10","4.186","3.1","0.1","ARRI ALEXA 35"
"15:29:47:21","A_0019C004_250528_152715_h1EI5","COOKE S4 753","753","40","T 2 3/10","4.186","3.1","0.1","ARRI ALEXA 35"
"15:29:47:22","A_0019C004_250528_152715_h1EI5","COOKE S4 753","753","40","T 2 3/10","4.186","3.1","0.1","ARRI ALEXA 35"
"15:29:47:23","A_0019C004_250528_152715_h1EI5","COOKE S4 753","753","40","T 2 3/10","4.186","3.1","0.1","ARRI ALEXA 35"
"15:29:48:00","A_0019C004_250528_152715_h1EI5","COOKE S4 753","753","40","T 2 3/10","4.186","3.1","0.1","ARRI ALEXA 35"
"15:29:48:01","A_0019C004_250528_152715_h1EI5","COOKE S4 753","753","40","T 2 3/10","4.186","3.1","0.1","ARRI ALEXA 35"
"15:29:48:02","A_0019C004_250528_152715_h1EI5","COOKE S4 753","753","40","T 2 3/10","4.186","3.1","0.1","ARRI ALEXA 35"
"15:29:48:03","A_0019C004_250528_152715_h1EI5","COOKE S4 753","753","40","T 2 3/10","4.186","3.1","0.1","ARRI ALEXA 35"
"15:29:48:04","A_0019C004_250528_152715_h1EI5","COOKE S4 753","753","40","T 2 3/10","4.186","3.1","0.1","ARRI ALEXA 35"
"15:29:48:05","A_0019C004_250528_152715_h1EI5","COOKE S4 753","753","40","T 2 3/10","4.186","3.1","0.1","ARRI ALEXA 35"
"15:29:48:06","A_0019C004_250528_152715_h1EI5","COOKE S4 753","753","40","T 2 3/10","4.186","3.1","0.1","ARRI ALEXA 35"
"15:29:48:07","A_0019C004_250528_152715_h1EI5","COOKE S4 753","753","40","T 2 3/10","4.186","3.1","0.1","ARRI ALEXA 35"
"15:29:48:08","A_0019C004_250528_152715_h1EI5","COOKE S4 753","753","40","T 2 3/10","4.186","3.1","0.1","ARRI ALEXA 35"
"15:29:48:09","A_0019C004_250528_152715_h1EI5","COOKE S4 753","753","40","T 2 3/10","4.186","3.1","0.1","ARRI ALEXA 35"
"15:29:48:10","A_0019C004_250528_152715_h1EI5","COOKE S4 753","753","40","T 2 3/10","4.186","3.1","0.1","ARRI ALEXA 35"
"15:29:48:11","A_0019C004_250528_152715_h1EI5","COOKE S4 753","753","40","T 2 3/10","4.186","3.1","0.1","ARRI ALEXA 35"
"15:29:48:12","A_0019C004_250528_152715_h1EI5","COOKE S4 753","753","40","T 2 3/10","4.186","3.1","0.1","ARRI ALEXA 35"
"15:29:48:13","A_0019C004_250528_152715_h1EI5","COOKE S4 753","753","40","T 2 3/10","4.186","3.1","0.1","ARRI ALEXA 35"
"15:29:48:14","A_0019C004_250528_152715_h1EI5","COOKE S4 753","753","40","T 2 3/10","4.186","3.1","0.1","ARRI ALEXA 35"
"15:29:48:15","A_0019C004_250528_152715_h1EI5","COOKE S4 753","753","40","T 2 3/10","4.186","3.1","0.1","ARRI ALEXA 35"
"15:29:48:16","A_0019C004_250528_152715_h1EI5","COOKE S4 753","753","40","T 2 3/10","4.186","3.1","0.1","ARRI ALEXA 35"
"15:29:48:17","A_0019C004_250528_152715_h1EI5","COOKE S4 753","753","40","T 2 3/10","4.186","3.1","0.1","ARRI ALEXA 35"
"15:29:48:18","A_0019C004_250528_152715_h1EI5","COOKE S4 753","753","40","T 2 3/10","4.186","3.1","0.1","ARRI ALEXA 35"
"15:29:48:19","A_0019C004_250528_152715_h1EI5","COOKE S4 753","753","40","T 2 3/10","4.186","3.1","0.1","ARRI ALEXA 35"
"15:29:48:20","A_0019C004_250528_152715_h1EI5","COOKE S4 753","753","40","T 2 3/10","4.186","3.1","0.1","ARRI ALEXA 35"
"15:29:48:21","A_0019C004_250528_152715_h1EI5","COOKE S4 753","753","40","T 2 3/10","4.186","3.1","0.1","ARRI ALEXA 35"
"15:29:48:22","A_0019C004_250528_152715_h1EI5","COOKE S4 753","753","40","T 2 3/10","4.186","3.1","0.1","ARRI ALEXA 35"
"15:29:48:23","A_0019C004_250528_152715_h1EI5","COOKE S4 753","753","40","T 2 3/10","4.186","3.1","0.1","ARRI ALEXA 35"
"15:29:49:00","A_0019C004_250528_152715_h1EI5","COOKE S4 753","753","40","T 2 3/10","4.186","3.1","0.1","ARRI ALEXA 35"
"15:29:49:01","A_0019C004_250528_152715_h1EI5","COOKE S4 753","753","40","T 2 3/10","4.186","3.1","0.1","ARRI ALEXA 35"
"15:29:49:02","A_0019C004_250528_152715_h1EI5","COOKE S4 753","753","40","T 2 3/10","4.186","3.1","0.1","ARRI ALEXA 35"
"15:29:49:03","A_0019C004_250528_152715_h1EI5","COOKE S4 753","753","40","T 2 3/10","4.186","3.1","0.1","ARRI ALEXA 35"
"15:29:49:04","A_0019C004_250528_152715_h1EI5","COOKE S4 753","753","40","T 2 3/10","4.186","3.1","0.1","ARRI ALEXA 35"
"15:29:49:05","A_0019C004_250528_152715_h1EI5","COOKE S4 753","753","40","T 2 3/10","4.186","3.1","0.1","ARRI ALEXA 35"
"15:29:49:06","A_0019C004_250528_152715_h1EI5","COOKE S4 753","753","40","T 2 3/10","4.186","3.1","0.1","ARRI ALEXA 35"
"15:29:49:07","A_0019C004_250528_152715_h1EI5","COOKE S4 753","753","40","T 2 3/10","4.186","3.1","0.1","ARRI ALEXA 35"
"15:29:49:08","A_0019C004_250528_152715_h1EI5","COOKE S4 753","753","40","T 2 3/10","4.186","3.1","0.1","ARRI ALEXA 35"
"15:29:49:09","A_0019C004_250528_152715_h1EI5","COOKE S4 753","753","40","T 2 3/10","4.186","3.1","0.1","ARRI ALEXA 35"
"15:29:49:10","A_0019C004_250528_152715_h1EI5","COOKE S4 753","753","40","T 2 3/10","4.186","3.1","0.1","ARRI ALEXA 35"
"15:29:49:11","A_0019C004_250528_152715_h1EI5","COOKE S4 753","753","40","T 2 3/10","4.186","3.1","0.1","ARRI ALEXA 35"
"15:29:49:12","A_0019C004_250528_152715_h1EI5","COOKE S4 753","753","40","T 2 3/10","4.186","3.1","0.1","ARRI ALEXA 35"
"15:29:49:13","A_0019C004_250528_152715_h1EI5","COOKE S4 753","753","40","T 2 3/10","4.186","3.1","0.1","ARRI ALEXA 35"
"15:29:49:14","A_0019C004_250528_152715_h1EI5","COOKE S4 753","753","40","T 2 3/10","4.186","3.1","0.1","ARRI ALEXA 35"
"15:29:49:15","A_0019C004_250528_152715_h1EI5","COOKE S4 753","753","40","T 2 3/10","4.186","3.1","0.1","ARRI ALEXA 35"
"15:29:49:16","A_0019C004_250528_152715_h1EI5","COOKE S4 753","753","40","T 2 3/10","4.186","3.1","0.1","ARRI ALEXA 35"
"15:29:49:17","A_0019C004_250528_152715_h1EI5","COOKE S4 753","753","40","T 2 3/10","4.186","3.1","0.1","ARRI ALEXA 35"
"15:29:49:18","A_0019C004_250528_152715_h1EI5","COOKE S4 753","753","40","T 2 3/10","4.186","3.1","0.1","ARRI ALEXA 35"
"15:29:49:19","A_0019C004_250528_152715_h1EI5","COOKE S4 753","753","40","T 2 3/10","4.186","3.1","0.1","ARRI ALEXA 35"
"15:29:49:20","A_0019C004_250528_152715_h1EI5","COOKE S4 753","753","40","T 2 3/10","4.186","3.1","0.1","ARRI ALEXA 35"
"15:29:49:21","A_0019C004_250528_152715_h1EI5","COOKE S4 753","753","40","T 2 3/10","4.186","3.1","0.1","ARRI ALEXA 35"
"15:29:49:22","A_0019C004_250528_152715_h1EI5","COOKE S4 753","753","40","T 2 3/10","4.186","3.1","0.1","ARRI ALEXA 35"
"15:29:49:23","A_0019C004_250528_152715_h1EI5","COOKE S4 753","753","40","T 2 3/10","4.186","3.1","0.1","ARRI ALEXA 35"
"15:29:50:00","A_0019C004_250528_152715_h1EI5","COOKE S4 753","753","40","T 2 3/10","4.186","3.1","0.1","ARRI ALEXA 35"
"15:29:50:01","A_0019C004_250528_152715_h1EI5","COOKE S4 753","753","40","T 2 3/10","4.186","3.1","0.1","ARRI ALEXA 35"
"15:29:50:02","A_0019C004_250528_152715_h1EI5","COOKE S4 753","753","40","T 2 3/10","4.186","3.1","0.1","ARRI ALEXA 35"
"15:29:50:03","A_0019C004_250528_152715_h1EI5","COOKE S4 753","753","40","T 2 3/10","4.186","3.1","0.1","ARRI ALEXA 35"
"15:29:50:04","A_0019C004_250528_152715_h1EI5","COOKE S4 753","753","40","T 2 3/10","4.186","3.1","0.1","ARRI ALEXA 35"
"15:29:50:05","A_0019C004_250528_152715_h1EI5","COOKE S4 753","753","40","T 2 3/10","4.186","3.1","0.1","ARRI ALEXA 35"
"15:29:50:06","A_0019C004_250528_152715_h1EI5","COOKE S4 753","753","40","T 2 3/10","4.186","3.1","0.1","ARRI ALEXA 35"
"15:29:50:07","A_0019C004_250528_152715_h1EI5","COOKE S4 753","753","40","T 2 3/10","4.186","3.1","0.1","ARRI ALEXA 35"
"15:29:50:08","A_0019C004_250528_152715_h1EI5","COOKE S4 753","753","40","T 2 3/10","4.186","3.1","0.1","ARRI ALEXA 35"
"15:29:50:09","A_0019C004_250528_152715_h1EI5","COOKE S4 753","753","40","T 2 3/10","4.186","3.1","0.1","ARRI ALEXA 35"
"15:29:50:10","A_0019C004_250528_152715_h1EI5","COOKE S4 753","753","40","T 2 3/10","4.186","3.1","0.1","ARRI ALEXA 35"
"15:29:50:11","A_0019C004_250528_152715_h1EI5","COOKE S4 753","753","40","T 2 3/10","4.186","3.1","0.1","ARRI ALEXA 35"
"15:29:50:12","A_0019C004_250528_152715_h1EI5","COOKE S4 753","753","40","T 2 3/10","4.186","3.1","0.1","ARRI ALEXA 35"
"15:29:50:13","A_0019C004_250528_152715_h1EI5","COOKE S4 753","753","40","T 2 3/10","4.186","3.1","0.1","ARRI ALEXA 35"
"15:29:50:14","A_0019C004_250528_152715_h1EI5","COOKE S4 753","753","40","T 2 3/10","4.186","3.1","0.1","ARRI ALEXA 35"
"15:29:50:15","A_0019C004_250528_152715_h1EI5","COOKE S4 753","753","40","T 2 3/10","4.186","3.1","0.1","ARRI ALEXA 35"
"15:29:50:16","A_0019C004_250528_152715_h1EI5","COOKE S4 753","753","40","T 2 3/10","4.186","3.1","0.1","ARRI ALEXA 35"
"15:29:50:17","A_0019C004_250528_152715_h1EI5","COOKE S4 753","753","40","T 2 3/10","4.186","3.1","0.1","ARRI ALEXA 35"
"15:29:50:18","A_0019C004_250528_152715_h1EI5","COOKE S4 753","753","40","T 2 3/10","4.186","3.1","0.1","ARRI ALEXA 35"
"15:29:50:19","A_0019C004_250528_152715_h1EI5","COOKE S4 753","753","40","T 2 3/10","4.186","3.1","0.1","ARRI ALEXA 35"
"15:29:50:20","A_0019C004_250528_152715_h1EI5","COOKE S4 753","753","40","T 2 3/10","4.186","3.1","0.1","ARRI ALEXA 35"
"15:29:50:21","A_0019C004_250528_152715_h1EI5","COOKE S4 753","753","40","T 2 3/10","4.186","3.1","0.1","ARRI ALEXA 35"
"15:29:50:22","A_0019C004_250528_152715_h1EI5","COOKE S4 753","753","40","T 2 3/10","4.186","3.1","0.1","ARRI ALEXA 35"
"15:29:50:23","A_0019C004_250528_152715_h1EI5","COOKE S4 753","753","40","T 2 3/10","4.186","3.1","0.1","ARRI ALEXA 35"
"15:29:51:00","A_0019C004_250528_152715_h1EI5","COOKE S4 753","753","40","T 2 3/10","4.186","3.1","0.1","ARRI ALEXA 35"
"15:29:51:01","A_0019C004_250528_152715_h1EI5","COOKE S4 753","753","40","T 2 3/10","4.186","3.1","0.1","ARRI ALEXA 35"
"15:29:51:02","A_0019C004_250528_152715_h1EI5","COOKE S4 753","753","40","T 2 3/10","4.186","3.1","0.1","ARRI ALEXA 35"
"15:29:51:03","A_0019C004_250528_152715_h1EI5","COOKE S4 753","753","40","T 2 3/10","4.186","3.1","0.1","ARRI ALEXA 35"
"15:29:51:04","A_0019C004_250528_152715_h1EI5","COOKE S4 753","753","40","T 2 3/10","4.186","3.2","0.1","ARRI ALEXA 35"
"15:29:51:05","A_0019C004_250528_152715_h1EI5","COOKE S4 753","753","40","T 2 3/10","4.186","3.2","0.1","ARRI ALEXA 35"
"15:29:51:06","A_0019C004_250528_152715_h1EI5","COOKE S4 753","753","40","T 2 3/10","4.186","3.2","0.1","ARRI ALEXA 35"
"15:29:51:07","A_0019C004_250528_152715_h1EI5","COOKE S4 753","753","40","T 2 3/10","4.186","3.2","0.1","ARRI ALEXA 35"
"15:29:51:08","A_0019C004_250528_152715_h1EI5","COOKE S4 753","753","40","T 2 3/10","4.186","3.2","0.1","ARRI ALEXA 35"
"15:29:51:09","A_0019C004_250528_152715_h1EI5","COOKE S4 753","753","40","T 2 3/10","4.186","3.2","0.1","ARRI ALEXA 35"
"15:29:51:10","A_0019C004_250528_152715_h1EI5","COOKE S4 753","753","40","T 2 3/10","4.186","3.2","0.1","ARRI ALEXA 35"
"15:29:51:11","A_0019C004_250528_152715_h1EI5","COOKE S4 753","753","40","T 2 3/10","4.186","3.2","0.1","ARRI ALEXA 35"
"15:29:51:12","A_0019C004_250528_152715_h1EI5","COOKE S4 753","753","40","T 2 3/10","4.186","3.2","0.1","ARRI ALEXA 35"
"15:29:51:13","A_0019C004_250528_152715_h1EI5","COOKE S4 753","753","40","T 2 3/10","4.186","3.2","0.1","ARRI ALEXA 35"
"15:29:51:14","A_0019C004_250528_152715_h1EI5","COOKE S4 753","753","40","T 2 3/10","4.186","3.2","0.1","ARRI ALEXA 35"
"15:29:51:15","A_0019C004_250528_152715_h1EI5","COOKE S4 753","753","40","T 2 3/10","4.186","3.2","0.1","ARRI ALEXA 35"
"15:29:51:16","A_0019C004_250528_152715_h1EI5","COOKE S4 753","753","40","T 2 3/10","4.186","3.2","0.1","ARRI ALEXA 35"
"15:29:51:17","A_0019C004_250528_152715_h1EI5","COOKE S4 753","753","40","T 2 3/10","4.18","3.2","0.1","ARRI ALEXA 35"
"15:29:51:18","A_0019C004_250528_152715_h1EI5","COOKE S4 753","753","40","T 2 3/10","4.18","3.2","0.1","ARRI ALEXA 35"
"15:29:51:19","A_0019C004_250528_152715_h1EI5","COOKE S4 753","753","40","T 2 3/10","4.177","3.2","0.1","ARRI ALEXA 35"
"15:29:51:20","A_0019C004_250528_152715_h1EI5","COOKE S4 753","753","40","T 2 3/10","4.173","3.2","0.1","ARRI ALEXA 35"
"15:29:51:21","A_0019C004_250528_152715_h1EI5","COOKE S4 753","753","40","T 2 3/10","4.17","3.2","0.1","ARRI ALEXA 35"
"15:29:51:22","A_0019C004_250528_152715_h1EI5","COOKE S4 753","753","40","T 2 3/10","4.16","3.2","0.1","ARRI ALEXA 35"
"15:29:51:23","A_0019C004_250528_152715_h1EI5","COOKE S4 753","753","40","T 2 3/10","4.154","3.2","0.1","ARRI ALEXA 35"
"15:29:52:00","A_0019C004_250528_152715_h1EI5","COOKE S4 753","753","40","T 2 3/10","4.147","3.2","0.3","ARRI ALEXA 35"
"15:29:52:01","A_0019C004_250528_152715_h1EI5","COOKE S4 753","753","40","T 2 3/10","4.144","3.2","0.3","ARRI ALEXA 35"
"15:29:52:02","A_0019C004_250528_152715_h1EI5","COOKE S4 753","753","40","T 2 3/10","4.131","3.2","0.4","ARRI ALEXA 35"
"15:29:52:03","A_0019C004_250528_152715_h1EI5","COOKE S4 753","753","40","T 2 3/10","4.121","3","0.4","ARRI ALEXA 35"
"15:29:52:04","A_0019C004_250528_152715_h1EI5","COOKE S4 753","753","40","T 2 3/10","4.114","3","0.4","ARRI ALEXA 35"
"15:29:52:05","A_0019C004_250528_152715_h1EI5","COOKE S4 753","753","40","T 2 3/10","4.104","3","0.4","ARRI ALEXA 35"
"15:29:52:06","A_0019C004_250528_152715_h1EI5","COOKE S4 753","753","40","T 2 3/10","4.098","3","0.2","ARRI ALEXA 35"
"15:29:52:07","A_0019C004_250528_152715_h1EI5","COOKE S4 753","753","40","T 2 3/10","4.094","3","0.2","ARRI ALEXA 35"
"15:29:52:08","A_0019C004_250528_152715_h1EI5","COOKE S4 753","753","40","T 2 3/10","4.091","3","0.2","ARRI ALEXA 35"
"15:29:52:09","A_0019C004_250528_152715_h1EI5","COOKE S4 753","753","40","T 2 3/10","4.081","3","0.2","ARRI ALEXA 35"
"15:29:52:10","A_0019C004_250528_152715_h1EI5","COOKE S4 753","753","40","T 2 3/10","4.081","3","0.4","ARRI ALEXA 35"
"15:29:52:11","A_0019C004_250528_152715_h1EI5","COOKE S4 753","753","40","T 2 3/10","4.078","3","0.4","ARRI ALEXA 35"
"15:29:52:12","A_0019C004_250528_152715_h1EI5","COOKE S4 753","753","40","T 2 3/10","4.065","2.8","0.6","ARRI ALEXA 35"
"15:29:52:13","A_0019C004_250528_152715_h1EI5","COOKE S4 753","753","40","T 2 3/10","4.062","2.8","0.6","ARRI ALEXA 35"
"15:29:52:14","A_0019C004_250528_152715_h1EI5","COOKE S4 753","753","40","T 2 3/10","4.055","2.8","0.6","ARRI ALEXA 35"
"15:29:52:15","A_0019C004_250528_152715_h1EI5","COOKE S4 753","753","40","T 2 3/10","4.049","2.8","0.6","ARRI ALEXA 35"
"15:29:52:16","A_0019C004_250528_152715_h1EI5","COOKE S4 753","753","40","T 2 3/10","4.029","2.8","0.8","ARRI ALEXA 35"
"15:29:52:17","A_0019C004_250528_152715_h1EI5","COOKE S4 753","753","40","T 2 3/10","4.003","2.8","0.8","ARRI ALEXA 35"
"15:29:52:18","A_0019C004_250528_152715_h1EI5","COOKE S4 753","753","40","T 2 3/10","3.963","2.8","0.8","ARRI ALEXA 35"
"15:29:52:19","A_0019C004_250528_152715_h1EI5","COOKE S4 753","753","40","T 2 3/10","3.904","2.8","0.8","ARRI ALEXA 35"
"15:29:52:20","A_0019C004_250528_152715_h1EI5","COOKE S4 753","753","40","T 2 3/10","3.868","2.8","0.8","ARRI ALEXA 35"
"15:29:52:21","A_0019C004_250528_152715_h1EI5","COOKE S4 753","753","40","T 2 3/10","3.799","2.8","0.6","ARRI ALEXA 35"
"15:29:52:22","A_0019C004_250528_152715_h1EI5","COOKE S4 753","753","40","T 2 3/10","3.75","2.9","0.6","ARRI ALEXA 35"
"15:29:52:23","A_0019C004_250528_152715_h1EI5","COOKE S4 753","753","40","T 2 3/10","3.72","3","0.6","ARRI ALEXA 35"
"15:29:53:00","A_0019C004_250528_152715_h1EI5","COOKE S4 753","753","40","T 2 3/10","3.678","3.2","0.6","ARRI ALEXA 35"
"15:29:53:01","A_0019C004_250528_152715_h1EI5","COOKE S4 753","753","40","T 2 3/10","3.622","3.2","0.4","ARRI ALEXA 35"
"15:29:53:02","A_0019C004_250528_152715_h1EI5","COOKE S4 753","753","40","T 2 3/10","3.547","3.2","0.2","ARRI ALEXA 35"
"15:29:53:03","A_0019C004_250528_152715_h1EI5","COOKE S4 753","753","40","T 2 3/10","3.533","3.2","0.2","ARRI ALEXA 35"
"15:29:53:04","A_0019C004_250528_152715_h1EI5","COOKE S4 753","753","40","T 2 3/10","3.504","3.2","-0.1","ARRI ALEXA 35"
"15:29:53:05","A_0019C004_250528_152715_h1EI5","COOKE S4 753","753","40","T 2 3/10","3.501","3.2","-0.1","ARRI ALEXA 35"
"15:29:53:06","A_0019C004_250528_152715_h1EI5","COOKE S4 753","753","40","T 2 3/10","3.481","3.2","-0.3","ARRI ALEXA 35"
"15:29:53:07","A_0019C004_250528_152715_h1EI5","COOKE S4 753","753","40","T 2 3/10","3.422","3.2","-0.3","ARRI ALEXA 35"
"15:29:53:08","A_0019C004_250528_152715_h1EI5","COOKE S4 753","753","40","T 2 3/10","3.406","3.4","-0.3","ARRI ALEXA 35"
"15:29:53:09","A_0019C004_250528_152715_h1EI5","COOKE S4 753","753","40","T 2 3/10","3.363","3.4","-0.3","ARRI ALEXA 35"
"15:29:53:10","A_0019C004_250528_152715_h1EI5","COOKE S4 753","753","40","T 2 3/10","3.346","3.4","-0.3","ARRI ALEXA 35"
"15:29:53:11","A_0019C004_250528_152715_h1EI5","COOKE S4 753","753","40","T 2 3/10","3.32","3.4","-0.5","ARRI ALEXA 35"
"15:29:53:12","A_0019C004_250528_152715_h1EI5","COOKE S4 753","753","40","T 2 3/10","3.287","3.6","-0.5","ARRI ALEXA 35"
"15:29:53:13","A_0019C004_250528_152715_h1EI5","COOKE S4 753","753","40","T 2 3/10","3.264","3.7","-0.5","ARRI ALEXA 35"
"15:29:53:14","A_0019C004_250528_152715_h1EI5","COOKE S4 753","753","40","T 2 3/10","3.258","3.7","-0.5","ARRI ALEXA 35"
"15:29:53:15","A_0019C004_250528_152715_h1EI5","COOKE S4 753","753","40","T 2 3/10","3.258","3.7","-0.5","ARRI ALEXA 35"
"15:29:53:16","A_0019C004_250528_152715_h1EI5","COOKE S4 753","753","40","T 2 3/10","3.248","3.7","-0.5","ARRI ALEXA 35"
"15:29:53:17","A_0019C004_250528_152715_h1EI5","COOKE S4 753","753","40","T 2 3/10","3.235","3.9","-0.5","ARRI ALEXA 35"
"15:29:53:18","A_0019C004_250528_152715_h1EI5","COOKE S4 753","753","40","T 2 3/10","3.209","3.9","-0.5","ARRI ALEXA 35"
"15:29:53:19","A_0019C004_250528_152715_h1EI5","COOKE S4 753","753","40","T 2 3/10","3.196","3.9","-0.5","ARRI ALEXA 35"
"15:29:53:20","A_0019C004_250528_152715_h1EI5","COOKE S4 753","753","40","T 2 3/10","3.196","3.9","-0.5","ARRI ALEXA 35"
"15:29:53:21","A_0019C004_250528_152715_h1EI5","COOKE S4 753","753","40","T 2 3/10","3.179","4","-0.5","ARRI ALEXA 35"
"15:29:53:22","A_0019C004_250528_152715_h1EI5","COOKE S4 753","753","40","T 2 3/10","3.143","4","-0.5","ARRI ALEXA 35"
"15:29:53:23","A_0019C004_250528_152715_h1EI5","COOKE S4 753","753","40","T 2 3/10","3.133","4","-0.5","ARRI ALEXA 35"
"15:29:54:00","A_0019C004_250528_152715_h1EI5","COOKE S4 753","753","40","T 2 3/10","3.11","4","-0.5","ARRI ALEXA 35"
"15:29:54:01","A_0019C004_250528_152715_h1EI5","COOKE S4 753","753","40","T 2 3/10","3.064","4","-0.5","ARRI ALEXA 35"
"15:29:54:02","A_0019C004_250528_152715_h1EI5","COOKE S4 753","753","40","T 2 3/10","3.051","4","-0.5","ARRI ALEXA 35"
"15:29:54:03","A_0019C004_250528_152715_h1EI5","COOKE S4 753","753","40","T 2 3/10","3.041","4","-0.5","ARRI ALEXA 35"
"15:29:54:04","A_0019C004_250528_152715_h1EI5","COOKE S4 753","753","40","T 2 3/10","3.035","4","-0.5","ARRI ALEXA 35"
"15:29:54:05","A_0019C004_250528_152715_h1EI5","COOKE S4 753","753","40","T 2 3/10","3.005","4","-0.5","ARRI ALEXA 35"
"15:29:54:06","A_0019C004_250528_152715_h1EI5","COOKE S4 753","753","40","T 2 3/10","2.992","4","-0.5","ARRI ALEXA 35"
"15:29:54:07","A_0019C004_250528_152715_h1EI5","COOKE S4 753","753","40","T 2 3/10","2.999","4","-0.6","ARRI ALEXA 35"
"15:29:54:08","A_0019C004_250528_152715_h1EI5","COOKE S4 753","753","40","T 2 3/10","2.999","4.1","-0.6","ARRI ALEXA 35"
"15:29:54:09","A_0019C004_250528_152715_h1EI5","COOKE S4 753","753","40","T 2 3/10","2.995","4.1","-0.6","ARRI ALEXA 35"
"15:29:54:10","A_0019C004_250528_152715_h1EI5","COOKE S4 753","753","40","T 2 3/10","2.992","4.1","-0.6","ARRI ALEXA 35"
"15:29:54:11","A_0019C004_250528_152715_h1EI5","COOKE S4 753","753","40","T 2 3/10","2.992","4.1","-0.4","ARRI ALEXA 35"
"15:29:54:12","A_0019C004_250528_152715_h1EI5","COOKE S4 753","753","40","T 2 3/10","2.992","4.1","-0.4","ARRI ALEXA 35"
"15:29:54:13","A_0019C004_250528_152715_h1EI5","COOKE S4 753","753","40","T 2 3/10","2.992","4.1","-0.4","ARRI ALEXA 35"
"15:29:54:14","A_0019C004_250528_152715_h1EI5","COOKE S4 753","753","40","T 2 3/10","2.992","4.1","-0.2","ARRI ALEXA 35"
"15:29:54:15","A_0019C004_250528_152715_h1EI5","COOKE S4 753","753","40","T 2 3/10","2.992","3.9","-0.2","ARRI ALEXA 35"
"15:29:54:16","A_0019C004_250528_152715_h1EI5","COOKE S4 753","753","40","T 2 3/10","2.992","3.9","-0.2","ARRI ALEXA 35"
"15:29:54:17","A_0019C004_250528_152715_h1EI5","COOKE S4 753","753","40","T 2 3/10","2.992","3.9","-0.2","ARRI ALEXA 35"
"15:29:54:18","A_0019C004_250528_152715_h1EI5","COOKE S4 753","753","40","T 2 3/10","2.992","3.9","-0.2","ARRI ALEXA 35"
"15:29:54:19","A_0019C004_250528_152715_h1EI5","COOKE S4 753","753","40","T 2 3/10","2.992","3.9","-0.2","ARRI ALEXA 35"
"15:29:54:20","A_0019C004_250528_152715_h1EI5","COOKE S4 753","753","40","T 2 3/10","2.992","3.9","-0.3","ARRI ALEXA 35"
"15:29:54:21","A_0019C004_250528_152715_h1EI5","COOKE S4 753","753","40","T 2 3/10","2.992","3.9","-0.3","ARRI ALEXA 35"
"15:29:54:22","A_0019C004_250528_152715_h1EI5","COOKE S4 753","753","40","T 2 3/10","2.992","4","-0.4","ARRI ALEXA 35"
"15:29:54:23","A_0019C004_250528_152715_h1EI5","COOKE S4 753","753","40","T 2 3/10","2.992","4","-0.4","ARRI ALEXA 35"
"15:29:55:00","A_0019C004_250528_152715_h1EI5","COOKE S4 753","753","40","T 2 3/10","2.992","4","-0.4","ARRI ALEXA 35"
"15:29:55:01","A_0019C004_250528_152715_h1EI5","COOKE S4 753","753","40","T 2 3/10","2.989","4","-0.4","ARRI ALEXA 35"
"15:29:55:02","A_0019C004_250528_152715_h1EI5","COOKE S4 753","753","40","T 2 3/10","2.986","4","-0.4","ARRI ALEXA 35"
"15:29:55:03","A_0019C004_250528_152715_h1EI5","COOKE S4 753","753","40","T 2 3/10","2.982","4","-0.1","ARRI ALEXA 35"
"15:29:55:04","A_0019C004_250528_152715_h1EI5","COOKE S4 753","753","40","T 2 3/10","2.979","4","-0.1","ARRI ALEXA 35"
"15:29:55:05","A_0019C004_250528_152715_h1EI5","COOKE S4 753","753","40","T 2 3/10","2.979","4","-0.1","ARRI ALEXA 35"
"15:29:55:06","A_0019C004_250528_152715_h1EI5","COOKE S4 753","753","40","T 2 3/10","2.976","4","-0.1","ARRI ALEXA 35"
"15:29:55:07","A_0019C004_250528_152715_h1EI5","COOKE S4 753","753","40","T 2 3/10","2.976","4","-0.1","ARRI ALEXA 35"
"15:29:55:08","A_0019C004_250528_152715_h1EI5","COOKE S4 753","753","40","T 2 3/10","2.976","4","-0.1","ARRI ALEXA 35"
"15:29:55:09","A_0019C004_250528_152715_h1EI5","COOKE S4 753","753","40","T 2 3/10","2.976","4","-0.3","ARRI ALEXA 35"
"15:29:55:10","A_0019C004_250528_152715_h1EI5","COOKE S4 753","753","40","T 2 3/10","2.976","4","-0.3","ARRI ALEXA 35"
"15:29:55:11","A_0019C004_250528_152715_h1EI5","COOKE S4 753","753","40","T 2 3/10","2.976","4.1","-0.3","ARRI ALEXA 35"
"15:29:55:12","A_0019C004_250528_152715_h1EI5","COOKE S4 753","753","40","T 2 3/10","2.976","4.1","-0.3","ARRI ALEXA 35"
"15:29:55:13","A_0019C004_250528_152715_h1EI5","COOKE S4 753","753","40","T 2 3/10","2.976","4.1","-0.3","ARRI ALEXA 35"
"15:29:55:14","A_0019C004_250528_152715_h1EI5","COOKE S4 753","753","40","T 2 3/10","2.976","4.1","-0.3","ARRI ALEXA 35"
"15:29:55:15","A_0019C004_250528_152715_h1EI5","COOKE S4 753","753","40","T 2 3/10","2.976","4.1","-0.3","ARRI ALEXA 35"
"15:29:55:16","A_0019C004_250528_152715_h1EI5","COOKE S4 753","753","40","T 2 3/10","2.976","4.1","-0.3","ARRI ALEXA 35"
"15:29:55:17","A_0019C004_250528_152715_h1EI5","COOKE S4 753","753","40","T 2 3/10","2.976","4.1","-0.3","ARRI ALEXA 35"
"15:29:55:18","A_0019C004_250528_152715_h1EI5","COOKE S4 753","753","40","T 2 3/10","2.976","4.1","-0.3","ARRI ALEXA 35"
"15:29:55:19","A_0019C004_250528_152715_h1EI5","COOKE S4 753","753","40","T 2 3/10","2.976","4.1","-0.3","ARRI ALEXA 35"
"15:29:55:20","A_0019C004_250528_152715_h1EI5","COOKE S4 753","753","40","T 2 3/10","2.976","4.1","-0.3","ARRI ALEXA 35"
"15:29:55:21","A_0019C004_250528_152715_h1EI5","COOKE S4 753","753","40","T 2 3/10","2.976","4.1","-0.3","ARRI ALEXA 35"
"15:29:55:22","A_0019C004_250528_152715_h1EI5","COOKE S4 753","753","40","T 2 3/10","2.976","4.1","-0.5","ARRI ALEXA 35"
"15:29:55:23","A_0019C004_250528_152715_h1EI5","COOKE S4 753","753","40","T 2 3/10","2.976","4.1","-0.5","ARRI ALEXA 35"
"15:29:56:00","A_0019C004_250528_152715_h1EI5","COOKE S4 753","753","40","T 2 3/10","2.976","4.1","-0.5","ARRI ALEXA 35"
"15:29:56:01","A_0019C004_250528_152715_h1EI5","COOKE S4 753","753","40","T 2 3/10","2.976","4.1","-0.5","ARRI ALEXA 35"
"15:29:56:02","A_0019C004_250528_152715_h1EI5","COOKE S4 753","753","40","T 2 3/10","2.976","4.1","-0.5","ARRI ALEXA 35"
"15:29:56:03","A_0019C004_250528_152715_h1EI5","COOKE S4 753","753","40","T 2 3/10","2.976","4.1","-0.5","ARRI ALEXA 35"
"15:29:56:04","A_0019C004_250528_152715_h1EI5","COOKE S4 753","753","40","T 2 3/10","2.976","4.1","-0.5","ARRI ALEXA 35"
"15:29:56:05","A_0019C004_250528_152715_h1EI5","COOKE S4 753","753","40","T 2 3/10","2.976","4.1","-0.5","ARRI ALEXA 35"
"15:29:56:06","A_0019C004_250528_152715_h1EI5","COOKE S4 753","753","40","T 2 3/10","2.976","4.1","-0.5","ARRI ALEXA 35"
"15:29:56:07","A_0019C004_250528_152715_h1EI5","COOKE S4 753","753","40","T 2 3/10","2.976","4.1","-0.5","ARRI ALEXA 35"
"15:29:56:08","A_0019C004_250528_152715_h1EI5","COOKE S4 753","753","40","T 2 3/10","2.976","4.1","-0.5","ARRI ALEXA 35"
"15:29:56:09","A_0019C004_250528_152715_h1EI5","COOKE S4 753","753","40","T 2 3/10","2.976","4.1","-0.5","ARRI ALEXA 35"
"15:29:56:10","A_0019C004_250528_152715_h1EI5","COOKE S4 753","753","40","T 2 3/10","2.976","4.1","-0.6","ARRI ALEXA 35"
"15:29:56:11","A_0019C004_250528_152715_h1EI5","COOKE S4 753","753","40","T 2 3/10","2.976","4.1","-0.6","ARRI ALEXA 35"
"15:29:56:12","A_0019C004_250528_152715_h1EI5","COOKE S4 753","753","40","T 2 3/10","2.976","4.1","-0.6","ARRI ALEXA 35"
"15:29:56:13","A_0019C004_250528_152715_h1EI5","COOKE S4 753","753","40","T 2 3/10","2.976","4.1","-0.6","ARRI ALEXA 35"
"15:29:56:14","A_0019C004_250528_152715_h1EI5","COOKE S4 753","753","40","T 2 3/10","2.976","4.1","-0.6","ARRI ALEXA 35"
"15:29:56:15","A_0019C004_250528_152715_h1EI5","COOKE S4 753","753","40","T 2 3/10","2.976","4.1","-0.6","ARRI ALEXA 35"
"15:29:56:16","A_0019C004_250528_152715_h1EI5","COOKE S4 753","753","40","T 2 3/10","2.976","4.1","-0.6","ARRI ALEXA 35"
"15:29:56:17","A_0019C004_250528_152715_h1EI5","COOKE S4 753","753","40","T 2 3/10","2.976","4.1","-0.6","ARRI ALEXA 35"
"15:29:56:18","A_0019C004_250528_152715_h1EI5","COOKE S4 753","753","40","T 2 3/10","2.976","4.1","-0.6","ARRI ALEXA 35"
"15:29:56:19","A_0019C004_250528_152715_h1EI5","COOKE S4 753","753","40","T 2 3/10","2.976","4.1","-0.6","ARRI ALEXA 35"
"15:29:56:20","A_0019C004_250528_152715_h1EI5","COOKE S4 753","753","40","T 2 3/10","2.976","4.1","-0.6","ARRI ALEXA 35"
"15:29:56:21","A_0019C004_250528_152715_h1EI5","COOKE S4 753","753","40","T 2 3/10","2.976","4.1","-0.6","ARRI ALEXA 35"
"15:29:56:22","A_0019C004_250528_152715_h1EI5","COOKE S4 753","753","40","T 2 3/10","2.976","4.1","-0.4","ARRI ALEXA 35"
"15:29:56:23","A_0019C004_250528_152715_h1EI5","COOKE S4 753","753","40","T 2 3/10","2.976","4.1","-0.4","ARRI ALEXA 35"
"15:29:57:00","A_0019C004_250528_152715_h1EI5","COOKE S4 753","753","40","T 2 3/10","2.976","4.1","-0.4","ARRI ALEXA 35"
"15:29:57:01","A_0019C004_250528_152715_h1EI5","COOKE S4 753","753","40","T 2 3/10","2.976","4.1","-0.4","ARRI ALEXA 35"
"15:29:57:02","A_0019C004_250528_152715_h1EI5","COOKE S4 753","753","40","T 2 3/10","2.976","4.1","-0.4","ARRI ALEXA 35"
"15:29:57:03","A_0019C004_250528_152715_h1EI5","COOKE S4 753","753","40","T 2 3/10","2.976","4.1","-0.4","ARRI ALEXA 35"
"15:29:57:04","A_0019C004_250528_152715_h1EI5","COOKE S4 753","753","40","T 2 3/10","2.976","4.1","-0.4","ARRI ALEXA 35"
"15:29:57:05","A_0019C004_250528_152715_h1EI5","COOKE S4 753","753","40","T 2 3/10","2.976","4.1","-0.4","ARRI ALEXA 35"
"15:29:57:06","A_0019C004_250528_152715_h1EI5","COOKE S4 753","753","40","T 2 3/10","2.976","4.1","-0.4","ARRI ALEXA 35"
"15:29:57:07","A_0019C004_250528_152715_h1EI5","COOKE S4 753","753","40","T 2 3/10","2.976","4.1","-0.4","ARRI ALEXA 35"
"15:29:57:08","A_0019C004_250528_152715_h1EI5","COOKE S4 753","753","40","T 2 3/10","2.976","4.1","-0.4","ARRI ALEXA 35"
"15:29:57:09","A_0019C004_250528_152715_h1EI5","COOKE S4 753","753","40","T 2 3/10","2.976","4.1","-0.4","ARRI ALEXA 35"
"15:29:57:10","A_0019C004_250528_152715_h1EI5","COOKE S4 753","753","40","T 2 3/10","2.976","4.1","-0.4","ARRI ALEXA 35"
"15:29:57:11","A_0019C004_250528_152715_h1EI5","COOKE S4 753","753","40","T 2 3/10","2.976","4.1","-0.4","ARRI ALEXA 35"
"15:29:57:12","A_0019C004_250528_152715_h1EI5","COOKE S4 753","753","40","T 2 3/10","2.979","4.1","-0.4","ARRI ALEXA 35"
"15:29:57:13","A_0019C004_250528_152715_h1EI5","COOKE S4 753","753","40","T 2 3/10","2.992","4.1","-0.4","ARRI ALEXA 35"
"15:29:57:14","A_0019C004_250528_152715_h1EI5","COOKE S4 753","753","40","T 2 3/10","2.999","4.1","-0.4","ARRI ALEXA 35"
"15:29:57:15","A_0019C004_250528_152715_h1EI5","COOKE S4 753","753","40","T 2 3/10","3.005","4.1","-0.4","ARRI ALEXA 35"
"15:29:57:16","A_0019C004_250528_152715_h1EI5","COOKE S4 753","753","40","T 2 3/10","3.005","4.1","-0.4","ARRI ALEXA 35"
"15:29:57:17","A_0019C004_250528_152715_h1EI5","COOKE S4 753","753","40","T 2 3/10","3.009","4.1","-0.4","ARRI ALEXA 35"
"15:29:57:18","A_0019C004_250528_152715_h1EI5","COOKE S4 753","753","40","T 2 3/10","3.012","4.1","-0.4","ARRI ALEXA 35"
"15:29:57:19","A_0019C004_250528_152715_h1EI5","COOKE S4 753","753","40","T 2 3/10","3.012","4.1","-0.4","ARRI ALEXA 35"
"15:29:57:20","A_0019C004_250528_152715_h1EI5","COOKE S4 753","753","40","T 2 3/10","3.012","4.1","-0.4","ARRI ALEXA 35"
"15:29:57:21","A_0019C004_250528_152715_h1EI5","COOKE S4 753","753","40","T 2 3/10","3.018","4.1","-0.4","ARRI ALEXA 35"
"15:29:57:22","A_0019C004_250528_152715_h1EI5","COOKE S4 753","753","40","T 2 3/10","3.025","4.1","-0.4","ARRI ALEXA 35"
"15:29:57:23","A_0019C004_250528_152715_h1EI5","COOKE S4 753","753","40","T 2 3/10","3.031","4.1","-0.4","ARRI ALEXA 35"
"15:29:58:00","A_0019C004_250528_152715_h1EI5","COOKE S4 753","753","40","T 2 3/10","3.031","4.1","-0.4","ARRI ALEXA 35"
"15:29:58:01","A_0019C004_250528_152715_h1EI5","COOKE S4 753","753","40","T 2 3/10","3.041","4.1","-0.4","ARRI ALEXA 35"
"15:29:58:02","A_0019C004_250528_152715_h1EI5","COOKE S4 753","753","40","T 2 3/10","3.048","4.1","-0.4","ARRI ALEXA 35"
"15:29:58:03","A_0019C004_250528_152715_h1EI5","COOKE S4 753","753","40","T 2 3/10","3.058","4.1","-0.4","ARRI ALEXA 35"
"15:29:58:04","A_0019C004_250528_152715_h1EI5","COOKE S4 753","753","40","T 2 3/10","3.061","4.1","-0.4","ARRI ALEXA 35"
"15:29:58:05","A_0019C004_250528_152715_h1EI5","COOKE S4 753","753","40","T 2 3/10","3.068","4.1","-0.4","ARRI ALEXA 35"
"15:29:58:06","A_0019C004_250528_152715_h1EI5","COOKE S4 753","753","40","T 2 3/10","3.074","4.1","-0.4","ARRI ALEXA 35"
"15:29:58:07","A_0019C004_250528_152715_h1EI5","COOKE S4 753","753","40","T 2 3/10","3.081","4.1","-0.4","ARRI ALEXA 35"
"15:29:58:08","A_0019C004_250528_152715_h1EI5","COOKE S4 753","753","40","T 2 3/10","3.084","4.1","-0.4","ARRI ALEXA 35"
"15:29:58:09","A_0019C004_250528_152715_h1EI5","COOKE S4 753","753","40","T 2 3/10","3.087","4.1","-0.4","ARRI ALEXA 35"
"15:29:58:10","A_0019C004_250528_152715_h1EI5","COOKE S4 753","753","40","T 2 3/10","3.091","4.1","-0.4","ARRI ALEXA 35"
"15:29:58:11","A_0019C004_250528_152715_h1EI5","COOKE S4 753","753","40","T 2 3/10","3.091","4.1","-0.4","ARRI ALEXA 35"
"15:29:58:12","A_0019C004_250528_152715_h1EI5","COOKE S4 753","753","40","T 2 3/10","3.097","4.1","-0.4","ARRI ALEXA 35"
"15:29:58:13","A_0019C004_250528_152715_h1EI5","COOKE S4 753","753","40","T 2 3/10","3.097","4.1","-0.4","ARRI ALEXA 35"
"15:29:58:14","A_0019C004_250528_152715_h1EI5","COOKE S4 753","753","40","T 2 3/10","3.097","4.1","-0.4","ARRI ALEXA 35"
"15:29:58:15","A_0019C004_250528_152715_h1EI5","COOKE S4 753","753","40","T 2 3/10","3.097","4.1","-0.4","ARRI ALEXA 35"
"15:29:58:16","A_0019C004_250528_152715_h1EI5","COOKE S4 753","753","40","T 2 3/10","3.097","4.1","-0.4","ARRI ALEXA 35"
"15:29:58:17","A_0019C004_250528_152715_h1EI5","COOKE S4 753","753","40","T 2 3/10","3.097","4.1","-0.4","ARRI ALEXA 35"
"15:29:58:18","A_0019C004_250528_152715_h1EI5","COOKE S4 753","753","40","T 2 3/10","3.097","4.1","-0.4","ARRI ALEXA 35"
"15:29:58:19","A_0019C004_250528_152715_h1EI5","COOKE S4 753","753","40","T 2 3/10","3.097","4.1","-0.4","ARRI ALEXA 35"
"15:29:58:20","A_0019C004_250528_152715_h1EI5","COOKE S4 753","753","40","T 2 3/10","3.097","4.1","-0.4","ARRI ALEXA 35"
"15:29:58:21","A_0019C004_250528_152715_h1EI5","COOKE S4 753","753","40","T 2 3/10","3.097","4.1","-0.4","ARRI ALEXA 35"
"15:29:58:22","A_0019C004_250528_152715_h1EI5","COOKE S4 753","753","40","T 2 3/10","3.097","4.1","-0.4","ARRI ALEXA 35"
"15:29:58:23","A_0019C004_250528_152715_h1EI5","COOKE S4 753","753","40","T 2 3/10","3.097","4.1","-0.4","ARRI ALEXA 35"
"15:29:59:00","A_0019C004_250528_152715_h1EI5","COOKE S4 753","753","40","T 2 3/10","3.097","4.1","-0.4","ARRI ALEXA 35"
"15:29:59:01","A_0019C004_250528_152715_h1EI5","COOKE S4 753","753","40","T 2 3/10","3.097","4.1","-0.4","ARRI ALEXA 35"
"15:29:59:02","A_0019C004_250528_152715_h1EI5","COOKE S4 753","753","40","T 2 3/10","3.097","4.1","-0.4","ARRI ALEXA 35"
"15:29:59:03","A_0019C004_250528_152715_h1EI5","COOKE S4 753","753","40","T 2 3/10","3.097","4.1","-0.4","ARRI ALEXA 35"
"15:29:59:04","A_0019C004_250528_152715_h1EI5","COOKE S4 753","753","40","T 2 3/10","3.097","4.1","-0.4","ARRI ALEXA 35"
"15:29:59:05","A_0019C004_250528_152715_h1EI5","COOKE S4 753","753","40","T 2 3/10","3.097","4.1","-0.4","ARRI ALEXA 35"
"15:29:59:06","A_0019C004_250528_152715_h1EI5","COOKE S4 753","753","40","T 2 3/10","3.097","4.1","-0.4","ARRI ALEXA 35"
"15:29:59:07","A_0019C004_250528_152715_h1EI5","COOKE S4 753","753","40","T 2 3/10","3.097","4.1","-0.4","ARRI ALEXA 35"
"15:29:59:08","A_0019C004_250528_152715_h1EI5","COOKE S4 753","753","40","T 2 3/10","3.097","4.1","-0.4","ARRI ALEXA 35"
"15:29:59:09","A_0019C004_250528_152715_h1EI5","COOKE S4 753","753","40","T 2 3/10","3.097","4.1","-0.4","ARRI ALEXA 35"
"15:29:59:10","A_0019C004_250528_152715_h1EI5","COOKE S4 753","753","40","T 2 3/10","3.097","4.1","-0.4","ARRI ALEXA 35"
"15:29:59:11","A_0019C004_250528_152715_h1EI5","COOKE S4 753","753","40","T 2 3/10","3.097","4.1","-0.4","ARRI ALEXA 35"
"15:29:59:12","A_0019C004_250528_152715_h1EI5","COOKE S4 753","753","40","T 2 3/10","3.097","4.1","-0.4","ARRI ALEXA 35"
"15:29:59:13","A_0019C004_250528_152715_h1EI5","COOKE S4 753","753","40","T 2 3/10","3.097","4.1","-0.4","ARRI ALEXA 35"
"15:29:59:14","A_0019C004_250528_152715_h1EI5","COOKE S4 753","753","40","T 2 3/10","3.097","4.1","-0.4","ARRI ALEXA 35"
"15:29:59:15","A_0019C004_250528_152715_h1EI5","COOKE S4 753","753","40","T 2 3/10","3.097","4.1","-0.4","ARRI ALEXA 35"
"15:29:59:16","A_0019C004_250528_152715_h1EI5","COOKE S4 753","753","40","T 2 3/10","3.097","4.1","-0.4","ARRI ALEXA 35"
"15:29:59:17","A_0019C004_250528_152715_h1EI5","COOKE S4 753","753","40","T 2 3/10","3.097","4.1","-0.4","ARRI ALEXA 35"
"15:29:59:18","A_0019C004_250528_152715_h1EI5","COOKE S4 753","753","40","T 2 3/10","3.097","4.1","-0.4","ARRI ALEXA 35"
"15:29:59:19","A_0019C004_250528_152715_h1EI5","COOKE S4 753","753","40","T 2 3/10","3.097","4.1","-0.4","ARRI ALEXA 35"
"15:29:59:20","A_0019C004_250528_152715_h1EI5","COOKE S4 753","753","40","T 2 3/10","3.097","4.1","-0.4","ARRI ALEXA 35"
"15:29:59:21","A_0019C004_250528_152715_h1EI5","COOKE S4 753","753","40","T 2 3/10","3.097","4.1","-0.4","ARRI ALEXA 35"
"15:29:59:22","A_0019C004_250528_152715_h1EI5","COOKE S4 753","753","40","T 2 3/10","3.097","4.1","-0.4","ARRI ALEXA 35"
"15:29:59:23","A_0019C004_250528_152715_h1EI5","COOKE S4 753","753","40","T 2 3/10","3.097","4.1","-0.4","ARRI ALEXA 35"
"15:30:00:00","A_0019C004_250528_152715_h1EI5","COOKE S4 753","753","40","T 2 3/10","3.097","4.1","-0.4","ARRI ALEXA 35"
"15:30:00:01","A_0019C004_250528_152715_h1EI5","COOKE S4 753","753","40","T 2 3/10","3.097","4.1","-0.4","ARRI ALEXA 35"
"15:30:00:02","A_0019C004_250528_152715_h1EI5","COOKE S4 753","753","40","T 2 3/10","3.1","4.1","-0.4","ARRI ALEXA 35"
"15:30:00:03","A_0019C004_250528_152715_h1EI5","COOKE S4 753","753","40","T 2 3/10","3.1","4.1","-0.4","ARRI ALEXA 35"
"15:30:00:04","A_0019C004_250528_152715_h1EI5","COOKE S4 753","753","40","T 2 3/10","3.1","4.1","-0.4","ARRI ALEXA 35"
"15:30:00:05","A_0019C004_250528_152715_h1EI5","COOKE S4 753","753","40","T 2 3/10","3.1","4.1","-0.4","ARRI ALEXA 35"
"15:30:00:06","A_0019C004_250528_152715_h1EI5","COOKE S4 753","753","40","T 2 3/10","3.1","4.1","-0.4","ARRI ALEXA 35"
"15:30:00:07","A_0019C004_250528_152715_h1EI5","COOKE S4 753","753","40","T 2 3/10","3.1","4.1","-0.4","ARRI ALEXA 35"
"15:30:00:08","A_0019C004_250528_152715_h1EI5","COOKE S4 753","753","40","T 2 3/10","3.1","4.1","-0.4","ARRI ALEXA 35"
"15:30:00:09","A_0019C004_250528_152715_h1EI5","COOKE S4 753","753","40","T 2 3/10","3.1","4.1","-0.4","ARRI ALEXA 35"
"15:30:00:10","A_0019C004_250528_152715_h1EI5","COOKE S4 753","753","40","T 2 3/10","3.1","4.1","-0.4","ARRI ALEXA 35"
"15:30:00:11","A_0019C004_250528_152715_h1EI5","COOKE S4 753","753","40","T 2 3/10","3.1","4.1","-0.4","ARRI ALEXA 35"
"15:30:00:12","A_0019C004_250528_152715_h1EI5","COOKE S4 753","753","40","T 2 3/10","3.1","4.1","-0.4","ARRI ALEXA 35"
"15:30:00:13","A_0019C004_250528_152715_h1EI5","COOKE S4 753","753","40","T 2 3/10","3.1","4.1","-0.4","ARRI ALEXA 35"
"15:30:00:14","A_0019C004_250528_152715_h1EI5","COOKE S4 753","753","40","T 2 3/10","3.1","4.1","-0.4","ARRI ALEXA 35"
"15:30:00:15","A_0019C004_250528_152715_h1EI5","COOKE S4 753","753","40","T 2 3/10","3.1","4.1","-0.4","ARRI ALEXA 35"
"15:30:00:16","A_0019C004_250528_152715_h1EI5","COOKE S4 753","753","40","T 2 3/10","3.1","4.1","-0.4","ARRI ALEXA 35"
"15:30:00:17","A_0019C004_250528_152715_h1EI5","COOKE S4 753","753","40","T 2 3/10","3.1","4.1","-0.4","ARRI ALEXA 35"
"15:30:00:18","A_0019C004_250528_152715_h1EI5","COOKE S4 753","753","40","T 2 3/10","3.1","4.1","-0.4","ARRI ALEXA 35"
"15:30:00:19","A_0019C004_250528_152715_h1EI5","COOKE S4 753","753","40","T 2 3/10","3.1","4.1","-0.4","ARRI ALEXA 35"
"15:30:00:20","A_0019C004_250528_152715_h1EI5","COOKE S4 753","753","40","T 2 3/10","3.1","4.1","-0.4","ARRI ALEXA 35"
"15:30:00:21","A_0019C004_250528_152715_h1EI5","COOKE S4 753","753","40","T 2 3/10","3.1","4.1","-0.4","ARRI ALEXA 35"
"15:30:00:22","A_0019C004_250528_152715_h1EI5","COOKE S4 753","753","40","T 2 3/10","3.1","4.1","-0.4","ARRI ALEXA 35"
"15:30:00:23","A_0019C004_250528_152715_h1EI5","COOKE S4 753","753","40","T 2 3/10","3.104","4.1","-0.4","ARRI ALEXA 35"
"15:30:01:00","A_0019C004_250528_152715_h1EI5","COOKE S4 753","753","40","T 2 3/10","3.104","4.1","-0.4","ARRI ALEXA 35"
"15:30:01:01","A_0019C004_250528_152715_h1EI5","COOKE S4 753","753","40","T 2 3/10","3.107","4.1","-0.4","ARRI ALEXA 35"
"15:30:01:02","A_0019C004_250528_152715_h1EI5","COOKE S4 753","753","40","T 2 3/10","3.107","4.1","-0.4","ARRI ALEXA 35"
"15:30:01:03","A_0019C004_250528_152715_h1EI5","COOKE S4 753","753","40","T 2 3/10","3.107","4.1","-0.4","ARRI ALEXA 35"
"15:30:01:04","A_0019C004_250528_152715_h1EI5","COOKE S4 753","753","40","T 2 3/10","3.107","4.1","-0.4","ARRI ALEXA 35"
"15:30:01:05","A_0019C004_250528_152715_h1EI5","COOKE S4 753","753","40","T 2 3/10","3.107","4.1","-0.4","ARRI ALEXA 35"
"15:30:01:06","A_0019C004_250528_152715_h1EI5","COOKE S4 753","753","40","T 2 3/10","3.107","4.1","-0.4","ARRI ALEXA 35"
"15:30:01:07","A_0019C004_250528_152715_h1EI5","COOKE S4 753","753","40","T 2 3/10","3.107","4.1","-0.4","ARRI ALEXA 35"
"15:30:01:08","A_0019C004_250528_152715_h1EI5","COOKE S4 753","753","40","T 2 3/10","3.107","4.1","-0.4","ARRI ALEXA 35"
"15:30:01:09","A_0019C004_250528_152715_h1EI5","COOKE S4 753","753","40","T 2 3/10","3.107","4.1","-0.4","ARRI ALEXA 35"
"15:30:01:10","A_0019C004_250528_152715_h1EI5","COOKE S4 753","753","40","T 2 3/10","3.107","4.1","-0.4","ARRI ALEXA 35"
"15:30:01:11","A_0019C004_250528_152715_h1EI5","COOKE S4 753","753","40","T 2 3/10","3.107","4.1","-0.4","ARRI ALEXA 35"
"15:30:01:12","A_0019C004_250528_152715_h1EI5","COOKE S4 753","753","40","T 2 3/10","3.107","4.1","-0.4","ARRI ALEXA 35"
"15:30:01:13","A_0019C004_250528_152715_h1EI5","COOKE S4 753","753","40","T 2 3/10","3.107","4.1","-0.4","ARRI ALEXA 35"
"15:30:01:14","A_0019C004_250528_152715_h1EI5","COOKE S4 753","753","40","T 2 3/10","3.107","4.1","-0.4","ARRI ALEXA 35"
"15:30:01:15","A_0019C004_250528_152715_h1EI5","COOKE S4 753","753","40","T 2 3/10","3.107","4.1","-0.4","ARRI ALEXA 35"
"15:30:01:16","A_0019C004_250528_152715_h1EI5","COOKE S4 753","753","40","T 2 3/10","3.107","4.1","-0.4","ARRI ALEXA 35"
"15:30:01:17","A_0019C004_250528_152715_h1EI5","COOKE S4 753","753","40","T 2 3/10","3.107","4.1","-0.4","ARRI ALEXA 35"
"15:30:01:18","A_0019C004_250528_152715_h1EI5","COOKE S4 753","753","40","T 2 3/10","3.107","4.1","-0.4","ARRI ALEXA 35"
"15:30:01:19","A_0019C004_250528_152715_h1EI5","COOKE S4 753","753","40","T 2 3/10","3.107","4.1","-0.4","ARRI ALEXA 35"
"15:30:01:20","A_0019C004_250528_152715_h1EI5","COOKE S4 753","753","40","T 2 3/10","3.107","4.1","-0.4","ARRI ALEXA 35"
"15:30:01:21","A_0019C004_250528_152715_h1EI5","COOKE S4 753","753","40","T 2 3/10","3.107","4.1","-0.4","ARRI ALEXA 35"
"15:30:01:22","A_0019C004_250528_152715_h1EI5","COOKE S4 753","753","40","T 2 3/10","3.107","4.1","-0.4","ARRI ALEXA 35"
"15:30:01:23","A_0019C004_250528_152715_h1EI5","COOKE S4 753","753","40","T 2 3/10","3.107","4.1","-0.4","ARRI ALEXA 35"
"15:30:02:00","A_0019C004_250528_152715_h1EI5","COOKE S4 753","753","40","T 2 3/10","3.107","4.1","-0.4","ARRI ALEXA 35"
"15:30:02:01","A_0019C004_250528_152715_h1EI5","COOKE S4 753","753","40","T 2 3/10","3.107","4.1","-0.4","ARRI ALEXA 35"
"15:30:02:02","A_0019C004_250528_152715_h1EI5","COOKE S4 753","753","40","T 2 3/10","3.107","4.1","-0.4","ARRI ALEXA 35"
"15:30:02:03","A_0019C004_250528_152715_h1EI5","COOKE S4 753","753","40","T 2 3/10","3.107","4.1","-0.4","ARRI ALEXA 35"
"15:30:02:04","A_0019C004_250528_152715_h1EI5","COOKE S4 753","753","40","T 2 3/10","3.107","4.1","-0.4","ARRI ALEXA 35"
"15:30:02:05","A_0019C004_250528_152715_h1EI5","COOKE S4 753","753","40","T 2 3/10","3.107","4.1","-0.4","ARRI ALEXA 35"
"15:30:02:06","A_0019C004_250528_152715_h1EI5","COOKE S4 753","753","40","T 2 3/10","3.107","4.1","-0.4","ARRI ALEXA 35"
"15:30:02:07","A_0019C004_250528_152715_h1EI5","COOKE S4 753","753","40","T 2 3/10","3.107","4.1","-0.4","ARRI ALEXA 35"
"15:30:02:08","A_0019C004_250528_152715_h1EI5","COOKE S4 753","753","40","T 2 3/10","3.107","4.1","-0.4","ARRI ALEXA 35"
"15:30:02:09","A_0019C004_250528_152715_h1EI5","COOKE S4 753","753","40","T 2 3/10","3.107","4.1","-0.4","ARRI ALEXA 35"
"15:30:02:10","A_0019C004_250528_152715_h1EI5","COOKE S4 753","753","40","T 2 3/10","3.107","4.1","-0.4","ARRI ALEXA 35"
"15:30:02:11","A_0019C004_250528_152715_h1EI5","COOKE S4 753","753","40","T 2 3/10","3.107","4.1","-0.4","ARRI ALEXA 35"
"15:30:02:12","A_0019C004_250528_152715_h1EI5","COOKE S4 753","753","40","T 2 3/10","3.107","4.1","-0.4","ARRI ALEXA 35"
"15:30:02:13","A_0019C004_250528_152715_h1EI5","COOKE S4 753","753","40","T 2 3/10","3.107","4.1","-0.4","ARRI ALEXA 35"
"15:30:02:14","A_0019C004_250528_152715_h1EI5","COOKE S4 753","753","40","T 2 3/10","3.107","4.1","-0.4","ARRI ALEXA 35"
"15:30:02:15","A_0019C004_250528_152715_h1EI5","COOKE S4 753","753","40","T 2 3/10","3.107","4.1","-0.4","ARRI ALEXA 35"
"15:30:02:16","A_0019C004_250528_152715_h1EI5","COOKE S4 753","753","40","T 2 3/10","3.107","4.1","-0.4","ARRI ALEXA 35"
"15:30:02:17","A_0019C004_250528_152715_h1EI5","COOKE S4 753","753","40","T 2 3/10","3.107","4.1","-0.4","ARRI ALEXA 35"
"15:30:02:18","A_0019C004_250528_152715_h1EI5","COOKE S4 753","753","40","T 2 3/10","3.107","4.1","-0.4","ARRI ALEXA 35"
"15:30:02:19","A_0019C004_250528_152715_h1EI5","COOKE S4 753","753","40","T 2 3/10","3.107","4.1","-0.4","ARRI ALEXA 35"
"15:30:02:20","A_0019C004_250528_152715_h1EI5","COOKE S4 753","753","40","T 2 3/10","3.107","4.1","-0.4","ARRI ALEXA 35"
"15:30:02:21","A_0019C004_250528_152715_h1EI5","COOKE S4 753","753","40","T 2 3/10","3.107","4.1","-0.4","ARRI ALEXA 35"
"15:30:02:22","A_0019C004_250528_152715_h1EI5","COOKE S4 753","753","40","T 2 3/10","3.107","4.1","-0.4","ARRI ALEXA 35"
"15:30:02:23","A_0019C004_250528_152715_h1EI5","COOKE S4 753","753","40","T 2 3/10","3.107","4.1","-0.4","ARRI ALEXA 35"
"15:30:03:00","A_0019C004_250528_152715_h1EI5","COOKE S4 753","753","40","T 2 3/10","3.107","4.1","-0.4","ARRI ALEXA 35"
"15:30:03:01","A_0019C004_250528_152715_h1EI5","COOKE S4 753","753","40","T 2 3/10","3.107","4.1","-0.4","ARRI ALEXA 35"
"15:30:03:02","A_0019C004_250528_152715_h1EI5","COOKE S4 753","753","40","T 2 3/10","3.107","4.1","-0.4","ARRI ALEXA 35"
"15:30:03:03","A_0019C004_250528_152715_h1EI5","COOKE S4 753","753","40","T 2 3/10","3.107","4.1","-0.4","ARRI ALEXA 35"
"15:30:03:04","A_0019C004_250528_152715_h1EI5","COOKE S4 753","753","40","T 2 3/10","3.107","4.1","-0.4","ARRI ALEXA 35"
"15:30:03:05","A_0019C004_250528_152715_h1EI5","COOKE S4 753","753","40","T 2 3/10","3.107","4.1","-0.4","ARRI ALEXA 35"
"15:30:03:06","A_0019C004_250528_152715_h1EI5","COOKE S4 753","753","40","T 2 3/10","3.107","4.1","-0.4","ARRI ALEXA 35"
"15:30:03:07","A_0019C004_250528_152715_h1EI5","COOKE S4 753","753","40","T 2 3/10","3.107","4.1","-0.4","ARRI ALEXA 35"
"15:30:03:08","A_0019C004_250528_152715_h1EI5","COOKE S4 753","753","40","T 2 3/10","3.11","4.1","-0.4","ARRI ALEXA 35"
"15:30:03:09","A_0019C004_250528_152715_h1EI5","COOKE S4 753","753","40","T 2 3/10","3.114","4.1","-0.4","ARRI ALEXA 35"
"15:30:03:10","A_0019C004_250528_152715_h1EI5","COOKE S4 753","753","40","T 2 3/10","3.12","4.1","-0.4","ARRI ALEXA 35"
"15:30:03:11","A_0019C004_250528_152715_h1EI5","COOKE S4 753","753","40","T 2 3/10","3.123","4.1","-0.4","ARRI ALEXA 35"
"15:30:03:12","A_0019C004_250528_152715_h1EI5","COOKE S4 753","753","40","T 2 3/10","3.13","4.1","-0.4","ARRI ALEXA 35"
"15:30:03:13","A_0019C004_250528_152715_h1EI5","COOKE S4 753","753","40","T 2 3/10","3.13","4.1","-0.4","ARRI ALEXA 35"
"15:30:03:14","A_0019C004_250528_152715_h1EI5","COOKE S4 753","753","40","T 2 3/10","3.133","4.1","-0.4","ARRI ALEXA 35"
"15:30:03:15","A_0019C004_250528_152715_h1EI5","COOKE S4 753","753","40","T 2 3/10","3.133","4.1","-0.4","ARRI ALEXA 35"
"15:30:03:16","A_0019C004_250528_152715_h1EI5","COOKE S4 753","753","40","T 2 3/10","3.136","4.1","-0.4","ARRI ALEXA 35"
"15:30:03:17","A_0019C004_250528_152715_h1EI5","COOKE S4 753","753","40","T 2 3/10","3.136","4.1","-0.4","ARRI ALEXA 35"
"15:30:03:18","A_0019C004_250528_152715_h1EI5","COOKE S4 753","753","40","T 2 3/10","3.136","4.1","-0.4","ARRI ALEXA 35"
"15:30:03:19","A_0019C004_250528_152715_h1EI5","COOKE S4 753","753","40","T 2 3/10","3.136","4.1","-0.4","ARRI ALEXA 35"
"15:30:03:20","A_0019C004_250528_152715_h1EI5","COOKE S4 753","753","40","T 2 3/10","3.136","4.1","-0.4","ARRI ALEXA 35"
"15:30:03:21","A_0019C004_250528_152715_h1EI5","COOKE S4 753","753","40","T 2 3/10","3.136","4.1","-0.4","ARRI ALEXA 35"
"15:30:03:22","A_0019C004_250528_152715_h1EI5","COOKE S4 753","753","40","T 2 3/10","3.136","4.1","-0.4","ARRI ALEXA 35"
"15:30:03:23","A_0019C004_250528_152715_h1EI5","COOKE S4 753","753","40","T 2 3/10","3.136","4.1","-0.4","ARRI ALEXA 35"
"15:30:04:00","A_0019C004_250528_152715_h1EI5","COOKE S4 753","753","40","T 2 3/10","3.136","4.1","-0.4","ARRI ALEXA 35"
"15:30:04:01","A_0019C004_250528_152715_h1EI5","COOKE S4 753","753","40","T 2 3/10","3.136","4.1","-0.4","ARRI ALEXA 35"
"15:30:04:02","A_0019C004_250528_152715_h1EI5","COOKE S4 753","753","40","T 2 3/10","3.136","4.1","-0.4","ARRI ALEXA 35"
"15:30:04:03","A_0019C004_250528_152715_h1EI5","COOKE S4 753","753","40","T 2 3/10","3.136","4.1","-0.4","ARRI ALEXA 35"
"15:30:04:04","A_0019C004_250528_152715_h1EI5","COOKE S4 753","753","40","T 2 3/10","3.136","4.1","-0.4","ARRI ALEXA 35"
"15:30:04:05","A_0019C004_250528_152715_h1EI5","COOKE S4 753","753","40","T 2 3/10","3.136","4.1","-0.4","ARRI ALEXA 35"
"15:30:04:06","A_0019C004_250528_152715_h1EI5","COOKE S4 753","753","40","T 2 3/10","3.13","4.1","-0.4","ARRI ALEXA 35"
"15:30:04:07","A_0019C004_250528_152715_h1EI5","COOKE S4 753","753","40","T 2 3/10","3.13","3.8","-0.4","ARRI ALEXA 35"
"15:30:04:08","A_0019C004_250528_152715_h1EI5","COOKE S4 753","753","40","T 2 3/10","3.127","3.8","-0.4","ARRI ALEXA 35"
"15:30:04:09","A_0019C004_250528_152715_h1EI5","COOKE S4 753","753","40","T 2 3/10","3.123","3.8","-0.4","ARRI ALEXA 35"
"15:30:04:10","A_0019C004_250528_152715_h1EI5","COOKE S4 753","753","40","T 2 3/10","3.123","3.8","-0.4","ARRI ALEXA 35"
"15:30:04:11","A_0019C004_250528_152715_h1EI5","COOKE S4 753","753","40","T 2 3/10","3.12","3.8","-0.4","ARRI ALEXA 35"
"15:30:04:12","A_0019C004_250528_152715_h1EI5","COOKE S4 753","753","40","T 2 3/10","3.12","3.8","-0.4","ARRI ALEXA 35"
"15:30:04:13","A_0019C004_250528_152715_h1EI5","COOKE S4 753","753","40","T 2 3/10","3.12","3.8","-0.4","ARRI ALEXA 35"
"15:30:04:14","A_0019C004_250528_152715_h1EI5","COOKE S4 753","753","40","T 2 3/10","3.12","3.8","-0.4","ARRI ALEXA 35"
"15:30:04:15","A_0019C004_250528_152715_h1EI5","COOKE S4 753","753","40","T 2 3/10","3.12","3.8","-0.4","ARRI ALEXA 35"
"15:30:04:16","A_0019C004_250528_152715_h1EI5","COOKE S4 753","753","40","T 2 3/10","3.12","3.8","-0.4","ARRI ALEXA 35"
"15:30:04:17","A_0019C004_250528_152715_h1EI5","COOKE S4 753","753","40","T 2 3/10","3.12","3.8","-0.4","ARRI ALEXA 35"
"15:30:04:18","A_0019C004_250528_152715_h1EI5","COOKE S4 753","753","40","T 2 3/10","3.12","3.8","-0.4","ARRI ALEXA 35"
"15:30:04:19","A_0019C004_250528_152715_h1EI5","COOKE S4 753","753","40","T 2 3/10","3.12","3.8","-0.4","ARRI ALEXA 35"
"15:30:04:20","A_0019C004_250528_152715_h1EI5","COOKE S4 753","753","40","T 2 3/10","3.12","3.8","-0.4","ARRI ALEXA 35"
"15:30:04:21","A_0019C004_250528_152715_h1EI5","COOKE S4 753","753","40","T 2 3/10","3.12","3.8","-0.4","ARRI ALEXA 35"
"15:30:04:22","A_0019C004_250528_152715_h1EI5","COOKE S4 753","753","40","T 2 3/10","3.12","3.8","-0.4","ARRI ALEXA 35"
"15:30:04:23","A_0019C004_250528_152715_h1EI5","COOKE S4 753","753","40","T 2 3/10","3.12","3.8","-0.4","ARRI ALEXA 35"
"15:30:05:00","A_0019C004_250528_152715_h1EI5","COOKE S4 753","753","40","T 2 3/10","3.12","3.8","-0.4","ARRI ALEXA 35"
"15:30:05:01","A_0019C004_250528_152715_h1EI5","COOKE S4 753","753","40","T 2 3/10","3.12","3.8","-0.4","ARRI ALEXA 35"
"15:30:05:02","A_0019C004_250528_152715_h1EI5","COOKE S4 753","753","40","T 2 3/10","3.12","3.8","-0.4","ARRI ALEXA 35"
"15:30:05:03","A_0019C004_250528_152715_h1EI5","COOKE S4 753","753","40","T 2 3/10","3.12","3.8","-0.4","ARRI ALEXA 35"
"15:30:05:04","A_0019C004_250528_152715_h1EI5","COOKE S4 753","753","40","T 2 3/10","3.12","3.8","-0.4","ARRI ALEXA 35"
"15:30:05:05","A_0019C004_250528_152715_h1EI5","COOKE S4 753","753","40","T 2 3/10","3.12","3.8","-0.4","ARRI ALEXA 35"
"15:30:05:06","A_0019C004_250528_152715_h1EI5","COOKE S4 753","753","40","T 2 3/10","3.12","3.8","-0.4","ARRI ALEXA 35"
"15:30:05:07","A_0019C004_250528_152715_h1EI5","COOKE S4 753","753","40","T 2 3/10","3.12","3.8","-0.4","ARRI ALEXA 35"
"15:30:05:08","A_0019C004_250528_152715_h1EI5","COOKE S4 753","753","40","T 2 3/10","3.12","3.8","-0.4","ARRI ALEXA 35"
"15:30:05:09","A_0019C004_250528_152715_h1EI5","COOKE S4 753","753","40","T 2 3/10","3.127","3.8","-0.4","ARRI ALEXA 35"
"15:30:05:10","A_0019C004_250528_152715_h1EI5","COOKE S4 753","753","40","T 2 3/10","3.127","3.8","-0.4","ARRI ALEXA 35"
"15:30:05:11","A_0019C004_250528_152715_h1EI5","COOKE S4 753","753","40","T 2 3/10","3.127","3.8","-0.4","ARRI ALEXA 35"
"15:30:05:12","A_0019C004_250528_152715_h1EI5","COOKE S4 753","753","40","T 2 3/10","3.127","3.8","-0.4","ARRI ALEXA 35"
"15:30:05:13","A_0019C004_250528_152715_h1EI5","COOKE S4 753","753","40","T 2 3/10","3.127","3.8","-0.4","ARRI ALEXA 35"
"15:30:05:14","A_0019C004_250528_152715_h1EI5","COOKE S4 753","753","40","T 2 3/10","3.127","3.8","-0.4","ARRI ALEXA 35"
"15:30:05:15","A_0019C004_250528_152715_h1EI5","COOKE S4 753","753","40","T 2 3/10","3.127","3.8","-0.4","ARRI ALEXA 35"
"15:30:05:16","A_0019C004_250528_152715_h1EI5","COOKE S4 753","753","40","T 2 3/10","3.127","3.8","-0.4","ARRI ALEXA 35"
"15:30:05:17","A_0019C004_250528_152715_h1EI5","COOKE S4 753","753","40","T 2 3/10","3.127","3.8","-0.4","ARRI ALEXA 35"
"15:30:05:18","A_0019C004_250528_152715_h1EI5","COOKE S4 753","753","40","T 2 3/10","3.127","3.8","-0.4","ARRI ALEXA 35"
"15:30:05:19","A_0019C004_250528_152715_h1EI5","COOKE S4 753","753","40","T 2 3/10","3.127","3.8","-0.4","ARRI ALEXA 35"
"15:30:05:20","A_0019C004_250528_152715_h1EI5","COOKE S4 753","753","40","T 2 3/10","3.127","3.8","-0.4","ARRI ALEXA 35"
"15:30:05:21","A_0019C004_250528_152715_h1EI5","COOKE S4 753","753","40","T 2 3/10","3.127","3.8","-0.4","ARRI ALEXA 35"
"15:30:05:22","A_0019C004_250528_152715_h1EI5","COOKE S4 753","753","40","T 2 3/10","3.127","3.8","-0.4","ARRI ALEXA 35"
"15:30:05:23","A_0019C004_250528_152715_h1EI5","COOKE S4 753","753","40","T 2 3/10","3.127","3.8","-0.4","ARRI ALEXA 35"
"15:30:06:00","A_0019C004_250528_152715_h1EI5","COOKE S4 753","753","40","T 2 3/10","3.127","3.8","-0.4","ARRI ALEXA 35"
"15:30:06:01","A_0019C004_250528_152715_h1EI5","COOKE S4 753","753","40","T 2 3/10","3.127","3.8","-0.4","ARRI ALEXA 35"
"15:30:06:02","A_0019C004_250528_152715_h1EI5","COOKE S4 753","753","40","T 2 3/10","3.127","3.8","-0.4","ARRI ALEXA 35"
"15:30:06:03","A_0019C004_250528_152715_h1EI5","COOKE S4 753","753","40","T 2 3/10","3.127","3.8","-0.4","ARRI ALEXA 35"
"15:30:06:04","A_0019C004_250528_152715_h1EI5","COOKE S4 753","753","40","T 2 3/10","3.127","3.8","-0.4","ARRI ALEXA 35"
"15:30:06:05","A_0019C004_250528_152715_h1EI5","COOKE S4 753","753","40","T 2 3/10","3.127","3.8","-0.4","ARRI ALEXA 35"
"15:30:06:06","A_0019C004_250528_152715_h1EI5","COOKE S4 753","753","40","T 2 3/10","3.127","3.8","-0.4","ARRI ALEXA 35"
"15:30:06:07","A_0019C004_250528_152715_h1EI5","COOKE S4 753","753","40","T 2 3/10","3.127","3.8","-0.4","ARRI ALEXA 35"
"15:30:06:08","A_0019C004_250528_152715_h1EI5","COOKE S4 753","753","40","T 2 3/10","3.127","3.8","-0.4","ARRI ALEXA 35"
"15:30:06:09","A_0019C004_250528_152715_h1EI5","COOKE S4 753","753","40","T 2 3/10","3.127","3.8","-0.4","ARRI ALEXA 35"
"15:30:06:10","A_0019C004_250528_152715_h1EI5","COOKE S4 753","753","40","T 2 3/10","3.127","3.8","-0.4","ARRI ALEXA 35"
"15:30:06:11","A_0019C004_250528_152715_h1EI5","COOKE S4 753","753","40","T 2 3/10","3.127","3.8","-0.4","ARRI ALEXA 35"
"15:30:06:12","A_0019C004_250528_152715_h1EI5","COOKE S4 753","753","40","T 2 3/10","3.127","3.8","-0.4","ARRI ALEXA 35"
"15:30:06:13","A_0019C004_250528_152715_h1EI5","COOKE S4 753","753","40","T 2 3/10","3.127","3.8","-0.4","ARRI ALEXA 35"
"15:30:06:14","A_0019C004_250528_152715_h1EI5","COOKE S4 753","753","40","T 2 3/10","3.127","3.8","-0.4","ARRI ALEXA 35"
"15:30:06:15","A_0019C004_250528_152715_h1EI5","COOKE S4 753","753","40","T 2 3/10","3.127","3.8","-0.4","ARRI ALEXA 35"
"15:30:06:16","A_0019C004_250528_152715_h1EI5","COOKE S4 753","753","40","T 2 3/10","3.127","3.8","-0.4","ARRI ALEXA 35"
"15:30:06:17","A_0019C004_250528_152715_h1EI5","COOKE S4 753","753","40","T 2 3/10","3.127","3.8","-0.4","ARRI ALEXA 35"
"15:30:06:18","A_0019C004_250528_152715_h1EI5","COOKE S4 753","753","40","T 2 3/10","3.127","3.8","-0.4","ARRI ALEXA 35"
"15:30:06:19","A_0019C004_250528_152715_h1EI5","COOKE S4 753","753","40","T 2 3/10","3.127","3.8","-0.4","ARRI ALEXA 35"
"15:30:06:20","A_0019C004_250528_152715_h1EI5","COOKE S4 753","753","40","T 2 3/10","3.127","3.8","-0.4","ARRI ALEXA 35"
"15:30:06:21","A_0019C004_250528_152715_h1EI5","COOKE S4 753","753","40","T 2 3/10","3.127","3.8","-0.4","ARRI ALEXA 35"
"15:30:06:22","A_0019C004_250528_152715_h1EI5","COOKE S4 753","753","40","T 2 3/10","3.127","3.8","-0.4","ARRI ALEXA 35"
"15:30:06:23","A_0019C004_250528_152715_h1EI5","COOKE S4 753","753","40","T 2 3/10","3.127","3.8","-0.4","ARRI ALEXA 35"
"15:30:07:00","A_0019C004_250528_152715_h1EI5","COOKE S4 753","753","40","T 2 3/10","3.127","3.8","-0.4","ARRI ALEXA 35"
"15:30:07:01","A_0019C004_250528_152715_h1EI5","COOKE S4 753","753","40","T 2 3/10","3.127","3.8","-0.4","ARRI ALEXA 35"
"15:30:07:02","A_0019C004_250528_152715_h1EI5","COOKE S4 753","753","40","T 2 3/10","3.127","3.8","-0.4","ARRI ALEXA 35"
"15:30:07:03","A_0019C004_250528_152715_h1EI5","COOKE S4 753","753","40","T 2 3/10","3.127","3.8","-0.4","ARRI ALEXA 35"
"15:30:07:04","A_0019C004_250528_152715_h1EI5","COOKE S4 753","753","40","T 2 3/10","3.127","3.8","-0.4","ARRI ALEXA 35"
"15:30:07:05","A_0019C004_250528_152715_h1EI5","COOKE S4 753","753","40","T 2 3/10","3.127","3.8","-0.4","ARRI ALEXA 35"
"15:30:07:06","A_0019C004_250528_152715_h1EI5","COOKE S4 753","753","40","T 2 3/10","3.127","3.8","-0.4","ARRI ALEXA 35"
"15:30:07:07","A_0019C004_250528_152715_h1EI5","COOKE S4 753","753","40","T 2 3/10","3.127","3.8","-0.4","ARRI ALEXA 35"
"15:30:07:08","A_0019C004_250528_152715_h1EI5","COOKE S4 753","753","40","T 2 3/10","3.127","3.8","-0.4","ARRI ALEXA 35"
"15:30:07:09","A_0019C004_250528_152715_h1EI5","COOKE S4 753","753","40","T 2 3/10","3.127","3.8","-0.4","ARRI ALEXA 35"
"15:30:07:10","A_0019C004_250528_152715_h1EI5","COOKE S4 753","753","40","T 2 3/10","3.127","3.8","-0.4","ARRI ALEXA 35"
"15:30:07:11","A_0019C004_250528_152715_h1EI5","COOKE S4 753","753","40","T 2 3/10","3.127","3.8","-0.4","ARRI ALEXA 35"
"15:30:07:12","A_0019C004_250528_152715_h1EI5","COOKE S4 753","753","40","T 2 3/10","3.127","3.8","-0.4","ARRI ALEXA 35"
"15:30:07:13","A_0019C004_250528_152715_h1EI5","COOKE S4 753","753","40","T 2 3/10","3.127","3.8","-0.4","ARRI ALEXA 35"
"15:30:07:14","A_0019C004_250528_152715_h1EI5","COOKE S4 753","753","40","T 2 3/10","3.127","3.8","-0.4","ARRI ALEXA 35"
"15:30:07:15","A_0019C004_250528_152715_h1EI5","COOKE S4 753","753","40","T 2 3/10","3.127","3.8","-0.4","ARRI ALEXA 35"
"15:30:07:16","A_0019C004_250528_152715_h1EI5","COOKE S4 753","753","40","T 2 3/10","3.127","3.8","-0.4","ARRI ALEXA 35"
"15:30:07:17","A_0019C004_250528_152715_h1EI5","COOKE S4 753","753","40","T 2 3/10","3.127","3.8","-0.4","ARRI ALEXA 35"
"15:30:07:18","A_0019C004_250528_152715_h1EI5","COOKE S4 753","753","40","T 2 3/10","3.127","3.8","-0.4","ARRI ALEXA 35"
"15:30:07:19","A_0019C004_250528_152715_h1EI5","COOKE S4 753","753","40","T 2 3/10","3.127","3.8","-0.4","ARRI ALEXA 35"
"15:30:07:20","A_0019C004_250528_152715_h1EI5","COOKE S4 753","753","40","T 2 3/10","3.127","3.8","-0.4","ARRI ALEXA 35"
"15:30:07:21","A_0019C004_250528_152715_h1EI5","COOKE S4 753","753","40","T 2 3/10","3.127","3.8","-0.4","ARRI ALEXA 35"
"15:30:07:22","A_0019C004_250528_152715_h1EI5","COOKE S4 753","753","40","T 2 3/10","3.127","3.8","-0.4","ARRI ALEXA 35"
"15:30:07:23","A_0019C004_250528_152715_h1EI5","COOKE S4 753","753","40","T 2 3/10","3.127","3.8","-0.4","ARRI ALEXA 35"
"15:30:08:00","A_0019C004_250528_152715_h1EI5","COOKE S4 753","753","40","T 2 3/10","3.127","3.8","-0.4","ARRI ALEXA 35"
"15:30:08:01","A_0019C004_250528_152715_h1EI5","COOKE S4 753","753","40","T 2 3/10","3.127","3.8","-0.4","ARRI ALEXA 35"
"15:30:08:02","A_0019C004_250528_152715_h1EI5","COOKE S4 753","753","40","T 2 3/10","3.13","3.8","-0.4","ARRI ALEXA 35"
"15:30:08:03","A_0019C004_250528_152715_h1EI5","COOKE S4 753","753","40","T 2 3/10","3.133","3.8","-0.4","ARRI ALEXA 35"
"15:30:08:04","A_0019C004_250528_152715_h1EI5","COOKE S4 753","753","40","T 2 3/10","3.136","3.8","-0.4","ARRI ALEXA 35"
"15:30:08:05","A_0019C004_250528_152715_h1EI5","COOKE S4 753","753","40","T 2 3/10","3.136","3.8","-0.4","ARRI ALEXA 35"
"15:30:08:06","A_0019C004_250528_152715_h1EI5","COOKE S4 753","753","40","T 2 3/10","3.136","3.8","-0.4","ARRI ALEXA 35"
"15:30:08:07","A_0019C004_250528_152715_h1EI5","COOKE S4 753","753","40","T 2 3/10","3.136","3.8","-0.4","ARRI ALEXA 35"
"15:30:08:08","A_0019C004_250528_152715_h1EI5","COOKE S4 753","753","40","T 2 3/10","3.136","3.8","-0.4","ARRI ALEXA 35"
"15:30:08:09","A_0019C004_250528_152715_h1EI5","COOKE S4 753","753","40","T 2 3/10","3.136","3.8","-0.4","ARRI ALEXA 35"
"15:30:08:10","A_0019C004_250528_152715_h1EI5","COOKE S4 753","753","40","T 2 3/10","3.136","3.8","-0.4","ARRI ALEXA 35"
"15:30:08:11","A_0019C004_250528_152715_h1EI5","COOKE S4 753","753","40","T 2 3/10","3.136","3.8","-0.4","ARRI ALEXA 35"
"15:30:08:12","A_0019C004_250528_152715_h1EI5","COOKE S4 753","753","40","T 2 3/10","3.136","3.8","-0.4","ARRI ALEXA 35"
"15:30:08:13","A_0019C004_250528_152715_h1EI5","COOKE S4 753","753","40","T 2 3/10","3.136","3.8","-0.4","ARRI ALEXA 35"
"15:30:08:14","A_0019C004_250528_152715_h1EI5","COOKE S4 753","753","40","T 2 3/10","3.136","3.8","-0.4","ARRI ALEXA 35"
"15:30:08:15","A_0019C004_250528_152715_h1EI5","COOKE S4 753","753","40","T 2 3/10","3.136","3.8","-0.4","ARRI ALEXA 35"
"15:30:08:16","A_0019C004_250528_152715_h1EI5","COOKE S4 753","753","40","T 2 3/10","3.136","3.8","-0.4","ARRI ALEXA 35"
"15:30:08:17","A_0019C004_250528_152715_h1EI5","COOKE S4 753","753","40","T 2 3/10","3.133","3.8","-0.4","ARRI ALEXA 35"
"15:30:08:18","A_0019C004_250528_152715_h1EI5","COOKE S4 753","753","40","T 2 3/10","3.13","3.8","-0.4","ARRI ALEXA 35"
"15:30:08:19","A_0019C004_250528_152715_h1EI5","COOKE S4 753","753","40","T 2 3/10","3.13","3.8","-0.4","ARRI ALEXA 35"
"15:30:08:20","A_0019C004_250528_152715_h1EI5","COOKE S4 753","753","40","T 2 3/10","3.13","3.8","-0.4","ARRI ALEXA 35"
"15:30:08:21","A_0019C004_250528_152715_h1EI5","COOKE S4 753","753","40","T 2 3/10","3.13","3.8","-0.4","ARRI ALEXA 35"
"15:30:08:22","A_0019C004_250528_152715_h1EI5","COOKE S4 753","753","40","T 2 3/10","3.13","3.8","-0.4","ARRI ALEXA 35"
"15:30:08:23","A_0019C004_250528_152715_h1EI5","COOKE S4 753","753","40","T 2 3/10","3.127","3.8","-0.4","ARRI ALEXA 35"
"15:30:09:00","A_0019C004_250528_152715_h1EI5","COOKE S4 753","753","40","T 2 3/10","3.127","3.8","-0.4","ARRI ALEXA 35"
"15:30:09:01","A_0019C004_250528_152715_h1EI5","COOKE S4 753","753","40","T 2 3/10","3.127","3.8","-0.4","ARRI ALEXA 35"
"15:30:09:02","A_0019C004_250528_152715_h1EI5","COOKE S4 753","753","40","T 2 3/10","3.127","3.8","-0.4","ARRI ALEXA 35"
"15:30:09:03","A_0019C004_250528_152715_h1EI5","COOKE S4 753","753","40","T 2 3/10","3.127","3.8","-0.4","ARRI ALEXA 35"
"15:30:09:04","A_0019C004_250528_152715_h1EI5","COOKE S4 753","753","40","T 2 3/10","3.127","3.8","-0.4","ARRI ALEXA 35"
"15:30:09:05","A_0019C004_250528_152715_h1EI5","COOKE S4 753","753","40","T 2 3/10","3.127","3.8","-0.4","ARRI ALEXA 35"
"15:30:09:06","A_0019C004_250528_152715_h1EI5","COOKE S4 753","753","40","T 2 3/10","3.127","3.8","-0.4","ARRI ALEXA 35"
"15:30:09:07","A_0019C004_250528_152715_h1EI5","COOKE S4 753","753","40","T 2 3/10","3.123","3.8","-0.4","ARRI ALEXA 35"
"15:30:09:08","A_0019C004_250528_152715_h1EI5","COOKE S4 753","753","40","T 2 3/10","3.123","3.8","-0.4","ARRI ALEXA 35"
"15:30:09:09","A_0019C004_250528_152715_h1EI5","COOKE S4 753","753","40","T 2 3/10","3.123","3.8","-0.4","ARRI ALEXA 35"
"15:30:09:10","A_0019C004_250528_152715_h1EI5","COOKE S4 753","753","40","T 2 3/10","3.123","3.8","-0.4","ARRI ALEXA 35"
"15:30:09:11","A_0019C004_250528_152715_h1EI5","COOKE S4 753","753","40","T 2 3/10","3.123","3.8","-0.4","ARRI ALEXA 35"
"15:30:09:12","A_0019C004_250528_152715_h1EI5","COOKE S4 753","753","40","T 2 3/10","3.123","3.8","-0.4","ARRI ALEXA 35"
"15:30:09:13","A_0019C004_250528_152715_h1EI5","COOKE S4 753","753","40","T 2 3/10","3.123","3.8","-0.4","ARRI ALEXA 35"
"15:30:09:14","A_0019C004_250528_152715_h1EI5","COOKE S4 753","753","40","T 2 3/10","3.123","3.8","-0.4","ARRI ALEXA 35"
"15:30:09:15","A_0019C004_250528_152715_h1EI5","COOKE S4 753","753","40","T 2 3/10","3.123","3.8","-0.4","ARRI ALEXA 35"
"15:30:09:16","A_0019C004_250528_152715_h1EI5","COOKE S4 753","753","40","T 2 3/10","3.123","3.8","-0.4","ARRI ALEXA 35"
"15:30:09:17","A_0019C004_250528_152715_h1EI5","COOKE S4 753","753","40","T 2 3/10","3.123","3.8","-0.4","ARRI ALEXA 35"
"15:30:09:18","A_0019C004_250528_152715_h1EI5","COOKE S4 753","753","40","T 2 3/10","3.123","3.8","-0.4","ARRI ALEXA 35"
"15:30:09:19","A_0019C004_250528_152715_h1EI5","COOKE S4 753","753","40","T 2 3/10","3.123","3.8","-0.4","ARRI ALEXA 35"
"15:30:09:20","A_0019C004_250528_152715_h1EI5","COOKE S4 753","753","40","T 2 3/10","3.123","3.8","-0.4","ARRI ALEXA 35"
"15:30:09:21","A_0019C004_250528_152715_h1EI5","COOKE S4 753","753","40","T 2 3/10","3.123","3.8","-0.4","ARRI ALEXA 35"
"15:30:09:22","A_0019C004_250528_152715_h1EI5","COOKE S4 753","753","40","T 2 3/10","3.123","3.8","-0.4","ARRI ALEXA 35"
"15:30:09:23","A_0019C004_250528_152715_h1EI5","COOKE S4 753","753","40","T 2 3/10","3.123","3.8","-0.4","ARRI ALEXA 35"
"15:30:10:00","A_0019C004_250528_152715_h1EI5","COOKE S4 753","753","40","T 2 3/10","3.12","3.8","-0.4","ARRI ALEXA 35"
"15:30:10:01","A_0019C004_250528_152715_h1EI5","COOKE S4 753","753","40","T 2 3/10","3.117","3.8","-0.4","ARRI ALEXA 35"
"15:30:10:02","A_0019C004_250528_152715_h1EI5","COOKE S4 753","753","40","T 2 3/10","3.117","3.8","-0.4","ARRI ALEXA 35"
"15:30:10:03","A_0019C004_250528_152715_h1EI5","COOKE S4 753","753","40","T 2 3/10","3.114","3.8","-0.4","ARRI ALEXA 35"
"15:30:10:04","A_0019C004_250528_152715_h1EI5","COOKE S4 753","753","40","T 2 3/10","3.114","3.8","-0.4","ARRI ALEXA 35"
"15:30:10:05","A_0019C004_250528_152715_h1EI5","COOKE S4 753","753","40","T 2 3/10","3.114","3.8","-0.4","ARRI ALEXA 35"
"15:30:10:06","A_0019C004_250528_152715_h1EI5","COOKE S4 753","753","40","T 2 3/10","3.114","3.8","-0.4","ARRI ALEXA 35"
"15:30:10:07","A_0019C004_250528_152715_h1EI5","COOKE S4 753","753","40","T 2 3/10","3.114","3.8","-0.4","ARRI ALEXA 35"
"15:30:10:08","A_0019C004_250528_152715_h1EI5","COOKE S4 753","753","40","T 2 3/10","3.114","3.8","-0.4","ARRI ALEXA 35"
"15:30:10:09","A_0019C004_250528_152715_h1EI5","COOKE S4 753","753","40","T 2 3/10","3.114","3.8","-0.4","ARRI ALEXA 35"
"15:30:10:10","A_0019C004_250528_152715_h1EI5","COOKE S4 753","753","40","T 2 3/10","3.114","3.8","-0.4","ARRI ALEXA 35"
"15:30:10:11","A_0019C004_250528_152715_h1EI5","COOKE S4 753","753","40","T 2 3/10","3.114","3.8","-0.4","ARRI ALEXA 35"
"15:30:10:12","A_0019C004_250528_152715_h1EI5","COOKE S4 753","753","40","T 2 3/10","3.114","3.8","-0.4","ARRI ALEXA 35"
"15:30:10:13","A_0019C004_250528_152715_h1EI5","COOKE S4 753","753","40","T 2 3/10","3.114","3.8","-0.4","ARRI ALEXA 35"
"15:30:10:14","A_0019C004_250528_152715_h1EI5","COOKE S4 753","753","40","T 2 3/10","3.114","3.8","-0.4","ARRI ALEXA 35"
"15:30:10:15","A_0019C004_250528_152715_h1EI5","COOKE S4 753","753","40","T 2 3/10","3.114","3.8","-0.4","ARRI ALEXA 35"
"15:30:10:16","A_0019C004_250528_152715_h1EI5","COOKE S4 753","753","40","T 2 3/10","3.114","3.8","-0.4","ARRI ALEXA 35"
"15:30:10:17","A_0019C004_250528_152715_h1EI5","COOKE S4 753","753","40","T 2 3/10","3.114","3.8","-0.4","ARRI ALEXA 35"
"15:30:10:18","A_0019C004_250528_152715_h1EI5","COOKE S4 753","753","40","T 2 3/10","3.114","3.8","-0.4","ARRI ALEXA 35"
"15:30:10:19","A_0019C004_250528_152715_h1EI5","COOKE S4 753","753","40","T 2 3/10","3.114","3.8","-0.4","ARRI ALEXA 35"
"15:30:10:20","A_0019C004_250528_152715_h1EI5","COOKE S4 753","753","40","T 2 3/10","3.114","3.8","-0.4","ARRI ALEXA 35"
"15:30:10:21","A_0019C004_250528_152715_h1EI5","COOKE S4 753","753","40","T 2 3/10","3.114","3.8","-0.4","ARRI ALEXA 35"
"15:30:10:22","A_0019C004_250528_152715_h1EI5","COOKE S4 753","753","40","T 2 3/10","3.114","3.9","-0.4","ARRI ALEXA 35"
"15:30:10:23","A_0019C004_250528_152715_h1EI5","COOKE S4 753","753","40","T 2 3/10","3.114","3.9","-0.4","ARRI ALEXA 35"
"15:30:11:00","A_0019C004_250528_152715_h1EI5","COOKE S4 753","753","40","T 2 3/10","3.114","3.9","-0.4","ARRI ALEXA 35"
"15:30:11:01","A_0019C004_250528_152715_h1EI5","COOKE S4 753","753","40","T 2 3/10","3.114","3.9","-0.4","ARRI ALEXA 35"
"15:30:11:02","A_0019C004_250528_152715_h1EI5","COOKE S4 753","753","40","T 2 3/10","3.114","3.9","-0.4","ARRI ALEXA 35"
"15:30:11:03","A_0019C004_250528_152715_h1EI5","COOKE S4 753","753","40","T 2 3/10","3.114","4","-0.4","ARRI ALEXA 35"
"15:30:11:04","A_0019C004_250528_152715_h1EI5","COOKE S4 753","753","40","T 2 3/10","3.114","4","-0.4","ARRI ALEXA 35"
"15:30:11:05","A_0019C004_250528_152715_h1EI5","COOKE S4 753","753","40","T 2 3/10","3.114","4","-0.4","ARRI ALEXA 35"
"15:30:11:06","A_0019C004_250528_152715_h1EI5","COOKE S4 753","753","40","T 2 3/10","3.114","4","-0.4","ARRI ALEXA 35"
"15:30:11:07","A_0019C004_250528_152715_h1EI5","COOKE S4 753","753","40","T 2 3/10","3.114","4","-0.4","ARRI ALEXA 35"
"15:30:11:08","A_0019C004_250528_152715_h1EI5","COOKE S4 753","753","40","T 2 3/10","3.114","4","-0.4","ARRI ALEXA 35"
"15:30:11:09","A_0019C004_250528_152715_h1EI5","COOKE S4 753","753","40","T 2 3/10","3.114","4","-0.4","ARRI ALEXA 35"
"15:30:11:10","A_0019C004_250528_152715_h1EI5","COOKE S4 753","753","40","T 2 3/10","3.11","4","-0.4","ARRI ALEXA 35"
"15:30:11:11","A_0019C004_250528_152715_h1EI5","COOKE S4 753","753","40","T 2 3/10","3.107","4","-0.4","ARRI ALEXA 35"
"15:30:11:12","A_0019C004_250528_152715_h1EI5","COOKE S4 753","753","40","T 2 3/10","3.1","4","-0.4","ARRI ALEXA 35"
"15:30:11:13","A_0019C004_250528_152715_h1EI5","COOKE S4 753","753","40","T 2 3/10","3.1","4","-0.4","ARRI ALEXA 35"
"15:30:11:14","A_0019C004_250528_152715_h1EI5","COOKE S4 753","753","40","T 2 3/10","3.094","4","-0.4","ARRI ALEXA 35"
"15:30:11:15","A_0019C004_250528_152715_h1EI5","COOKE S4 753","753","40","T 2 3/10","3.094","4","-0.4","ARRI ALEXA 35"
"15:30:11:16","A_0019C004_250528_152715_h1EI5","COOKE S4 753","753","40","T 2 3/10","3.094","4","-0.4","ARRI ALEXA 35"
"15:30:11:17","A_0019C004_250528_152715_h1EI5","COOKE S4 753","753","40","T 2 3/10","3.094","4","-0.4","ARRI ALEXA 35"
"15:30:11:18","A_0019C004_250528_152715_h1EI5","COOKE S4 753","753","40","T 2 3/10","3.094","4","-0.4","ARRI ALEXA 35"
"15:30:11:19","A_0019C004_250528_152715_h1EI5","COOKE S4 753","753","40","T 2 3/10","3.094","4","-0.4","ARRI ALEXA 35"
"15:30:11:20","A_0019C004_250528_152715_h1EI5","COOKE S4 753","753","40","T 2 3/10","3.094","4","-0.4","ARRI ALEXA 35"
"15:30:11:21","A_0019C004_250528_152715_h1EI5","COOKE S4 753","753","40","T 2 3/10","3.094","4","-0.4","ARRI ALEXA 35"
"15:30:11:22","A_0019C004_250528_152715_h1EI5","COOKE S4 753","753","40","T 2 3/10","3.1","4","-0.4","ARRI ALEXA 35"
"15:30:11:23","A_0019C004_250528_152715_h1EI5","COOKE S4 753","753","40","T 2 3/10","3.1","4","-0.4","ARRI ALEXA 35"
"15:30:12:00","A_0019C004_250528_152715_h1EI5","COOKE S4 753","753","40","T 2 3/10","3.1","4","-0.4","ARRI ALEXA 35"
"15:30:12:01","A_0019C004_250528_152715_h1EI5","COOKE S4 753","753","40","T 2 3/10","3.1","4","-0.4","ARRI ALEXA 35"
"15:30:12:02","A_0019C004_250528_152715_h1EI5","COOKE S4 753","753","40","T 2 3/10","3.1","4","-0.4","ARRI ALEXA 35"
"15:30:12:03","A_0019C004_250528_152715_h1EI5","COOKE S4 753","753","40","T 2 3/10","3.1","4","-0.4","ARRI ALEXA 35"
"15:30:12:04","A_0019C004_250528_152715_h1EI5","COOKE S4 753","753","40","T 2 3/10","3.1","4","-0.4","ARRI ALEXA 35"
"15:30:12:05","A_0019C004_250528_152715_h1EI5","COOKE S4 753","753","40","T 2 3/10","3.1","4","-0.4","ARRI ALEXA 35"
"15:30:12:06","A_0019C004_250528_152715_h1EI5","COOKE S4 753","753","40","T 2 3/10","3.1","4","-0.4","ARRI ALEXA 35"
"15:30:12:07","A_0019C004_250528_152715_h1EI5","COOKE S4 753","753","40","T 2 3/10","3.1","4","-0.4","ARRI ALEXA 35"
"15:30:12:08","A_0019C004_250528_152715_h1EI5","COOKE S4 753","753","40","T 2 3/10","3.1","4","-0.4","ARRI ALEXA 35"
"15:30:12:09","A_0019C004_250528_152715_h1EI5","COOKE S4 753","753","40","T 2 3/10","3.1","4","-0.4","ARRI ALEXA 35"
"15:30:12:10","A_0019C004_250528_152715_h1EI5","COOKE S4 753","753","40","T 2 3/10","3.1","4","-0.4","ARRI ALEXA 35"
"15:30:12:11","A_0019C004_250528_152715_h1EI5","COOKE S4 753","753","40","T 2 3/10","3.1","4","-0.4","ARRI ALEXA 35"
"15:30:12:12","A_0019C004_250528_152715_h1EI5","COOKE S4 753","753","40","T 2 3/10","3.1","4","-0.4","ARRI ALEXA 35"
"15:30:12:13","A_0019C004_250528_152715_h1EI5","COOKE S4 753","753","40","T 2 3/10","3.1","4","-0.4","ARRI ALEXA 35"
"15:30:12:14","A_0019C004_250528_152715_h1EI5","COOKE S4 753","753","40","T 2 3/10","3.1","4","-0.4","ARRI ALEXA 35"
"15:30:12:15","A_0019C004_250528_152715_h1EI5","COOKE S4 753","753","40","T 2 3/10","3.1","4","-0.4","ARRI ALEXA 35"
"15:30:12:16","A_0019C004_250528_152715_h1EI5","COOKE S4 753","753","40","T 2 3/10","3.1","4","-0.4","ARRI ALEXA 35"
"15:30:12:17","A_0019C004_250528_152715_h1EI5","COOKE S4 753","753","40","T 2 3/10","3.1","4","-0.4","ARRI ALEXA 35"
"15:30:12:18","A_0019C004_250528_152715_h1EI5","COOKE S4 753","753","40","T 2 3/10","3.1","4","-0.4","ARRI ALEXA 35"
"15:30:12:19","A_0019C004_250528_152715_h1EI5","COOKE S4 753","753","40","T 2 3/10","3.1","4","-0.4","ARRI ALEXA 35"
"15:30:12:20","A_0019C004_250528_152715_h1EI5","COOKE S4 753","753","40","T 2 3/10","3.1","4","-0.4","ARRI ALEXA 35"
"15:30:12:21","A_0019C004_250528_152715_h1EI5","COOKE S4 753","753","40","T 2 3/10","3.1","4","-0.4","ARRI ALEXA 35"
"15:30:12:22","A_0019C004_250528_152715_h1EI5","COOKE S4 753","753","40","T 2 3/10","3.1","4","-0.4","ARRI ALEXA 35"
"15:30:12:23","A_0019C004_250528_152715_h1EI5","COOKE S4 753","753","40","T 2 3/10","3.1","4","-0.4","ARRI ALEXA 35"
"15:30:13:00","A_0019C004_250528_152715_h1EI5","COOKE S4 753","753","40","T 2 3/10","3.1","4","-0.4","ARRI ALEXA 35"
"15:30:13:01","A_0019C004_250528_152715_h1EI5","COOKE S4 753","753","40","T 2 3/10","3.1","4","-0.4","ARRI ALEXA 35"
"15:30:13:02","A_0019C004_250528_152715_h1EI5","COOKE S4 753","753","40","T 2 3/10","3.1","4","-0.4","ARRI ALEXA 35"
"15:30:13:03","A_0019C004_250528_152715_h1EI5","COOKE S4 753","753","40","T 2 3/10","3.1","4","-0.4","ARRI ALEXA 35"
"15:30:13:04","A_0019C004_250528_152715_h1EI5","COOKE S4 753","753","40","T 2 3/10","3.1","4","-0.4","ARRI ALEXA 35"
"15:30:13:05","A_0019C004_250528_152715_h1EI5","COOKE S4 753","753","40","T 2 3/10","3.1","4","-0.4","ARRI ALEXA 35"
"15:30:13:06","A_0019C004_250528_152715_h1EI5","COOKE S4 753","753","40","T 2 3/10","3.1","4","-0.4","ARRI ALEXA 35"
"15:30:13:07","A_0019C004_250528_152715_h1EI5","COOKE S4 753","753","40","T 2 3/10","3.1","4","-0.4","ARRI ALEXA 35"
"15:30:13:08","A_0019C004_250528_152715_h1EI5","COOKE S4 753","753","40","T 2 3/10","3.1","4","-0.4","ARRI ALEXA 35"
"15:30:13:09","A_0019C004_250528_152715_h1EI5","COOKE S4 753","753","40","T 2 3/10","3.1","4","-0.4","ARRI ALEXA 35"
"15:30:13:10","A_0019C004_250528_152715_h1EI5","COOKE S4 753","753","40","T 2 3/10","3.1","4","-0.4","ARRI ALEXA 35"
"15:30:13:11","A_0019C004_250528_152715_h1EI5","COOKE S4 753","753","40","T 2 3/10","3.1","4","-0.4","ARRI ALEXA 35"
"15:30:13:12","A_0019C004_250528_152715_h1EI5","COOKE S4 753","753","40","T 2 3/10","3.1","4","-0.4","ARRI ALEXA 35"
"15:30:13:13","A_0019C004_250528_152715_h1EI5","COOKE S4 753","753","40","T 2 3/10","3.1","4","-0.4","ARRI ALEXA 35"
"15:30:13:14","A_0019C004_250528_152715_h1EI5","COOKE S4 753","753","40","T 2 3/10","3.1","4","-0.4","ARRI ALEXA 35"
"15:30:13:15","A_0019C004_250528_152715_h1EI5","COOKE S4 753","753","40","T 2 3/10","3.1","4","-0.4","ARRI ALEXA 35"
"15:30:13:16","A_0019C004_250528_152715_h1EI5","COOKE S4 753","753","40","T 2 3/10","3.1","4","-0.4","ARRI ALEXA 35"
"15:30:13:17","A_0019C004_250528_152715_h1EI5","COOKE S4 753","753","40","T 2 3/10","3.1","4","-0.4","ARRI ALEXA 35"
"15:30:13:18","A_0019C004_250528_152715_h1EI5","COOKE S4 753","753","40","T 2 3/10","3.104","4","-0.4","ARRI ALEXA 35"
"15:30:13:19","A_0019C004_250528_152715_h1EI5","COOKE S4 753","753","40","T 2 3/10","3.107","4","-0.4","ARRI ALEXA 35"
"15:30:13:20","A_0019C004_250528_152715_h1EI5","COOKE S4 753","753","40","T 2 3/10","3.107","4","-0.4","ARRI ALEXA 35"
"15:30:13:21","A_0019C004_250528_152715_h1EI5","COOKE S4 753","753","40","T 2 3/10","3.11","4","-0.4","ARRI ALEXA 35"
"15:30:13:22","A_0019C004_250528_152715_h1EI5","COOKE S4 753","753","40","T 2 3/10","3.11","4","-0.4","ARRI ALEXA 35"
"15:30:13:23","A_0019C004_250528_152715_h1EI5","COOKE S4 753","753","40","T 2 3/10","3.11","4","-0.4","ARRI ALEXA 35"
"15:30:14:00","A_0019C004_250528_152715_h1EI5","COOKE S4 753","753","40","T 2 3/10","3.11","4","-0.4","ARRI ALEXA 35"
"15:30:14:01","A_0019C004_250528_152715_h1EI5","COOKE S4 753","753","40","T 2 3/10","3.11","4","-0.4","ARRI ALEXA 35"
"15:30:14:02","A_0019C004_250528_152715_h1EI5","COOKE S4 753","753","40","T 2 3/10","3.11","4","-0.4","ARRI ALEXA 35"
"15:30:14:03","A_0019C004_250528_152715_h1EI5","COOKE S4 753","753","40","T 2 3/10","3.11","4","-0.4","ARRI ALEXA 35"
"15:30:14:04","A_0019C004_250528_152715_h1EI5","COOKE S4 753","753","40","T 2 3/10","3.11","4","-0.4","ARRI ALEXA 35"
"15:30:14:05","A_0019C004_250528_152715_h1EI5","COOKE S4 753","753","40","T 2 3/10","3.11","4","-0.4","ARRI ALEXA 35"
"15:30:14:06","A_0019C004_250528_152715_h1EI5","COOKE S4 753","753","40","T 2 3/10","3.11","4","-0.4","ARRI ALEXA 35"
"15:30:14:07","A_0019C004_250528_152715_h1EI5","COOKE S4 753","753","40","T 2 3/10","3.11","4","-0.4","ARRI ALEXA 35"
"15:30:14:08","A_0019C004_250528_152715_h1EI5","COOKE S4 753","753","40","T 2 3/10","3.114","4","-0.4","ARRI ALEXA 35"
"15:30:14:09","A_0019C004_250528_152715_h1EI5","COOKE S4 753","753","40","T 2 3/10","3.114","4","-0.4","ARRI ALEXA 35"
"15:30:14:10","A_0019C004_250528_152715_h1EI5","COOKE S4 753","753","40","T 2 3/10","3.114","4","-0.4","ARRI ALEXA 35"
"15:30:14:11","A_0019C004_250528_152715_h1EI5","COOKE S4 753","753","40","T 2 3/10","3.114","4","-0.4","ARRI ALEXA 35"
"15:30:14:12","A_0019C004_250528_152715_h1EI5","COOKE S4 753","753","40","T 2 3/10","3.114","4","-0.4","ARRI ALEXA 35"
"15:30:14:13","A_0019C004_250528_152715_h1EI5","COOKE S4 753","753","40","T 2 3/10","3.114","4","-0.4","ARRI ALEXA 35"
"15:30:14:14","A_0019C004_250528_152715_h1EI5","COOKE S4 753","753","40","T 2 3/10","3.114","4","-0.4","ARRI ALEXA 35"
"15:30:14:15","A_0019C004_250528_152715_h1EI5","COOKE S4 753","753","40","T 2 3/10","3.114","4","-0.4","ARRI ALEXA 35"
"15:30:14:16","A_0019C004_250528_152715_h1EI5","COOKE S4 753","753","40","T 2 3/10","3.114","4","-0.4","ARRI ALEXA 35"
"15:30:14:17","A_0019C004_250528_152715_h1EI5","COOKE S4 753","753","40","T 2 3/10","3.114","4","-0.4","ARRI ALEXA 35"
"15:30:14:18","A_0019C004_250528_152715_h1EI5","COOKE S4 753","753","40","T 2 3/10","3.114","4","-0.4","ARRI ALEXA 35"
"15:30:14:19","A_0019C004_250528_152715_h1EI5","COOKE S4 753","753","40","T 2 3/10","3.114","4","-0.4","ARRI ALEXA 35"
"15:30:14:20","A_0019C004_250528_152715_h1EI5","COOKE S4 753","753","40","T 2 3/10","3.114","4","-0.4","ARRI ALEXA 35"
"15:30:14:21","A_0019C004_250528_152715_h1EI5","COOKE S4 753","753","40","T 2 3/10","3.114","4","-0.4","ARRI ALEXA 35"
"15:30:14:22","A_0019C004_250528_152715_h1EI5","COOKE S4 753","753","40","T 2 3/10","3.104","4","-0.4","ARRI ALEXA 35"
"15:30:14:23","A_0019C004_250528_152715_h1EI5","COOKE S4 753","753","40","T 2 3/10","3.094","4","-0.4","ARRI ALEXA 35"
"15:30:15:00","A_0019C004_250528_152715_h1EI5","COOKE S4 753","753","40","T 2 3/10","3.094","4","-0.4","ARRI ALEXA 35"
"15:30:15:01","A_0019C004_250528_152715_h1EI5","COOKE S4 753","753","40","T 2 3/10","3.094","4","-0.4","ARRI ALEXA 35"
"15:30:15:02","A_0019C004_250528_152715_h1EI5","COOKE S4 753","753","40","T 2 3/10","3.094","4","-0.4","ARRI ALEXA 35"
"15:30:15:03","A_0019C004_250528_152715_h1EI5","COOKE S4 753","753","40","T 2 3/10","3.094","4","-0.4","ARRI ALEXA 35"
"15:30:15:04","A_0019C004_250528_152715_h1EI5","COOKE S4 753","753","40","T 2 3/10","3.094","4","-0.4","ARRI ALEXA 35"
"15:30:15:05","A_0019C004_250528_152715_h1EI5","COOKE S4 753","753","40","T 2 3/10","3.094","4","-0.4","ARRI ALEXA 35"
"15:30:15:06","A_0019C004_250528_152715_h1EI5","COOKE S4 753","753","40","T 2 3/10","3.094","4","-0.4","ARRI ALEXA 35"
"15:30:15:07","A_0019C004_250528_152715_h1EI5","COOKE S4 753","753","40","T 2 3/10","3.094","4","-0.4","ARRI ALEXA 35"
"15:30:15:08","A_0019C004_250528_152715_h1EI5","COOKE S4 753","753","40","T 2 3/10","3.094","4","-0.4","ARRI ALEXA 35"
"15:30:15:09","A_0019C004_250528_152715_h1EI5","COOKE S4 753","753","40","T 2 3/10","3.097","4","-0.4","ARRI ALEXA 35"
"15:30:15:10","A_0019C004_250528_152715_h1EI5","COOKE S4 753","753","40","T 2 3/10","3.097","4","-0.4","ARRI ALEXA 35"
"15:30:15:11","A_0019C004_250528_152715_h1EI5","COOKE S4 753","753","40","T 2 3/10","3.097","4","-0.4","ARRI ALEXA 35"
"15:30:15:12","A_0019C004_250528_152715_h1EI5","COOKE S4 753","753","40","T 2 3/10","3.097","4","-0.4","ARRI ALEXA 35"
"15:30:15:13","A_0019C004_250528_152715_h1EI5","COOKE S4 753","753","40","T 2 3/10","3.097","4","-0.4","ARRI ALEXA 35"
"15:30:15:14","A_0019C004_250528_152715_h1EI5","COOKE S4 753","753","40","T 2 3/10","3.1","4","-0.4","ARRI ALEXA 35"
"15:30:15:15","A_0019C004_250528_152715_h1EI5","COOKE S4 753","753","40","T 2 3/10","3.1","4","-0.4","ARRI ALEXA 35"
"15:30:15:16","A_0019C004_250528_152715_h1EI5","COOKE S4 753","753","40","T 2 3/10","3.1","4","-0.4","ARRI ALEXA 35"
"15:30:15:17","A_0019C004_250528_152715_h1EI5","COOKE S4 753","753","40","T 2 3/10","3.1","4","-0.4","ARRI ALEXA 35"
"15:30:15:18","A_0019C004_250528_152715_h1EI5","COOKE S4 753","753","40","T 2 3/10","3.1","4","-0.4","ARRI ALEXA 35"
"15:30:15:19","A_0019C004_250528_152715_h1EI5","COOKE S4 753","753","40","T 2 3/10","3.1","4","-0.4","ARRI ALEXA 35"
"15:30:15:20","A_0019C004_250528_152715_h1EI5","COOKE S4 753","753","40","T 2 3/10","3.1","4","-0.4","ARRI ALEXA 35"
"15:30:15:21","A_0019C004_250528_152715_h1EI5","COOKE S4 753","753","40","T 2 3/10","3.1","4","-0.4","ARRI ALEXA 35"
"15:30:15:22","A_0019C004_250528_152715_h1EI5","COOKE S4 753","753","40","T 2 3/10","3.1","4","-0.4","ARRI ALEXA 35"
"15:30:15:23","A_0019C004_250528_152715_h1EI5","COOKE S4 753","753","40","T 2 3/10","3.1","4","-0.4","ARRI ALEXA 35"
"15:30:16:00","A_0019C004_250528_152715_h1EI5","COOKE S4 753","753","40","T 2 3/10","3.1","4","-0.4","ARRI ALEXA 35"
"15:30:16:01","A_0019C004_250528_152715_h1EI5","COOKE S4 753","753","40","T 2 3/10","3.1","4","-0.4","ARRI ALEXA 35"
"15:30:16:02","A_0019C004_250528_152715_h1EI5","COOKE S4 753","753","40","T 2 3/10","3.1","4","-0.4","ARRI ALEXA 35"
"15:30:16:03","A_0019C004_250528_152715_h1EI5","COOKE S4 753","753","40","T 2 3/10","3.1","4","-0.4","ARRI ALEXA 35"
"15:30:16:04","A_0019C004_250528_152715_h1EI5","COOKE S4 753","753","40","T 2 3/10","3.1","4","-0.4","ARRI ALEXA 35"
"15:30:16:05","A_0019C004_250528_152715_h1EI5","COOKE S4 753","753","40","T 2 3/10","3.1","4","-0.4","ARRI ALEXA 35"
"15:30:16:06","A_0019C004_250528_152715_h1EI5","COOKE S4 753","753","40","T 2 3/10","3.1","4","-0.4","ARRI ALEXA 35"
"15:30:16:07","A_0019C004_250528_152715_h1EI5","COOKE S4 753","753","40","T 2 3/10","3.1","4","-0.4","ARRI ALEXA 35"
"15:30:16:08","A_0019C004_250528_152715_h1EI5","COOKE S4 753","753","40","T 2 3/10","3.1","4","-0.4","ARRI ALEXA 35"
"15:30:16:09","A_0019C004_250528_152715_h1EI5","COOKE S4 753","753","40","T 2 3/10","3.1","4","-0.4","ARRI ALEXA 35"
"15:30:16:10","A_0019C004_250528_152715_h1EI5","COOKE S4 753","753","40","T 2 3/10","3.1","4","-0.4","ARRI ALEXA 35"
"15:30:16:11","A_0019C004_250528_152715_h1EI5","COOKE S4 753","753","40","T 2 3/10","3.1","4","-0.4","ARRI ALEXA 35"
"15:30:16:12","A_0019C004_250528_152715_h1EI5","COOKE S4 753","753","40","T 2 3/10","3.1","4","-0.4","ARRI ALEXA 35"
"15:30:16:13","A_0019C004_250528_152715_h1EI5","COOKE S4 753","753","40","T 2 3/10","3.1","4","-0.4","ARRI ALEXA 35"
"15:30:16:14","A_0019C004_250528_152715_h1EI5","COOKE S4 753","753","40","T 2 3/10","3.1","4","-0.4","ARRI ALEXA 35"
"15:30:16:15","A_0019C004_250528_152715_h1EI5","COOKE S4 753","753","40","T 2 3/10","3.1","4","-0.4","ARRI ALEXA 35"
"15:30:16:16","A_0019C004_250528_152715_h1EI5","COOKE S4 753","753","40","T 2 3/10","3.1","4","-0.4","ARRI ALEXA 35"
"15:30:16:17","A_0019C004_250528_152715_h1EI5","COOKE S4 753","753","40","T 2 3/10","3.1","4","-0.4","ARRI ALEXA 35"
"15:30:16:18","A_0019C004_250528_152715_h1EI5","COOKE S4 753","753","40","T 2 3/10","3.1","4","-0.4","ARRI ALEXA 35"
"15:30:16:19","A_0019C004_250528_152715_h1EI5","COOKE S4 753","753","40","T 2 3/10","3.1","4","-0.4","ARRI ALEXA 35"
"15:30:16:20","A_0019C004_250528_152715_h1EI5","COOKE S4 753","753","40","T 2 3/10","3.1","4","-0.4","ARRI ALEXA 35"
"15:30:16:21","A_0019C004_250528_152715_h1EI5","COOKE S4 753","753","40","T 2 3/10","3.1","4","-0.4","ARRI ALEXA 35"
"15:30:16:22","A_0019C004_250528_152715_h1EI5","COOKE S4 753","753","40","T 2 3/10","3.1","4","-0.4","ARRI ALEXA 35"
"15:30:16:23","A_0019C004_250528_152715_h1EI5","COOKE S4 753","753","40","T 2 3/10","3.1","4","-0.4","ARRI ALEXA 35"
"15:30:17:00","A_0019C004_250528_152715_h1EI5","COOKE S4 753","753","40","T 2 3/10","3.1","4","-0.4","ARRI ALEXA 35"
"15:30:17:01","A_0019C004_250528_152715_h1EI5","COOKE S4 753","753","40","T 2 3/10","3.1","4","-0.4","ARRI ALEXA 35"
"15:30:17:02","A_0019C004_250528_152715_h1EI5","COOKE S4 753","753","40","T 2 3/10","3.1","4","-0.4","ARRI ALEXA 35"
"15:30:17:03","A_0019C004_250528_152715_h1EI5","COOKE S4 753","753","40","T 2 3/10","3.1","4","-0.4","ARRI ALEXA 35"
"15:30:17:04","A_0019C004_250528_152715_h1EI5","COOKE S4 753","753","40","T 2 3/10","3.1","4","-0.4","ARRI ALEXA 35"
"15:30:17:05","A_0019C004_250528_152715_h1EI5","COOKE S4 753","753","40","T 2 3/10","3.1","4","-0.4","ARRI ALEXA 35"
"15:30:17:06","A_0019C004_250528_152715_h1EI5","COOKE S4 753","753","40","T 2 3/10","3.1","4","-0.4","ARRI ALEXA 35"
"15:30:17:07","A_0019C004_250528_152715_h1EI5","COOKE S4 753","753","40","T 2 3/10","3.1","4","-0.4","ARRI ALEXA 35"
"15:30:17:08","A_0019C004_250528_152715_h1EI5","COOKE S4 753","753","40","T 2 3/10","3.1","4","-0.4","ARRI ALEXA 35"
"15:30:17:09","A_0019C004_250528_152715_h1EI5","COOKE S4 753","753","40","T 2 3/10","3.1","4","-0.4","ARRI ALEXA 35"
"15:30:17:10","A_0019C004_250528_152715_h1EI5","COOKE S4 753","753","40","T 2 3/10","3.1","4","-0.4","ARRI ALEXA 35"
"15:30:17:11","A_0019C004_250528_152715_h1EI5","COOKE S4 753","753","40","T 2 3/10","3.1","4","-0.4","ARRI ALEXA 35"
"15:30:17:12","A_0019C004_250528_152715_h1EI5","COOKE S4 753","753","40","T 2 3/10","3.1","4","-0.4","ARRI ALEXA 35"
"15:30:17:13","A_0019C004_250528_152715_h1EI5","COOKE S4 753","753","40","T 2 3/10","3.1","4","-0.4","ARRI ALEXA 35"
"15:30:17:14","A_0019C004_250528_152715_h1EI5","COOKE S4 753","753","40","T 2 3/10","3.1","4","-0.4","ARRI ALEXA 35"
"15:30:17:15","A_0019C004_250528_152715_h1EI5","COOKE S4 753","753","40","T 2 3/10","3.1","4","-0.4","ARRI ALEXA 35"
"15:30:17:16","A_0019C004_250528_152715_h1EI5","COOKE S4 753","753","40","T 2 3/10","3.104","4","-0.4","ARRI ALEXA 35"
"15:30:17:17","A_0019C004_250528_152715_h1EI5","COOKE S4 753","753","40","T 2 3/10","3.107","4","-0.4","ARRI ALEXA 35"
"15:30:17:18","A_0019C004_250528_152715_h1EI5","COOKE S4 753","753","40","T 2 3/10","3.11","4","-0.4","ARRI ALEXA 35"
"15:30:17:19","A_0019C004_250528_152715_h1EI5","COOKE S4 753","753","40","T 2 3/10","3.11","4","-0.4","ARRI ALEXA 35"
"15:30:17:20","A_0019C004_250528_152715_h1EI5","COOKE S4 753","753","40","T 2 3/10","3.11","4","-0.4","ARRI ALEXA 35"
"15:30:17:21","A_0019C004_250528_152715_h1EI5","COOKE S4 753","753","40","T 2 3/10","3.11","4","-0.4","ARRI ALEXA 35"
"15:30:17:22","A_0019C004_250528_152715_h1EI5","COOKE S4 753","753","40","T 2 3/10","3.11","4","-0.4","ARRI ALEXA 35"
"15:30:17:23","A_0019C004_250528_152715_h1EI5","COOKE S4 753","753","40","T 2 3/10","3.11","4","-0.4","ARRI ALEXA 35"
"15:30:18:00","A_0019C004_250528_152715_h1EI5","COOKE S4 753","753","40","T 2 3/10","3.11","4","-0.4","ARRI ALEXA 35"
"15:30:18:01","A_0019C004_250528_152715_h1EI5","COOKE S4 753","753","40","T 2 3/10","3.11","4","-0.4","ARRI ALEXA 35"
"15:30:18:02","A_0019C004_250528_152715_h1EI5","COOKE S4 753","753","40","T 2 3/10","3.11","4","-0.4","ARRI ALEXA 35"
"15:30:18:03","A_0019C004_250528_152715_h1EI5","COOKE S4 753","753","40","T 2 3/10","3.11","4","-0.4","ARRI ALEXA 35"
"15:30:18:04","A_0019C004_250528_152715_h1EI5","COOKE S4 753","753","40","T 2 3/10","3.11","4","-0.4","ARRI ALEXA 35"
"15:30:18:05","A_0019C004_250528_152715_h1EI5","COOKE S4 753","753","40","T 2 3/10","3.11","4","-0.4","ARRI ALEXA 35"
"15:30:18:06","A_0019C004_250528_152715_h1EI5","COOKE S4 753","753","40","T 2 3/10","3.11","4","-0.4","ARRI ALEXA 35"
"15:30:18:07","A_0019C004_250528_152715_h1EI5","COOKE S4 753","753","40","T 2 3/10","3.11","4","-0.4","ARRI ALEXA 35"
"15:30:18:08","A_0019C004_250528_152715_h1EI5","COOKE S4 753","753","40","T 2 3/10","3.11","4","-0.4","ARRI ALEXA 35"
"15:30:18:09","A_0019C004_250528_152715_h1EI5","COOKE S4 753","753","40","T 2 3/10","3.11","4","-0.4","ARRI ALEXA 35"
"15:30:18:10","A_0019C004_250528_152715_h1EI5","COOKE S4 753","753","40","T 2 3/10","3.11","4","-0.4","ARRI ALEXA 35"
"15:30:18:11","A_0019C004_250528_152715_h1EI5","COOKE S4 753","753","40","T 2 3/10","3.11","4","-0.4","ARRI ALEXA 35"
"15:30:18:12","A_0019C004_250528_152715_h1EI5","COOKE S4 753","753","40","T 2 3/10","3.11","4","-0.4","ARRI ALEXA 35"
"15:30:18:13","A_0019C004_250528_152715_h1EI5","COOKE S4 753","753","40","T 2 3/10","3.104","4","-0.4","ARRI ALEXA 35"
"15:30:18:14","A_0019C004_250528_152715_h1EI5","COOKE S4 753","753","40","T 2 3/10","3.097","4","-0.4","ARRI ALEXA 35"
"15:30:18:15","A_0019C004_250528_152715_h1EI5","COOKE S4 753","753","40","T 2 3/10","3.091","4","-0.4","ARRI ALEXA 35"
"15:30:18:16","A_0019C004_250528_152715_h1EI5","COOKE S4 753","753","40","T 2 3/10","3.091","4","-0.6","ARRI ALEXA 35"
"15:30:18:17","A_0019C004_250528_152715_h1EI5","COOKE S4 753","753","40","T 2 3/10","3.091","4","-0.6","ARRI ALEXA 35"
"15:30:18:18","A_0019C004_250528_152715_h1EI5","COOKE S4 753","753","40","T 2 3/10","3.091","4","-0.6","ARRI ALEXA 35"
"15:30:18:19","A_0019C004_250528_152715_h1EI5","COOKE S4 753","753","40","T 2 3/10","3.091","4","-0.6","ARRI ALEXA 35"
"15:30:18:20","A_0019C004_250528_152715_h1EI5","COOKE S4 753","753","40","T 2 3/10","3.091","4","-0.6","ARRI ALEXA 35"
"15:30:18:21","A_0019C004_250528_152715_h1EI5","COOKE S4 753","753","40","T 2 3/10","3.097","4","-0.6","ARRI ALEXA 35"
"15:30:18:22","A_0019C004_250528_152715_h1EI5","COOKE S4 753","753","40","T 2 3/10","3.097","4","-0.6","ARRI ALEXA 35"
"15:30:18:23","A_0019C004_250528_152715_h1EI5","COOKE S4 753","753","40","T 2 3/10","3.097","4","-0.6","ARRI ALEXA 35"
"15:30:19:00","A_0019C004_250528_152715_h1EI5","COOKE S4 753","753","40","T 2 3/10","3.1","4","-0.6","ARRI ALEXA 35"
"15:30:19:01","A_0019C004_250528_152715_h1EI5","COOKE S4 753","753","40","T 2 3/10","3.1","4","-0.6","ARRI ALEXA 35"
"15:30:19:02","A_0019C004_250528_152715_h1EI5","COOKE S4 753","753","40","T 2 3/10","3.1","4","-0.6","ARRI ALEXA 35"
"15:30:19:03","A_0019C004_250528_152715_h1EI5","COOKE S4 753","753","40","T 2 3/10","3.1","4","-0.6","ARRI ALEXA 35"
"15:30:19:04","A_0019C004_250528_152715_h1EI5","COOKE S4 753","753","40","T 2 3/10","3.1","4","-0.6","ARRI ALEXA 35"
"15:30:19:05","A_0019C004_250528_152715_h1EI5","COOKE S4 753","753","40","T 2 3/10","3.1","4","-0.6","ARRI ALEXA 35"
"15:30:19:06","A_0019C004_250528_152715_h1EI5","COOKE S4 753","753","40","T 2 3/10","3.1","4","-0.6","ARRI ALEXA 35"
"15:30:19:07","A_0019C004_250528_152715_h1EI5","COOKE S4 753","753","40","T 2 3/10","3.1","4","-0.6","ARRI ALEXA 35"
"15:30:19:08","A_0019C004_250528_152715_h1EI5","COOKE S4 753","753","40","T 2 3/10","3.1","4","-0.4","ARRI ALEXA 35"
"15:30:19:09","A_0019C004_250528_152715_h1EI5","COOKE S4 753","753","40","T 2 3/10","3.1","4","-0.4","ARRI ALEXA 35"
"15:30:19:10","A_0019C004_250528_152715_h1EI5","COOKE S4 753","753","40","T 2 3/10","3.1","4","-0.4","ARRI ALEXA 35"
"15:30:19:11","A_0019C004_250528_152715_h1EI5","COOKE S4 753","753","40","T 2 3/10","3.1","4","-0.4","ARRI ALEXA 35"
"15:30:19:12","A_0019C004_250528_152715_h1EI5","COOKE S4 753","753","40","T 2 3/10","3.1","4","-0.4","ARRI ALEXA 35"
"15:30:19:13","A_0019C004_250528_152715_h1EI5","COOKE S4 753","753","40","T 2 3/10","3.1","4","-0.4","ARRI ALEXA 35"
"15:30:19:14","A_0019C004_250528_152715_h1EI5","COOKE S4 753","753","40","T 2 3/10","3.1","4","-0.4","ARRI ALEXA 35"
"15:30:19:15","A_0019C004_250528_152715_h1EI5","COOKE S4 753","753","40","T 2 3/10","3.1","4","-0.4","ARRI ALEXA 35"
"15:30:19:16","A_0019C004_250528_152715_h1EI5","COOKE S4 753","753","40","T 2 3/10","3.1","4","-0.4","ARRI ALEXA 35"
"15:30:19:17","A_0019C004_250528_152715_h1EI5","COOKE S4 753","753","40","T 2 3/10","3.1","4","-0.4","ARRI ALEXA 35"
"15:30:19:18","A_0019C004_250528_152715_h1EI5","COOKE S4 753","753","40","T 2 3/10","3.1","4","-0.4","ARRI ALEXA 35"
"15:30:19:19","A_0019C004_250528_152715_h1EI5","COOKE S4 753","753","40","T 2 3/10","3.1","4","-0.4","ARRI ALEXA 35"
"15:30:19:20","A_0019C004_250528_152715_h1EI5","COOKE S4 753","753","40","T 2 3/10","3.1","4","-0.4","ARRI ALEXA 35"
"15:30:19:21","A_0019C004_250528_152715_h1EI5","COOKE S4 753","753","40","T 2 3/10","3.1","4","-0.4","ARRI ALEXA 35"
"15:30:19:22","A_0019C004_250528_152715_h1EI5","COOKE S4 753","753","40","T 2 3/10","3.1","4","-0.4","ARRI ALEXA 35"
"15:30:19:23","A_0019C004_250528_152715_h1EI5","COOKE S4 753","753","40","T 2 3/10","3.1","4","-0.4","ARRI ALEXA 35"
"15:30:20:00","A_0019C004_250528_152715_h1EI5","COOKE S4 753","753","40","T 2 3/10","3.1","4","-0.4","ARRI ALEXA 35"
"15:30:20:01","A_0019C004_250528_152715_h1EI5","COOKE S4 753","753","40","T 2 3/10","3.097","4","-0.4","ARRI ALEXA 35"
"15:30:20:02","A_0019C004_250528_152715_h1EI5","COOKE S4 753","753","40","T 2 3/10","3.097","4","-0.4","ARRI ALEXA 35"
"15:30:20:03","A_0019C004_250528_152715_h1EI5","COOKE S4 753","753","40","T 2 3/10","3.097","4","-0.4","ARRI ALEXA 35"
"15:30:20:04","A_0019C004_250528_152715_h1EI5","COOKE S4 753","753","40","T 2 3/10","3.097","4","-0.4","ARRI ALEXA 35"
"15:30:20:05","A_0019C004_250528_152715_h1EI5","COOKE S4 753","753","40","T 2 3/10","3.097","4","-0.4","ARRI ALEXA 35"
"15:30:20:06","A_0019C004_250528_152715_h1EI5","COOKE S4 753","753","40","T 2 3/10","3.097","4","-0.4","ARRI ALEXA 35"
"15:30:20:07","A_0019C004_250528_152715_h1EI5","COOKE S4 753","753","40","T 2 3/10","3.097","4","-0.4","ARRI ALEXA 35"
"15:30:20:08","A_0019C004_250528_152715_h1EI5","COOKE S4 753","753","40","T 2 3/10","3.097","3.8","-0.4","ARRI ALEXA 35"
"15:30:20:09","A_0019C004_250528_152715_h1EI5","COOKE S4 753","753","40","T 2 3/10","3.097","3.8","-0.4","ARRI ALEXA 35"
"15:30:20:10","A_0019C004_250528_152715_h1EI5","COOKE S4 753","753","40","T 2 3/10","3.097","3.8","-0.4","ARRI ALEXA 35"
"15:30:20:11","A_0019C004_250528_152715_h1EI5","COOKE S4 753","753","40","T 2 3/10","3.097","3.8","-0.4","ARRI ALEXA 35"
"15:30:20:12","A_0019C004_250528_152715_h1EI5","COOKE S4 753","753","40","T 2 3/10","3.097","3.8","-0.4","ARRI ALEXA 35"
"15:30:20:13","A_0019C004_250528_152715_h1EI5","COOKE S4 753","753","40","T 2 3/10","3.1","3.8","-0.4","ARRI ALEXA 35"
"15:30:20:14","A_0019C004_250528_152715_h1EI5","COOKE S4 753","753","40","T 2 3/10","3.1","3.8","-0.4","ARRI ALEXA 35"
"15:30:20:15","A_0019C004_250528_152715_h1EI5","COOKE S4 753","753","40","T 2 3/10","3.107","3.8","-0.4","ARRI ALEXA 35"
"15:30:20:16","A_0019C004_250528_152715_h1EI5","COOKE S4 753","753","40","T 2 3/10","3.107","3.8","-0.4","ARRI ALEXA 35"
"15:30:20:17","A_0019C004_250528_152715_h1EI5","COOKE S4 753","753","40","T 2 3/10","3.107","3.8","-0.4","ARRI ALEXA 35"
"15:30:20:18","A_0019C004_250528_152715_h1EI5","COOKE S4 753","753","40","T 2 3/10","3.11","3.8","-0.4","ARRI ALEXA 35"
"15:30:20:19","A_0019C004_250528_152715_h1EI5","COOKE S4 753","753","40","T 2 3/10","3.11","3.8","-0.2","ARRI ALEXA 35"
"15:30:20:20","A_0019C004_250528_152715_h1EI5","COOKE S4 753","753","40","T 2 3/10","3.117","3.8","-0.2","ARRI ALEXA 35"
"15:30:20:21","A_0019C004_250528_152715_h1EI5","COOKE S4 753","753","40","T 2 3/10","3.12","3.8","-0.2","ARRI ALEXA 35"
"15:30:20:22","A_0019C004_250528_152715_h1EI5","COOKE S4 753","753","40","T 2 3/10","3.123","3.8","-0.2","ARRI ALEXA 35"
"15:30:20:23","A_0019C004_250528_152715_h1EI5","COOKE S4 753","753","40","T 2 3/10","3.127","3.8","-0.2","ARRI ALEXA 35"
"15:30:21:00","A_0019C004_250528_152715_h1EI5","COOKE S4 753","753","40","T 2 3/10","3.127","3.8","-0.2","ARRI ALEXA 35"
"15:30:21:01","A_0019C004_250528_152715_h1EI5","COOKE S4 753","753","40","T 2 3/10","3.13","3.8","-0.2","ARRI ALEXA 35"
"15:30:21:02","A_0019C004_250528_152715_h1EI5","COOKE S4 753","753","40","T 2 3/10","3.13","3.8","-0.3","ARRI ALEXA 35"
"15:30:21:03","A_0019C004_250528_152715_h1EI5","COOKE S4 753","753","40","T 2 3/10","3.13","3.8","-0.3","ARRI ALEXA 35"
"15:30:21:04","A_0019C004_250528_152715_h1EI5","COOKE S4 753","753","40","T 2 3/10","3.13","3.8","-0.3","ARRI ALEXA 35"
"15:30:21:05","A_0019C004_250528_152715_h1EI5","COOKE S4 753","753","40","T 2 3/10","3.13","3.8","-0.3","ARRI ALEXA 35"
"15:30:21:06","A_0019C004_250528_152715_h1EI5","COOKE S4 753","753","40","T 2 3/10","3.13","3.8","-0.3","ARRI ALEXA 35"
"15:30:21:07","A_0019C004_250528_152715_h1EI5","COOKE S4 753","753","40","T 2 3/10","3.13","3.8","-0.3","ARRI ALEXA 35"
"15:30:21:08","A_0019C004_250528_152715_h1EI5","COOKE S4 753","753","40","T 2 3/10","3.13","3.8","-0.3","ARRI ALEXA 35"
"15:30:21:09","A_0019C004_250528_152715_h1EI5","COOKE S4 753","753","40","T 2 3/10","3.13","3.8","-0.3","ARRI ALEXA 35"
"15:30:21:10","A_0019C004_250528_152715_h1EI5","COOKE S4 753","753","40","T 2 3/10","3.13","3.8","-0.3","ARRI ALEXA 35"
"15:30:21:11","A_0019C004_250528_152715_h1EI5","COOKE S4 753","753","40","T 2 3/10","3.13","3.8","-0.3","ARRI ALEXA 35"
"15:30:21:12","A_0019C004_250528_152715_h1EI5","COOKE S4 753","753","40","T 2 3/10","3.13","3.8","-0.3","ARRI ALEXA 35"
"15:30:21:13","A_0019C004_250528_152715_h1EI5","COOKE S4 753","753","40","T 2 3/10","3.13","3.8","-0.3","ARRI ALEXA 35"
"15:30:21:14","A_0019C004_250528_152715_h1EI5","COOKE S4 753","753","40","T 2 3/10","3.13","3.8","-0.3","ARRI ALEXA 35"
"15:30:21:15","A_0019C004_250528_152715_h1EI5","COOKE S4 753","753","40","T 2 3/10","3.13","3.8","-0.3","ARRI ALEXA 35"
"15:30:21:16","A_0019C004_250528_152715_h1EI5","COOKE S4 753","753","40","T 2 3/10","3.13","3.8","-0.3","ARRI ALEXA 35"
"15:30:21:17","A_0019C004_250528_152715_h1EI5","COOKE S4 753","753","40","T 2 3/10","3.13","3.8","-0.3","ARRI ALEXA 35"
"15:30:21:18","A_0019C004_250528_152715_h1EI5","COOKE S4 753","753","40","T 2 3/10","3.13","3.8","-0.3","ARRI ALEXA 35"
"15:30:21:19","A_0019C004_250528_152715_h1EI5","COOKE S4 753","753","40","T 2 3/10","3.13","3.8","-0.3","ARRI ALEXA 35"
"15:30:21:20","A_0019C004_250528_152715_h1EI5","COOKE S4 753","753","40","T 2 3/10","3.13","3.8","-0.3","ARRI ALEXA 35"
"15:30:21:21","A_0019C004_250528_152715_h1EI5","COOKE S4 753","753","40","T 2 3/10","3.13","3.6","-0.3","ARRI ALEXA 35"
"15:30:21:22","A_0019C004_250528_152715_h1EI5","COOKE S4 753","753","40","T 2 3/10","3.13","3.6","-0.3","ARRI ALEXA 35"
"15:30:21:23","A_0019C004_250528_152715_h1EI5","COOKE S4 753","753","40","T 2 3/10","3.13","3.6","-0.3","ARRI ALEXA 35"
"15:30:22:00","A_0019C004_250528_152715_h1EI5","COOKE S4 753","753","40","T 2 3/10","3.13","3.6","-0.3","ARRI ALEXA 35"
"15:30:22:01","A_0019C004_250528_152715_h1EI5","COOKE S4 753","753","40","T 2 3/10","3.13","3.6","-0.3","ARRI ALEXA 35"
"15:30:22:02","A_0019C004_250528_152715_h1EI5","COOKE S4 753","753","40","T 2 3/10","3.13","3.6","-0.3","ARRI ALEXA 35"
"15:30:22:03","A_0019C004_250528_152715_h1EI5","COOKE S4 753","753","40","T 2 3/10","3.13","3.6","-0.3","ARRI ALEXA 35"
"15:30:22:04","A_0019C004_250528_152715_h1EI5","COOKE S4 753","753","40","T 2 3/10","3.13","3.6","-0.3","ARRI ALEXA 35"
"15:30:22:05","A_0019C004_250528_152715_h1EI5","COOKE S4 753","753","40","T 2 3/10","3.13","3.6","-0.3","ARRI ALEXA 35"
"15:30:22:06","A_0019C004_250528_152715_h1EI5","COOKE S4 753","753","40","T 2 3/10","3.13","3.6","-0.3","ARRI ALEXA 35"
"15:30:22:07","A_0019C004_250528_152715_h1EI5","COOKE S4 753","753","40","T 2 3/10","3.13","3.6","-0.3","ARRI ALEXA 35"
"15:30:22:08","A_0019C004_250528_152715_h1EI5","COOKE S4 753","753","40","T 2 3/10","3.13","3.6","-0.3","ARRI ALEXA 35"
"15:30:22:09","A_0019C004_250528_152715_h1EI5","COOKE S4 753","753","40","T 2 3/10","3.13","3.6","-0.3","ARRI ALEXA 35"
"15:30:22:10","A_0019C004_250528_152715_h1EI5","COOKE S4 753","753","40","T 2 3/10","3.127","3.6","-0.3","ARRI ALEXA 35"
"15:30:22:11","A_0019C004_250528_152715_h1EI5","COOKE S4 753","753","40","T 2 3/10","3.12","3.6","-0.3","ARRI ALEXA 35"
"15:30:22:12","A_0019C004_250528_152715_h1EI5","COOKE S4 753","753","40","T 2 3/10","3.117","3.6","-0.3","ARRI ALEXA 35"
"15:30:22:13","A_0019C004_250528_152715_h1EI5","COOKE S4 753","753","40","T 2 3/10","3.114","3.6","-0.3","ARRI ALEXA 35"
"15:30:22:14","A_0019C004_250528_152715_h1EI5","COOKE S4 753","753","40","T 2 3/10","3.11","3.6","-0.3","ARRI ALEXA 35"
"15:30:22:15","A_0019C004_250528_152715_h1EI5","COOKE S4 753","753","40","T 2 3/10","3.11","3.6","-0.3","ARRI ALEXA 35"
"15:30:22:16","A_0019C004_250528_152715_h1EI5","COOKE S4 753","753","40","T 2 3/10","3.107","3.6","-0.3","ARRI ALEXA 35"
"15:30:22:17","A_0019C004_250528_152715_h1EI5","COOKE S4 753","753","40","T 2 3/10","3.107","3.6","-0.3","ARRI ALEXA 35"
"15:30:22:18","A_0019C004_250528_152715_h1EI5","COOKE S4 753","753","40","T 2 3/10","3.107","3.6","-0.3","ARRI ALEXA 35"
"15:30:22:19","A_0019C004_250528_152715_h1EI5","COOKE S4 753","753","40","T 2 3/10","3.107","3.6","-0.3","ARRI ALEXA 35"
"15:30:22:20","A_0019C004_250528_152715_h1EI5","COOKE S4 753","753","40","T 2 3/10","3.107","3.6","-0.3","ARRI ALEXA 35"
"15:30:22:21","A_0019C004_250528_152715_h1EI5","COOKE S4 753","753","40","T 2 3/10","3.107","3.6","-0.3","ARRI ALEXA 35"
"15:30:22:22","A_0019C004_250528_152715_h1EI5","COOKE S4 753","753","40","T 2 3/10","3.107","3.6","-0.3","ARRI ALEXA 35"
"15:30:22:23","A_0019C004_250528_152715_h1EI5","COOKE S4 753","753","40","T 2 3/10","3.107","3.6","-0.3","ARRI ALEXA 35"
"15:30:23:00","A_0019C004_250528_152715_h1EI5","COOKE S4 753","753","40","T 2 3/10","3.107","3.6","-0.3","ARRI ALEXA 35"
"15:30:23:01","A_0019C004_250528_152715_h1EI5","COOKE S4 753","753","40","T 2 3/10","3.107","3.6","-0.3","ARRI ALEXA 35"
"15:30:23:02","A_0019C004_250528_152715_h1EI5","COOKE S4 753","753","40","T 2 3/10","3.107","3.6","-0.3","ARRI ALEXA 35"
"15:30:23:03","A_0019C004_250528_152715_h1EI5","COOKE S4 753","753","40","T 2 3/10","3.107","3.6","-0.3","ARRI ALEXA 35"
"15:30:23:04","A_0019C004_250528_152715_h1EI5","COOKE S4 753","753","40","T 2 3/10","3.107","3.6","-0.3","ARRI ALEXA 35"
"15:30:23:05","A_0019C004_250528_152715_h1EI5","COOKE S4 753","753","40","T 2 3/10","3.107","3.6","-0.3","ARRI ALEXA 35"
"15:30:23:06","A_0019C004_250528_152715_h1EI5","COOKE S4 753","753","40","T 2 3/10","3.107","3.6","-0.3","ARRI ALEXA 35"
"15:30:23:07","A_0019C004_250528_152715_h1EI5","COOKE S4 753","753","40","T 2 3/10","3.107","3.6","-0.3","ARRI ALEXA 35"
"15:30:23:08","A_0019C004_250528_152715_h1EI5","COOKE S4 753","753","40","T 2 3/10","3.107","3.6","-0.3","ARRI ALEXA 35"
"15:30:23:09","A_0019C004_250528_152715_h1EI5","COOKE S4 753","753","40","T 2 3/10","3.107","3.6","-0.3","ARRI ALEXA 35"
"15:30:23:10","A_0019C004_250528_152715_h1EI5","COOKE S4 753","753","40","T 2 3/10","3.107","3.6","-0.3","ARRI ALEXA 35"
"15:30:23:11","A_0019C004_250528_152715_h1EI5","COOKE S4 753","753","40","T 2 3/10","3.107","3.6","-0.3","ARRI ALEXA 35"
"15:30:23:12","A_0019C004_250528_152715_h1EI5","COOKE S4 753","753","40","T 2 3/10","3.107","3.6","-0.3","ARRI ALEXA 35"
"15:30:23:13","A_0019C004_250528_152715_h1EI5","COOKE S4 753","753","40","T 2 3/10","3.107","3.6","-0.3","ARRI ALEXA 35"
"15:30:23:14","A_0019C004_250528_152715_h1EI5","COOKE S4 753","753","40","T 2 3/10","3.107","3.6","-0.3","ARRI ALEXA 35"
"15:30:23:15","A_0019C004_250528_152715_h1EI5","COOKE S4 753","753","40","T 2 3/10","3.107","3.6","-0.3","ARRI ALEXA 35"
"15:30:23:16","A_0019C004_250528_152715_h1EI5","COOKE S4 753","753","40","T 2 3/10","3.107","3.6","-0.3","ARRI ALEXA 35"
"15:30:23:17","A_0019C004_250528_152715_h1EI5","COOKE S4 753","753","40","T 2 3/10","3.107","3.6","-0.3","ARRI ALEXA 35"
"15:30:23:18","A_0019C004_250528_152715_h1EI5","COOKE S4 753","753","40","T 2 3/10","3.107","3.6","-0.3","ARRI ALEXA 35"
"15:30:23:19","A_0019C004_250528_152715_h1EI5","COOKE S4 753","753","40","T 2 3/10","3.107","3.6","-0.3","ARRI ALEXA 35"
"15:30:23:20","A_0019C004_250528_152715_h1EI5","COOKE S4 753","753","40","T 2 3/10","3.107","3.6","-0.3","ARRI ALEXA 35"
"15:30:23:21","A_0019C004_250528_152715_h1EI5","COOKE S4 753","753","40","T 2 3/10","3.107","3.6","-0.3","ARRI ALEXA 35"
"15:30:23:22","A_0019C004_250528_152715_h1EI5","COOKE S4 753","753","40","T 2 3/10","3.107","3.6","-0.3","ARRI ALEXA 35"
"15:30:23:23","A_0019C004_250528_152715_h1EI5","COOKE S4 753","753","40","T 2 3/10","3.107","3.6","-0.3","ARRI ALEXA 35"
"15:30:24:00","A_0019C004_250528_152715_h1EI5","COOKE S4 753","753","40","T 2 3/10","3.104","3.6","-0.3","ARRI ALEXA 35"
"15:30:24:01","A_0019C004_250528_152715_h1EI5","COOKE S4 753","753","40","T 2 3/10","3.104","3.6","-0.3","ARRI ALEXA 35"
"15:30:24:02","A_0019C004_250528_152715_h1EI5","COOKE S4 753","753","40","T 2 3/10","3.104","3.6","-0.3","ARRI ALEXA 35"
"15:30:24:03","A_0019C004_250528_152715_h1EI5","COOKE S4 753","753","40","T 2 3/10","3.104","3.6","-0.3","ARRI ALEXA 35"
"15:30:24:04","A_0019C004_250528_152715_h1EI5","COOKE S4 753","753","40","T 2 3/10","3.104","3.6","-0.3","ARRI ALEXA 35"
"15:30:24:05","A_0019C004_250528_152715_h1EI5","COOKE S4 753","753","40","T 2 3/10","3.104","3.3","-0.3","ARRI ALEXA 35"
"15:30:24:06","A_0019C004_250528_152715_h1EI5","COOKE S4 753","753","40","T 2 3/10","3.104","3.3","-0.3","ARRI ALEXA 35"
"15:30:24:07","A_0019C004_250528_152715_h1EI5","COOKE S4 753","753","40","T 2 3/10","3.104","3.3","-0.3","ARRI ALEXA 35"
"15:30:24:08","A_0019C004_250528_152715_h1EI5","COOKE S4 753","753","40","T 2 3/10","3.104","3.3","-0.3","ARRI ALEXA 35"
"15:30:24:09","A_0019C004_250528_152715_h1EI5","COOKE S4 753","753","40","T 2 3/10","3.104","3.3","-0.3","ARRI ALEXA 35"
"15:30:24:10","A_0019C004_250528_152715_h1EI5","COOKE S4 753","753","40","T 2 3/10","3.104","3.3","-0.3","ARRI ALEXA 35"
"15:30:24:11","A_0019C004_250528_152715_h1EI5","COOKE S4 753","753","40","T 2 3/10","3.104","3.3","-0.3","ARRI ALEXA 35"
"15:30:24:12","A_0019C004_250528_152715_h1EI5","COOKE S4 753","753","40","T 2 3/10","3.104","3.3","-0.3","ARRI ALEXA 35"
"15:30:24:13","A_0019C004_250528_152715_h1EI5","COOKE S4 753","753","40","T 2 3/10","3.104","3.3","-0.3","ARRI ALEXA 35"
"15:30:24:14","A_0019C004_250528_152715_h1EI5","COOKE S4 753","753","40","T 2 3/10","3.104","3.3","-0.3","ARRI ALEXA 35"
"15:30:24:15","A_0019C004_250528_152715_h1EI5","COOKE S4 753","753","40","T 2 3/10","3.104","3.3","-0.3","ARRI ALEXA 35"
"15:30:24:16","A_0019C004_250528_152715_h1EI5","COOKE S4 753","753","40","T 2 3/10","3.104","3.3","-0.3","ARRI ALEXA 35"
"15:30:24:17","A_0019C004_250528_152715_h1EI5","COOKE S4 753","753","40","T 2 3/10","3.104","3.3","-0.3","ARRI ALEXA 35"
"15:30:24:18","A_0019C004_250528_152715_h1EI5","COOKE S4 753","753","40","T 2 3/10","3.104","3.3","-0.3","ARRI ALEXA 35"
"15:30:24:19","A_0019C004_250528_152715_h1EI5","COOKE S4 753","753","40","T 2 3/10","3.104","3.3","-0.3","ARRI ALEXA 35"
"15:30:24:20","A_0019C004_250528_152715_h1EI5","COOKE S4 753","753","40","T 2 3/10","3.104","3.3","-0.3","ARRI ALEXA 35"
"15:30:24:21","A_0019C004_250528_152715_h1EI5","COOKE S4 753","753","40","T 2 3/10","3.104","3.3","-0.3","ARRI ALEXA 35"
"15:30:24:22","A_0019C004_250528_152715_h1EI5","COOKE S4 753","753","40","T 2 3/10","3.104","3.3","-0.3","ARRI ALEXA 35"
"15:30:24:23","A_0019C004_250528_152715_h1EI5","COOKE S4 753","753","40","T 2 3/10","3.104","3.3","-0.3","ARRI ALEXA 35"
"15:30:25:00","A_0019C004_250528_152715_h1EI5","COOKE S4 753","753","40","T 2 3/10","3.104","3.3","-0.3","ARRI ALEXA 35"
"15:30:25:01","A_0019C004_250528_152715_h1EI5","COOKE S4 753","753","40","T 2 3/10","3.104","3.3","-0.3","ARRI ALEXA 35"
"15:30:25:02","A_0019C004_250528_152715_h1EI5","COOKE S4 753","753","40","T 2 3/10","3.104","3.3","-0.3","ARRI ALEXA 35"
"15:30:25:03","A_0019C004_250528_152715_h1EI5","COOKE S4 753","753","40","T 2 3/10","3.1","3.3","-0.3","ARRI ALEXA 35"
"15:30:25:04","A_0019C004_250528_152715_h1EI5","COOKE S4 753","753","40","T 2 3/10","3.1","3.3","-0.1","ARRI ALEXA 35"
"15:30:25:05","A_0019C004_250528_152715_h1EI5","COOKE S4 753","753","40","T 2 3/10","3.097","3.3","-0.1","ARRI ALEXA 35"
"15:30:25:06","A_0019C004_250528_152715_h1EI5","COOKE S4 753","753","40","T 2 3/10","3.097","3.3","-0.1","ARRI ALEXA 35"
"15:30:25:07","A_0019C004_250528_152715_h1EI5","COOKE S4 753","753","40","T 2 3/10","3.097","3.3","-0.1","ARRI ALEXA 35"
"15:30:25:08","A_0019C004_250528_152715_h1EI5","COOKE S4 753","753","40","T 2 3/10","3.097","3.3","-0.1","ARRI ALEXA 35"
"15:30:25:09","A_0019C004_250528_152715_h1EI5","COOKE S4 753","753","40","T 2 3/10","3.097","3.3","-0.1","ARRI ALEXA 35"
"15:30:25:10","A_0019C004_250528_152715_h1EI5","COOKE S4 753","753","40","T 2 3/10","3.097","3.3","-0.3","ARRI ALEXA 35"
"15:30:25:11","A_0019C004_250528_152715_h1EI5","COOKE S4 753","753","40","T 2 3/10","3.097","3.3","-0.3","ARRI ALEXA 35"
"15:30:25:12","A_0019C004_250528_152715_h1EI5","COOKE S4 753","753","40","T 2 3/10","3.097","3.3","-0.3","ARRI ALEXA 35"
"15:30:25:13","A_0019C004_250528_152715_h1EI5","COOKE S4 753","753","40","T 2 3/10","3.091","3.3","-0.3","ARRI ALEXA 35"
"15:30:25:14","A_0019C004_250528_152715_h1EI5","COOKE S4 753","753","40","T 2 3/10","3.087","3.3","-0.3","ARRI ALEXA 35"
"15:30:25:15","A_0019C004_250528_152715_h1EI5","COOKE S4 753","753","40","T 2 3/10","3.084","3.3","-0.3","ARRI ALEXA 35"
"15:30:25:16","A_0019C004_250528_152715_h1EI5","COOKE S4 753","753","40","T 2 3/10","3.084","3.3","-0.3","ARRI ALEXA 35"
"15:30:25:17","A_0019C004_250528_152715_h1EI5","COOKE S4 753","753","40","T 2 3/10","3.084","3.3","-0.3","ARRI ALEXA 35"
"15:30:25:18","A_0019C004_250528_152715_h1EI5","COOKE S4 753","753","40","T 2 3/10","3.084","3.3","-0.3","ARRI ALEXA 35"
"15:30:25:19","A_0019C004_250528_152715_h1EI5","COOKE S4 753","753","40","T 2 3/10","3.084","3.3","-0.3","ARRI ALEXA 35"
"15:30:25:20","A_0019C004_250528_152715_h1EI5","COOKE S4 753","753","40","T 2 3/10","3.084","3.3","-0.3","ARRI ALEXA 35"
"15:30:25:21","A_0019C004_250528_152715_h1EI5","COOKE S4 753","753","40","T 2 3/10","3.084","3.3","-0.3","ARRI ALEXA 35"
"15:30:25:22","A_0019C004_250528_152715_h1EI5","COOKE S4 753","753","40","T 2 3/10","3.084","3.3","-0.3","ARRI ALEXA 35"
"15:30:25:23","A_0019C004_250528_152715_h1EI5","COOKE S4 753","753","40","T 2 3/10","3.084","3.3","-0.3","ARRI ALEXA 35"
"15:30:26:00","A_0019C004_250528_152715_h1EI5","COOKE S4 753","753","40","T 2 3/10","3.084","3.3","-0.3","ARRI ALEXA 35"
"15:30:26:01","A_0019C004_250528_152715_h1EI5","COOKE S4 753","753","40","T 2 3/10","3.084","3.3","-0.3","ARRI ALEXA 35"
"15:30:26:02","A_0019C004_250528_152715_h1EI5","COOKE S4 753","753","40","T 2 3/10","3.084","3.3","-0.3","ARRI ALEXA 35"
"15:30:26:03","A_0019C004_250528_152715_h1EI5","COOKE S4 753","753","40","T 2 3/10","3.084","3.3","-0.3","ARRI ALEXA 35"
"15:30:26:04","A_0019C004_250528_152715_h1EI5","COOKE S4 753","753","40","T 2 3/10","3.084","3.3","-0.3","ARRI ALEXA 35"
"15:30:26:05","A_0019C004_250528_152715_h1EI5","COOKE S4 753","753","40","T 2 3/10","3.084","3.3","-0.3","ARRI ALEXA 35"
"15:30:26:06","A_0019C004_250528_152715_h1EI5","COOKE S4 753","753","40","T 2 3/10","3.084","3.3","-0.3","ARRI ALEXA 35"
"15:30:26:07","A_0019C004_250528_152715_h1EI5","COOKE S4 753","753","40","T 2 3/10","3.084","3.3","-0.3","ARRI ALEXA 35"
"15:30:26:08","A_0019C004_250528_152715_h1EI5","COOKE S4 753","753","40","T 2 3/10","3.084","3.3","-0.3","ARRI ALEXA 35"
"15:30:26:09","A_0019C004_250528_152715_h1EI5","COOKE S4 753","753","40","T 2 3/10","3.084","3.3","-0.3","ARRI ALEXA 35"
"15:30:26:10","A_0019C004_250528_152715_h1EI5","COOKE S4 753","753","40","T 2 3/10","3.084","3.3","-0.3","ARRI ALEXA 35"
"15:30:26:11","A_0019C004_250528_152715_h1EI5","COOKE S4 753","753","40","T 2 3/10","3.084","3.3","-0.3","ARRI ALEXA 35"
"15:30:26:12","A_0019C004_250528_152715_h1EI5","COOKE S4 753","753","40","T 2 3/10","3.084","3.3","-0.4","ARRI ALEXA 35"
"15:30:26:13","A_0019C004_250528_152715_h1EI5","COOKE S4 753","753","40","T 2 3/10","3.084","3.3","-0.4","ARRI ALEXA 35"
"15:30:26:14","A_0019C004_250528_152715_h1EI5","COOKE S4 753","753","40","T 2 3/10","3.084","3.3","-0.6","ARRI ALEXA 35"
"15:30:26:15","A_0019C004_250528_152715_h1EI5","COOKE S4 753","753","40","T 2 3/10","3.084","3.3","-0.6","ARRI ALEXA 35"
"15:30:26:16","A_0019C004_250528_152715_h1EI5","COOKE S4 753","753","40","T 2 3/10","3.084","3.3","-0.6","ARRI ALEXA 35"
"15:30:26:17","A_0019C004_250528_152715_h1EI5","COOKE S4 753","753","40","T 2 3/10","3.084","3.3","-0.6","ARRI ALEXA 35"
"15:30:26:18","A_0019C004_250528_152715_h1EI5","COOKE S4 753","753","40","T 2 3/10","3.084","3.3","-0.4","ARRI ALEXA 35"
"15:30:26:19","A_0019C004_250528_152715_h1EI5","COOKE S4 753","753","40","T 2 3/10","3.084","3.3","-0.4","ARRI ALEXA 35"
"15:30:26:20","A_0019C004_250528_152715_h1EI5","COOKE S4 753","753","40","T 2 3/10","3.084","3.3","-0.4","ARRI ALEXA 35"
"15:30:26:21","A_0019C004_250528_152715_h1EI5","COOKE S4 753","753","40","T 2 3/10","3.084","3.3","-0.4","ARRI ALEXA 35"
"15:30:26:22","A_0019C004_250528_152715_h1EI5","COOKE S4 753","753","40","T 2 3/10","3.084","3.3","-0.4","ARRI ALEXA 35"
"15:30:26:23","A_0019C004_250528_152715_h1EI5","COOKE S4 753","753","40","T 2 3/10","3.084","3.3","-0.4","ARRI ALEXA 35"
"15:30:27:00","A_0019C004_250528_152715_h1EI5","COOKE S4 753","753","40","T 2 3/10","3.084","3.3","-0.4","ARRI ALEXA 35"
"15:30:27:01","A_0019C004_250528_152715_h1EI5","COOKE S4 753","753","40","T 2 3/10","3.084","3.3","-0.4","ARRI ALEXA 35"
"15:30:27:02","A_0019C004_250528_152715_h1EI5","COOKE S4 753","753","40","T 2 3/10","3.081","3.3","-0.4","ARRI ALEXA 35"
"15:30:27:03","A_0019C004_250528_152715_h1EI5","COOKE S4 753","753","40","T 2 3/10","3.081","3.3","-0.4","ARRI ALEXA 35"
"15:30:27:04","A_0019C004_250528_152715_h1EI5","COOKE S4 753","753","40","T 2 3/10","3.071","3.3","-0.4","ARRI ALEXA 35"
"15:30:27:05","A_0019C004_250528_152715_h1EI5","COOKE S4 753","753","40","T 2 3/10","3.068","3.3","-0.4","ARRI ALEXA 35"
"15:30:27:06","A_0019C004_250528_152715_h1EI5","COOKE S4 753","753","40","T 2 3/10","3.064","3.3","-0.4","ARRI ALEXA 35"
"15:30:27:07","A_0019C004_250528_152715_h1EI5","COOKE S4 753","753","40","T 2 3/10","3.064","3.3","-0.4","ARRI ALEXA 35"
"15:30:27:08","A_0019C004_250528_152715_h1EI5","COOKE S4 753","753","40","T 2 3/10","3.061","3.3","-0.4","ARRI ALEXA 35"
"15:30:27:09","A_0019C004_250528_152715_h1EI5","COOKE S4 753","753","40","T 2 3/10","3.061","3.3","-0.4","ARRI ALEXA 35"
"15:30:27:10","A_0019C004_250528_152715_h1EI5","COOKE S4 753","753","40","T 2 3/10","3.061","3.3","-0.4","ARRI ALEXA 35"
"15:30:27:11","A_0019C004_250528_152715_h1EI5","COOKE S4 753","753","40","T 2 3/10","3.061","3.3","-0.4","ARRI ALEXA 35"
"15:30:27:12","A_0019C004_250528_152715_h1EI5","COOKE S4 753","753","40","T 2 3/10","3.061","3.3","-0.4","ARRI ALEXA 35"
"15:30:27:13","A_0019C004_250528_152715_h1EI5","COOKE S4 753","753","40","T 2 3/10","3.061","3.3","-0.4","ARRI ALEXA 35"
"15:30:27:14","A_0019C004_250528_152715_h1EI5","COOKE S4 753","753","40","T 2 3/10","3.061","3.3","-0.4","ARRI ALEXA 35"
"15:30:27:15","A_0019C004_250528_152715_h1EI5","COOKE S4 753","753","40","T 2 3/10","3.061","3.3","-0.4","ARRI ALEXA 35"
"15:30:27:16","A_0019C004_250528_152715_h1EI5","COOKE S4 753","753","40","T 2 3/10","3.061","3.3","-0.4","ARRI ALEXA 35"
"15:30:27:17","A_0019C004_250528_152715_h1EI5","COOKE S4 753","753","40","T 2 3/10","3.061","3.3","-0.4","ARRI ALEXA 35"
"15:30:27:18","A_0019C004_250528_152715_h1EI5","COOKE S4 753","753","40","T 2 3/10","3.061","3.3","-0.4","ARRI ALEXA 35"
"15:30:27:19","A_0019C004_250528_152715_h1EI5","COOKE S4 753","753","40","T 2 3/10","3.061","3.3","-0.4","ARRI ALEXA 35"
"15:30:27:20","A_0019C004_250528_152715_h1EI5","COOKE S4 753","753","40","T 2 3/10","3.061","3.4","-0.4","ARRI ALEXA 35"
"15:30:27:21","A_0019C004_250528_152715_h1EI5","COOKE S4 753","753","40","T 2 3/10","3.061","3.4","-0.4","ARRI ALEXA 35"
"15:30:27:22","A_0019C004_250528_152715_h1EI5","COOKE S4 753","753","40","T 2 3/10","3.061","3.4","-0.4","ARRI ALEXA 35"
"15:30:27:23","A_0019C004_250528_152715_h1EI5","COOKE S4 753","753","40","T 2 3/10","3.061","3.4","-0.4","ARRI ALEXA 35"
"15:30:28:00","A_0019C004_250528_152715_h1EI5","COOKE S4 753","753","40","T 2 3/10","3.061","3.4","-0.4","ARRI ALEXA 35"
"15:30:28:01","A_0019C004_250528_152715_h1EI5","COOKE S4 753","753","40","T 2 3/10","3.061","3.4","-0.4","ARRI ALEXA 35"
"15:30:28:02","A_0019C004_250528_152715_h1EI5","COOKE S4 753","753","40","T 2 3/10","3.061","3.4","-0.4","ARRI ALEXA 35"
"15:30:28:03","A_0019C004_250528_152715_h1EI5","COOKE S4 753","753","40","T 2 3/10","3.058","3.4","-0.4","ARRI ALEXA 35"
"15:30:28:04","A_0019C004_250528_152715_h1EI5","COOKE S4 753","753","40","T 2 3/10","3.058","3.4","-0.4","ARRI ALEXA 35"
"15:30:28:05","A_0019C004_250528_152715_h1EI5","COOKE S4 753","753","40","T 2 3/10","3.048","3.4","-0.4","ARRI ALEXA 35"
"15:30:28:06","A_0019C004_250528_152715_h1EI5","COOKE S4 753","753","40","T 2 3/10","3.048","3.4","-0.2","ARRI ALEXA 35"
"15:30:28:07","A_0019C004_250528_152715_h1EI5","COOKE S4 753","753","40","T 2 3/10","3.031","3.4","-0.2","ARRI ALEXA 35"
"15:30:28:08","A_0019C004_250528_152715_h1EI5","COOKE S4 753","753","40","T 2 3/10","3.028","3.4","-0.2","ARRI ALEXA 35"
"15:30:28:09","A_0019C004_250528_152715_h1EI5","COOKE S4 753","753","40","T 2 3/10","3.028","3.4","0","ARRI ALEXA 35"
"15:30:28:10","A_0019C004_250528_152715_h1EI5","COOKE S4 753","753","40","T 2 3/10","3.028","3.4","0","ARRI ALEXA 35"
"15:30:28:11","A_0019C004_250528_152715_h1EI5","COOKE S4 753","753","40","T 2 3/10","3.028","3.4","0","ARRI ALEXA 35"
"15:30:28:12","A_0019C004_250528_152715_h1EI5","COOKE S4 753","753","40","T 2 3/10","3.028","3.4","0","ARRI ALEXA 35"
"15:30:28:13","A_0019C004_250528_152715_h1EI5","COOKE S4 753","753","40","T 2 3/10","3.028","3.4","0","ARRI ALEXA 35"
"15:30:28:14","A_0019C004_250528_152715_h1EI5","COOKE S4 753","753","40","T 2 3/10","3.028","3.5","-0.2","ARRI ALEXA 35"
"15:30:28:15","A_0019C004_250528_152715_h1EI5","COOKE S4 753","753","40","T 2 3/10","3.028","3.5","-0.2","ARRI ALEXA 35"
"15:30:28:16","A_0019C004_250528_152715_h1EI5","COOKE S4 753","753","40","T 2 3/10","3.028","3.6","-0.2","ARRI ALEXA 35"
"15:30:28:17","A_0019C004_250528_152715_h1EI5","COOKE S4 753","753","40","T 2 3/10","3.031","3.6","-0.4","ARRI ALEXA 35"
"15:30:28:18","A_0019C004_250528_152715_h1EI5","COOKE S4 753","753","40","T 2 3/10","3.038","3.6","-0.4","ARRI ALEXA 35"
"15:30:28:19","A_0019C004_250528_152715_h1EI5","COOKE S4 753","753","40","T 2 3/10","3.045","3.6","-0.4","ARRI ALEXA 35"
"15:30:28:20","A_0019C004_250528_152715_h1EI5","COOKE S4 753","753","40","T 2 3/10","3.045","3.7","-0.4","ARRI ALEXA 35"
"15:30:28:21","A_0019C004_250528_152715_h1EI5","COOKE S4 753","753","40","T 2 3/10","3.051","3.7","-0.4","ARRI ALEXA 35"
"15:30:28:22","A_0019C004_250528_152715_h1EI5","COOKE S4 753","753","40","T 2 3/10","3.054","3.7","-0.4","ARRI ALEXA 35"
"15:30:28:23","A_0019C004_250528_152715_h1EI5","COOKE S4 753","753","40","T 2 3/10","3.058","3.7","-0.4","ARRI ALEXA 35"
"15:30:29:00","A_0019C004_250528_152715_h1EI5","COOKE S4 753","753","40","T 2 3/10","3.058","3.7","-0.4","ARRI ALEXA 35"
"15:30:29:01","A_0019C004_250528_152715_h1EI5","COOKE S4 753","753","40","T 2 3/10","3.058","3.7","-0.4","ARRI ALEXA 35"
"15:30:29:02","A_0019C004_250528_152715_h1EI5","COOKE S4 753","753","40","T 2 3/10","3.058","3.7","-0.4","ARRI ALEXA 35"
"15:30:29:03","A_0019C004_250528_152715_h1EI5","COOKE S4 753","753","40","T 2 3/10","3.058","3.7","-0.4","ARRI ALEXA 35"
"15:30:29:04","A_0019C004_250528_152715_h1EI5","COOKE S4 753","753","40","T 2 3/10","3.058","3.7","-0.4","ARRI ALEXA 35"
"15:30:29:05","A_0019C004_250528_152715_h1EI5","COOKE S4 753","753","40","T 2 3/10","3.058","3.7","-0.4","ARRI ALEXA 35"
"15:30:29:06","A_0019C004_250528_152715_h1EI5","COOKE S4 753","753","40","T 2 3/10","3.058","3.7","-0.4","ARRI ALEXA 35"
"15:30:29:07","A_0019C004_250528_152715_h1EI5","COOKE S4 753","753","40","T 2 3/10","3.061","3.7","-0.4","ARRI ALEXA 35"
"15:30:29:08","A_0019C004_250528_152715_h1EI5","COOKE S4 753","753","40","T 2 3/10","3.068","3.7","-0.4","ARRI ALEXA 35"
"15:30:29:09","A_0019C004_250528_152715_h1EI5","COOKE S4 753","753","40","T 2 3/10","3.074","3.7","-0.4","ARRI ALEXA 35"
"15:30:29:10","A_0019C004_250528_152715_h1EI5","COOKE S4 753","753","40","T 2 3/10","3.081","3.7","-0.4","ARRI ALEXA 35"
"15:30:29:11","A_0019C004_250528_152715_h1EI5","COOKE S4 753","753","40","T 2 3/10","3.084","3.7","-0.4","ARRI ALEXA 35"
"15:30:29:12","A_0019C004_250528_152715_h1EI5","COOKE S4 753","753","40","T 2 3/10","3.087","3.7","-0.4","ARRI ALEXA 35"
"15:30:29:13","A_0019C004_250528_152715_h1EI5","COOKE S4 753","753","40","T 2 3/10","3.087","3.7","-0.4","ARRI ALEXA 35"
"15:30:29:14","A_0019C004_250528_152715_h1EI5","COOKE S4 753","753","40","T 2 3/10","3.091","3.7","-0.4","ARRI ALEXA 35"
"15:30:29:15","A_0019C004_250528_152715_h1EI5","COOKE S4 753","753","40","T 2 3/10","3.091","3.7","-0.4","ARRI ALEXA 35"
"15:30:29:16","A_0019C004_250528_152715_h1EI5","COOKE S4 753","753","40","T 2 3/10","3.091","3.7","-0.4","ARRI ALEXA 35"
"15:30:29:17","A_0019C004_250528_152715_h1EI5","COOKE S4 753","753","40","T 2 3/10","3.091","3.7","-0.4","ARRI ALEXA 35"
"15:30:29:18","A_0019C004_250528_152715_h1EI5","COOKE S4 753","753","40","T 2 3/10","3.091","3.7","-0.4","ARRI ALEXA 35"
"15:30:29:19","A_0019C004_250528_152715_h1EI5","COOKE S4 753","753","40","T 2 3/10","3.091","3.7","-0.4","ARRI ALEXA 35"
"15:30:29:20","A_0019C004_250528_152715_h1EI5","COOKE S4 753","753","40","T 2 3/10","3.091","3.7","-0.4","ARRI ALEXA 35"
"15:30:29:21","A_0019C004_250528_152715_h1EI5","COOKE S4 753","753","40","T 2 3/10","3.091","3.7","-0.4","ARRI ALEXA 35"
"15:30:29:22","A_0019C004_250528_152715_h1EI5","COOKE S4 753","753","40","T 2 3/10","3.091","3.7","-0.4","ARRI ALEXA 35"
"15:30:29:23","A_0019C004_250528_152715_h1EI5","COOKE S4 753","753","40","T 2 3/10","3.091","3.7","-0.4","ARRI ALEXA 35"
"15:30:30:00","A_0019C004_250528_152715_h1EI5","COOKE S4 753","753","40","T 2 3/10","3.091","3.7","-0.4","ARRI ALEXA 35"
"15:30:30:01","A_0019C004_250528_152715_h1EI5","COOKE S4 753","753","40","T 2 3/10","3.091","3.7","-0.4","ARRI ALEXA 35"
"15:30:30:02","A_0019C004_250528_152715_h1EI5","COOKE S4 753","753","40","T 2 3/10","3.091","3.7","-0.4","ARRI ALEXA 35"
"15:30:30:03","A_0019C004_250528_152715_h1EI5","COOKE S4 753","753","40","T 2 3/10","3.091","3.7","-0.4","ARRI ALEXA 35"
"15:30:30:04","A_0019C004_250528_152715_h1EI5","COOKE S4 753","753","40","T 2 3/10","3.091","3.7","-0.4","ARRI ALEXA 35"
"15:30:30:05","A_0019C004_250528_152715_h1EI5","COOKE S4 753","753","40","T 2 3/10","3.091","3.7","-0.4","ARRI ALEXA 35"
"15:30:30:06","A_0019C004_250528_152715_h1EI5","COOKE S4 753","753","40","T 2 3/10","3.091","3.7","-0.4","ARRI ALEXA 35"
"15:30:30:07","A_0019C004_250528_152715_h1EI5","COOKE S4 753","753","40","T 2 3/10","3.091","3.7","-0.4","ARRI ALEXA 35"
"15:30:30:08","A_0019C004_250528_152715_h1EI5","COOKE S4 753","753","40","T 2 3/10","3.094","3.7","-0.4","ARRI ALEXA 35"
"15:30:30:09","A_0019C004_250528_152715_h1EI5","COOKE S4 753","753","40","T 2 3/10","3.094","3.7","-0.4","ARRI ALEXA 35"
"15:30:30:10","A_0019C004_250528_152715_h1EI5","COOKE S4 753","753","40","T 2 3/10","3.097","3.7","-0.4","ARRI ALEXA 35"
"15:30:30:11","A_0019C004_250528_152715_h1EI5","COOKE S4 753","753","40","T 2 3/10","3.097","3.7","-0.4","ARRI ALEXA 35"
"15:30:30:12","A_0019C004_250528_152715_h1EI5","COOKE S4 753","753","40","T 2 3/10","3.097","3.7","-0.4","ARRI ALEXA 35"
"15:30:30:13","A_0019C004_250528_152715_h1EI5","COOKE S4 753","753","40","T 2 3/10","3.097","3.7","-0.4","ARRI ALEXA 35"
"15:30:30:14","A_0019C004_250528_152715_h1EI5","COOKE S4 753","753","40","T 2 3/10","3.097","3.7","-0.4","ARRI ALEXA 35"
"15:30:30:15","A_0019C004_250528_152715_h1EI5","COOKE S4 753","753","40","T 2 3/10","3.097","3.7","-0.4","ARRI ALEXA 35"
"15:30:30:16","A_0019C004_250528_152715_h1EI5","COOKE S4 753","753","40","T 2 3/10","3.097","3.7","-0.4","ARRI ALEXA 35"
"15:30:30:17","A_0019C004_250528_152715_h1EI5","COOKE S4 753","753","40","T 2 3/10","3.097","3.7","-0.4","ARRI ALEXA 35"
"15:30:30:18","A_0019C004_250528_152715_h1EI5","COOKE S4 753","753","40","T 2 3/10","3.097","3.7","-0.4","ARRI ALEXA 35"
"15:30:30:19","A_0019C004_250528_152715_h1EI5","COOKE S4 753","753","40","T 2 3/10","3.097","3.7","-0.4","ARRI ALEXA 35"
"15:30:30:20","A_0019C004_250528_152715_h1EI5","COOKE S4 753","753","40","T 2 3/10","3.097","3.7","-0.4","ARRI ALEXA 35"
"15:30:30:21","A_0019C004_250528_152715_h1EI5","COOKE S4 753","753","40","T 2 3/10","3.097","3.7","-0.4","ARRI ALEXA 35"
"15:30:30:22","A_0019C004_250528_152715_h1EI5","COOKE S4 753","753","40","T 2 3/10","3.097","3.7","-0.4","ARRI ALEXA 35"
"15:30:30:23","A_0019C004_250528_152715_h1EI5","COOKE S4 753","753","40","T 2 3/10","3.097","3.7","-0.4","ARRI ALEXA 35"
"15:30:31:00","A_0019C004_250528_152715_h1EI5","COOKE S4 753","753","40","T 2 3/10","3.097","3.7","-0.4","ARRI ALEXA 35"
"15:30:31:01","A_0019C004_250528_152715_h1EI5","COOKE S4 753","753","40","T 2 3/10","3.097","3.7","-0.4","ARRI ALEXA 35"
"15:30:31:02","A_0019C004_250528_152715_h1EI5","COOKE S4 753","753","40","T 2 3/10","3.097","3.7","-0.4","ARRI ALEXA 35"
"15:30:31:03","A_0019C004_250528_152715_h1EI5","COOKE S4 753","753","40","T 2 3/10","3.097","3.7","-0.4","ARRI ALEXA 35"
"15:30:31:04","A_0019C004_250528_152715_h1EI5","COOKE S4 753","753","40","T 2 3/10","3.097","3.7","-0.4","ARRI ALEXA 35"
"15:30:31:05","A_0019C004_250528_152715_h1EI5","COOKE S4 753","753","40","T 2 3/10","3.097","3.7","-0.4","ARRI ALEXA 35"
"15:30:31:06","A_0019C004_250528_152715_h1EI5","COOKE S4 753","753","40","T 2 3/10","3.097","3.7","-0.4","ARRI ALEXA 35"
"15:30:31:07","A_0019C004_250528_152715_h1EI5","COOKE S4 753","753","40","T 2 3/10","3.097","3.7","-0.4","ARRI ALEXA 35"
"15:30:31:08","A_0019C004_250528_152715_h1EI5","COOKE S4 753","753","40","T 2 3/10","3.097","3.7","-0.4","ARRI ALEXA 35"
"15:30:31:09","A_0019C004_250528_152715_h1EI5","COOKE S4 753","753","40","T 2 3/10","3.097","3.7","-0.4","ARRI ALEXA 35"
"15:30:31:10","A_0019C004_250528_152715_h1EI5","COOKE S4 753","753","40","T 2 3/10","3.097","3.7","-0.4","ARRI ALEXA 35"
"15:30:31:11","A_0019C004_250528_152715_h1EI5","COOKE S4 753","753","40","T 2 3/10","3.097","3.7","-0.4","ARRI ALEXA 35"
"15:30:31:12","A_0019C004_250528_152715_h1EI5","COOKE S4 753","753","40","T 2 3/10","3.097","3.7","-0.4","ARRI ALEXA 35"
"15:30:31:13","A_0019C004_250528_152715_h1EI5","COOKE S4 753","753","40","T 2 3/10","3.097","3.7","-0.4","ARRI ALEXA 35"
"15:30:31:14","A_0019C004_250528_152715_h1EI5","COOKE S4 753","753","40","T 2 3/10","3.097","3.7","-0.4","ARRI ALEXA 35"
"15:30:31:15","A_0019C004_250528_152715_h1EI5","COOKE S4 753","753","40","T 2 3/10","3.097","3.7","-0.4","ARRI ALEXA 35"
"15:30:31:16","A_0019C004_250528_152715_h1EI5","COOKE S4 753","753","40","T 2 3/10","3.097","3.7","-0.4","ARRI ALEXA 35"
"15:30:31:17","A_0019C004_250528_152715_h1EI5","COOKE S4 753","753","40","T 2 3/10","3.097","3.7","-0.4","ARRI ALEXA 35"
"15:30:31:18","A_0019C004_250528_152715_h1EI5","COOKE S4 753","753","40","T 2 3/10","3.097","3.7","-0.4","ARRI ALEXA 35"
"15:30:31:19","A_0019C004_250528_152715_h1EI5","COOKE S4 753","753","40","T 2 3/10","3.097","3.7","-0.4","ARRI ALEXA 35"
"15:30:31:20","A_0019C004_250528_152715_h1EI5","COOKE S4 753","753","40","T 2 3/10","3.097","3.7","-0.4","ARRI ALEXA 35"
"15:30:31:21","A_0019C004_250528_152715_h1EI5","COOKE S4 753","753","40","T 2 3/10","3.097","3.7","-0.4","ARRI ALEXA 35"
"15:30:31:22","A_0019C004_250528_152715_h1EI5","COOKE S4 753","753","40","T 2 3/10","3.097","3.7","-0.4","ARRI ALEXA 35"
"15:30:31:23","A_0019C004_250528_152715_h1EI5","COOKE S4 753","753","40","T 2 3/10","3.097","3.7","-0.4","ARRI ALEXA 35"
"15:30:32:00","A_0019C004_250528_152715_h1EI5","COOKE S4 753","753","40","T 2 3/10","3.097","3.7","-0.4","ARRI ALEXA 35"
"15:30:32:01","A_0019C004_250528_152715_h1EI5","COOKE S4 753","753","40","T 2 3/10","3.094","3.7","-0.4","ARRI ALEXA 35"
"15:30:32:02","A_0019C004_250528_152715_h1EI5","COOKE S4 753","753","40","T 2 3/10","3.091","3.7","-0.4","ARRI ALEXA 35"
"15:30:32:03","A_0019C004_250528_152715_h1EI5","COOKE S4 753","753","40","T 2 3/10","3.091","3.7","-0.4","ARRI ALEXA 35"
"15:30:32:04","A_0019C004_250528_152715_h1EI5","COOKE S4 753","753","40","T 2 3/10","3.087","3.7","-0.4","ARRI ALEXA 35"
"15:30:32:05","A_0019C004_250528_152715_h1EI5","COOKE S4 753","753","40","T 2 3/10","3.087","3.7","-0.4","ARRI ALEXA 35"
"15:30:32:06","A_0019C004_250528_152715_h1EI5","COOKE S4 753","753","40","T 2 3/10","3.087","3.7","-0.4","ARRI ALEXA 35"
"15:30:32:07","A_0019C004_250528_152715_h1EI5","COOKE S4 753","753","40","T 2 3/10","3.087","3.7","-0.4","ARRI ALEXA 35"
"15:30:32:08","A_0019C004_250528_152715_h1EI5","COOKE S4 753","753","40","T 2 3/10","3.087","3.7","-0.4","ARRI ALEXA 35"
"15:30:32:09","A_0019C004_250528_152715_h1EI5","COOKE S4 753","753","40","T 2 3/10","3.087","3.7","-0.4","ARRI ALEXA 35"
"15:30:32:10","A_0019C004_250528_152715_h1EI5","COOKE S4 753","753","40","T 2 3/10","3.087","3.7","-0.4","ARRI ALEXA 35"
"15:30:32:11","A_0019C004_250528_152715_h1EI5","COOKE S4 753","753","40","T 2 3/10","3.087","3.7","-0.4","ARRI ALEXA 35"
"15:30:32:12","A_0019C004_250528_152715_h1EI5","COOKE S4 753","753","40","T 2 3/10","3.087","3.7","-0.4","ARRI ALEXA 35"
"15:30:32:13","A_0019C004_250528_152715_h1EI5","COOKE S4 753","753","40","T 2 3/10","3.087","3.7","-0.4","ARRI ALEXA 35"
"15:30:32:14","A_0019C004_250528_152715_h1EI5","COOKE S4 753","753","40","T 2 3/10","3.087","3.7","-0.4","ARRI ALEXA 35"
"15:30:32:15","A_0019C004_250528_152715_h1EI5","COOKE S4 753","753","40","T 2 3/10","3.087","3.7","-0.4","ARRI ALEXA 35"
"15:30:32:16","A_0019C004_250528_152715_h1EI5","COOKE S4 753","753","40","T 2 3/10","3.087","3.7","-0.4","ARRI ALEXA 35"
"15:30:32:17","A_0019C004_250528_152715_h1EI5","COOKE S4 753","753","40","T 2 3/10","3.087","3.7","-0.4","ARRI ALEXA 35"
"15:30:32:18","A_0019C004_250528_152715_h1EI5","COOKE S4 753","753","40","T 2 3/10","3.087","3.7","-0.4","ARRI ALEXA 35"
"15:30:32:19","A_0019C004_250528_152715_h1EI5","COOKE S4 753","753","40","T 2 3/10","3.087","3.7","-0.4","ARRI ALEXA 35"
"15:30:32:20","A_0019C004_250528_152715_h1EI5","COOKE S4 753","753","40","T 2 3/10","3.087","3.7","-0.4","ARRI ALEXA 35"
"15:30:32:21","A_0019C004_250528_152715_h1EI5","COOKE S4 753","753","40","T 2 3/10","3.087","3.7","-0.4","ARRI ALEXA 35"
"15:30:32:22","A_0019C004_250528_152715_h1EI5","COOKE S4 753","753","40","T 2 3/10","3.087","3.7","-0.4","ARRI ALEXA 35"
"15:30:32:23","A_0019C004_250528_152715_h1EI5","COOKE S4 753","753","40","T 2 3/10","3.087","3.7","-0.4","ARRI ALEXA 35"
"15:30:33:00","A_0019C004_250528_152715_h1EI5","COOKE S4 753","753","40","T 2 3/10","3.087","3.7","-0.4","ARRI ALEXA 35"
"15:30:33:01","A_0019C004_250528_152715_h1EI5","COOKE S4 753","753","40","T 2 3/10","3.087","3.7","-0.4","ARRI ALEXA 35"
"15:30:33:02","A_0019C004_250528_152715_h1EI5","COOKE S4 753","753","40","T 2 3/10","3.087","3.7","-0.4","ARRI ALEXA 35"
"15:30:33:03","A_0019C004_250528_152715_h1EI5","COOKE S4 753","753","40","T 2 3/10","3.087","3.7","-0.4","ARRI ALEXA 35"
"15:30:33:04","A_0019C004_250528_152715_h1EI5","COOKE S4 753","753","40","T 2 3/10","3.087","3.7","-0.4","ARRI ALEXA 35"
"15:30:33:05","A_0019C004_250528_152715_h1EI5","COOKE S4 753","753","40","T 2 3/10","3.087","3.7","-0.4","ARRI ALEXA 35"
"15:30:33:06","A_0019C004_250528_152715_h1EI5","COOKE S4 753","753","40","T 2 3/10","3.087","3.7","-0.4","ARRI ALEXA 35"
"15:30:33:07","A_0019C004_250528_152715_h1EI5","COOKE S4 753","753","40","T 2 3/10","3.087","3.7","-0.4","ARRI ALEXA 35"
"15:30:33:08","A_0019C004_250528_152715_h1EI5","COOKE S4 753","753","40","T 2 3/10","3.087","3.7","-0.4","ARRI ALEXA 35"
"15:30:33:09","A_0019C004_250528_152715_h1EI5","COOKE S4 753","753","40","T 2 3/10","3.087","3.7","-0.4","ARRI ALEXA 35"
"15:30:33:10","A_0019C004_250528_152715_h1EI5","COOKE S4 753","753","40","T 2 3/10","3.087","3.7","-0.4","ARRI ALEXA 35"
"15:30:33:11","A_0019C004_250528_152715_h1EI5","COOKE S4 753","753","40","T 2 3/10","3.087","3.7","-0.4","ARRI ALEXA 35"
"15:30:33:12","A_0019C004_250528_152715_h1EI5","COOKE S4 753","753","40","T 2 3/10","3.087","3.7","-0.4","ARRI ALEXA 35"
"15:30:33:13","A_0019C004_250528_152715_h1EI5","COOKE S4 753","753","40","T 2 3/10","3.087","3.7","-0.4","ARRI ALEXA 35"
"15:30:33:14","A_0019C004_250528_152715_h1EI5","COOKE S4 753","753","40","T 2 3/10","3.087","3.7","-0.4","ARRI ALEXA 35"
"15:30:33:15","A_0019C004_250528_152715_h1EI5","COOKE S4 753","753","40","T 2 3/10","3.087","3.7","-0.4","ARRI ALEXA 35"
"15:30:33:16","A_0019C004_250528_152715_h1EI5","COOKE S4 753","753","40","T 2 3/10","3.087","3.7","-0.4","ARRI ALEXA 35"
"15:30:33:17","A_0019C004_250528_152715_h1EI5","COOKE S4 753","753","40","T 2 3/10","3.087","3.7","-0.4","ARRI ALEXA 35"
"15:30:33:18","A_0019C004_250528_152715_h1EI5","COOKE S4 753","753","40","T 2 3/10","3.087","3.7","-0.4","ARRI ALEXA 35"
"15:30:33:19","A_0019C004_250528_152715_h1EI5","COOKE S4 753","753","40","T 2 3/10","3.087","3.7","-0.4","ARRI ALEXA 35"
"15:30:33:20","A_0019C004_250528_152715_h1EI5","COOKE S4 753","753","40","T 2 3/10","3.087","3.7","-0.4","ARRI ALEXA 35"
"15:30:33:21","A_0019C004_250528_152715_h1EI5","COOKE S4 753","753","40","T 2 3/10","3.087","3.7","-0.4","ARRI ALEXA 35"
"15:30:33:22","A_0019C004_250528_152715_h1EI5","COOKE S4 753","753","40","T 2 3/10","3.087","3.7","-0.4","ARRI ALEXA 35"
"15:30:33:23","A_0019C004_250528_152715_h1EI5","COOKE S4 753","753","40","T 2 3/10","3.087","3.7","-0.4","ARRI ALEXA 35"
"15:30:34:00","A_0019C004_250528_152715_h1EI5","COOKE S4 753","753","40","T 2 3/10","3.087","3.7","-0.4","ARRI ALEXA 35"
"15:30:34:01","A_0019C004_250528_152715_h1EI5","COOKE S4 753","753","40","T 2 3/10","3.087","3.7","-0.4","ARRI ALEXA 35"
"15:30:34:02","A_0019C004_250528_152715_h1EI5","COOKE S4 753","753","40","T 2 3/10","3.087","3.7","-0.4","ARRI ALEXA 35"
"15:30:34:03","A_0019C004_250528_152715_h1EI5","COOKE S4 753","753","40","T 2 3/10","3.087","3.7","-0.4","ARRI ALEXA 35"
"15:30:34:04","A_0019C004_250528_152715_h1EI5","COOKE S4 753","753","40","T 2 3/10","3.087","3.7","-0.4","ARRI ALEXA 35"
"15:30:34:05","A_0019C004_250528_152715_h1EI5","COOKE S4 753","753","40","T 2 3/10","3.087","3.7","-0.4","ARRI ALEXA 35"
"15:30:34:06","A_0019C004_250528_152715_h1EI5","COOKE S4 753","753","40","T 2 3/10","3.087","3.7","-0.4","ARRI ALEXA 35"
"15:30:34:07","A_0019C004_250528_152715_h1EI5","COOKE S4 753","753","40","T 2 3/10","3.087","3.7","-0.4","ARRI ALEXA 35"
"15:30:34:08","A_0019C004_250528_152715_h1EI5","COOKE S4 753","753","40","T 2 3/10","3.087","3.7","-0.4","ARRI ALEXA 35"
"15:30:34:09","A_0019C004_250528_152715_h1EI5","COOKE S4 753","753","40","T 2 3/10","3.087","3.7","-0.4","ARRI ALEXA 35"
"15:30:34:10","A_0019C004_250528_152715_h1EI5","COOKE S4 753","753","40","T 2 3/10","3.087","3.7","-0.4","ARRI ALEXA 35"
"15:30:34:11","A_0019C004_250528_152715_h1EI5","COOKE S4 753","753","40","T 2 3/10","3.087","3.7","-0.4","ARRI ALEXA 35"
"15:30:34:12","A_0019C004_250528_152715_h1EI5","COOKE S4 753","753","40","T 2 3/10","3.087","3.7","-0.4","ARRI ALEXA 35"
"15:30:34:13","A_0019C004_250528_152715_h1EI5","COOKE S4 753","753","40","T 2 3/10","3.087","3.7","-0.4","ARRI ALEXA 35"
"15:30:34:14","A_0019C004_250528_152715_h1EI5","COOKE S4 753","753","40","T 2 3/10","3.087","3.7","-0.4","ARRI ALEXA 35"
"15:30:34:15","A_0019C004_250528_152715_h1EI5","COOKE S4 753","753","40","T 2 3/10","3.087","3.7","-0.4","ARRI ALEXA 35"
"15:30:34:16","A_0019C004_250528_152715_h1EI5","COOKE S4 753","753","40","T 2 3/10","3.087","3.7","-0.4","ARRI ALEXA 35"
"15:30:34:17","A_0019C004_250528_152715_h1EI5","COOKE S4 753","753","40","T 2 3/10","3.087","3.7","-0.4","ARRI ALEXA 35"
"15:30:34:18","A_0019C004_250528_152715_h1EI5","COOKE S4 753","753","40","T 2 3/10","3.087","3.7","-0.4","ARRI ALEXA 35"
"15:30:34:19","A_0019C004_250528_152715_h1EI5","COOKE S4 753","753","40","T 2 3/10","3.087","3.7","-0.4","ARRI ALEXA 35"
"15:30:34:20","A_0019C004_250528_152715_h1EI5","COOKE S4 753","753","40","T 2 3/10","3.087","3.7","-0.4","ARRI ALEXA 35"
"15:30:34:21","A_0019C004_250528_152715_h1EI5","COOKE S4 753","753","40","T 2 3/10","3.087","3.7","-0.4","ARRI ALEXA 35"
"15:30:34:22","A_0019C004_250528_152715_h1EI5","COOKE S4 753","753","40","T 2 3/10","3.087","3.7","-0.4","ARRI ALEXA 35"
"15:30:34:23","A_0019C004_250528_152715_h1EI5","COOKE S4 753","753","40","T 2 3/10","3.087","3.7","-0.4","ARRI ALEXA 35"
"15:30:35:00","A_0019C004_250528_152715_h1EI5","COOKE S4 753","753","40","T 2 3/10","3.087","3.7","-0.4","ARRI ALEXA 35"
"15:30:35:01","A_0019C004_250528_152715_h1EI5","COOKE S4 753","753","40","T 2 3/10","3.087","3.7","-0.4","ARRI ALEXA 35"
"15:30:35:02","A_0019C004_250528_152715_h1EI5","COOKE S4 753","753","40","T 2 3/10","3.087","3.7","-0.4","ARRI ALEXA 35"
"15:30:35:03","A_0019C004_250528_152715_h1EI5","COOKE S4 753","753","40","T 2 3/10","3.087","3.7","-0.4","ARRI ALEXA 35"
"15:30:35:04","A_0019C004_250528_152715_h1EI5","COOKE S4 753","753","40","T 2 3/10","3.087","3.7","-0.4","ARRI ALEXA 35"
"15:30:35:05","A_0019C004_250528_152715_h1EI5","COOKE S4 753","753","40","T 2 3/10","3.087","3.7","-0.4","ARRI ALEXA 35"
"15:30:35:06","A_0019C004_250528_152715_h1EI5","COOKE S4 753","753","40","T 2 3/10","3.087","3.7","-0.4","ARRI ALEXA 35"
"15:30:35:07","A_0019C004_250528_152715_h1EI5","COOKE S4 753","753","40","T 2 3/10","3.087","3.7","-0.4","ARRI ALEXA 35"
"15:30:35:08","A_0019C004_250528_152715_h1EI5","COOKE S4 753","753","40","T 2 3/10","3.087","3.7","-0.4","ARRI ALEXA 35"
"15:30:35:09","A_0019C004_250528_152715_h1EI5","COOKE S4 753","753","40","T 2 3/10","3.091","3.7","-0.4","ARRI ALEXA 35"
"15:30:35:10","A_0019C004_250528_152715_h1EI5","COOKE S4 753","753","40","T 2 3/10","3.097","3.7","-0.4","ARRI ALEXA 35"
"15:30:35:11","A_0019C004_250528_152715_h1EI5","COOKE S4 753","753","40","T 2 3/10","3.104","3.7","-0.4","ARRI ALEXA 35"
"15:30:35:12","A_0019C004_250528_152715_h1EI5","COOKE S4 753","753","40","T 2 3/10","3.12","3.7","-0.4","ARRI ALEXA 35"
"15:30:35:13","A_0019C004_250528_152715_h1EI5","COOKE S4 753","753","40","T 2 3/10","3.12","3.7","-0.4","ARRI ALEXA 35"
"15:30:35:14","A_0019C004_250528_152715_h1EI5","COOKE S4 753","753","40","T 2 3/10","3.123","3.7","-0.4","ARRI ALEXA 35"
"15:30:35:15","A_0019C004_250528_152715_h1EI5","COOKE S4 753","753","40","T 2 3/10","3.127","3.7","-0.4","ARRI ALEXA 35"
"15:30:35:16","A_0019C004_250528_152715_h1EI5","COOKE S4 753","753","40","T 2 3/10","3.13","3.7","-0.4","ARRI ALEXA 35"
"15:30:35:17","A_0019C004_250528_152715_h1EI5","COOKE S4 753","753","40","T 2 3/10","3.13","3.7","-0.4","ARRI ALEXA 35"
"15:30:35:18","A_0019C004_250528_152715_h1EI5","COOKE S4 753","753","40","T 2 3/10","3.13","3.7","-0.4","ARRI ALEXA 35"
"15:30:35:19","A_0019C004_250528_152715_h1EI5","COOKE S4 753","753","40","T 2 3/10","3.13","3.7","-0.4","ARRI ALEXA 35"
"15:30:35:20","A_0019C004_250528_152715_h1EI5","COOKE S4 753","753","40","T 2 3/10","3.133","3.7","-0.4","ARRI ALEXA 35"
"15:30:35:21","A_0019C004_250528_152715_h1EI5","COOKE S4 753","753","40","T 2 3/10","3.136","3.7","-0.4","ARRI ALEXA 35"
"15:30:35:22","A_0019C004_250528_152715_h1EI5","COOKE S4 753","753","40","T 2 3/10","3.14","3.7","-0.4","ARRI ALEXA 35"
"15:30:35:23","A_0019C004_250528_152715_h1EI5","COOKE S4 753","753","40","T 2 3/10","3.143","3.7","-0.4","ARRI ALEXA 35"
"15:30:36:00","A_0019C004_250528_152715_h1EI5","COOKE S4 753","753","40","T 2 3/10","3.15","3.7","-0.4","ARRI ALEXA 35"
"15:30:36:01","A_0019C004_250528_152715_h1EI5","COOKE S4 753","753","40","T 2 3/10","3.15","3.7","-0.4","ARRI ALEXA 35"
"15:30:36:02","A_0019C004_250528_152715_h1EI5","COOKE S4 753","753","40","T 2 3/10","3.15","3.7","-0.4","ARRI ALEXA 35"
"15:30:36:03","A_0019C004_250528_152715_h1EI5","COOKE S4 753","753","40","T 2 3/10","3.153","3.7","-0.4","ARRI ALEXA 35"
"15:30:36:04","A_0019C004_250528_152715_h1EI5","COOKE S4 753","753","40","T 2 3/10","3.153","3.7","-0.4","ARRI ALEXA 35"
"15:30:36:05","A_0019C004_250528_152715_h1EI5","COOKE S4 753","753","40","T 2 3/10","3.153","3.7","-0.4","ARRI ALEXA 35"
"15:30:36:06","A_0019C004_250528_152715_h1EI5","COOKE S4 753","753","40","T 2 3/10","3.153","3.7","-0.4","ARRI ALEXA 35"
"15:30:36:07","A_0019C004_250528_152715_h1EI5","COOKE S4 753","753","40","T 2 3/10","3.153","3.7","-0.4","ARRI ALEXA 35"
"15:30:36:08","A_0019C004_250528_152715_h1EI5","COOKE S4 753","753","40","T 2 3/10","3.153","3.7","-0.4","ARRI ALEXA 35"
"15:30:36:09","A_0019C004_250528_152715_h1EI5","COOKE S4 753","753","40","T 2 3/10","3.153","3.7","-0.4","ARRI ALEXA 35"
"15:30:36:10","A_0019C004_250528_152715_h1EI5","COOKE S4 753","753","40","T 2 3/10","3.153","3.7","-0.4","ARRI ALEXA 35"
"15:30:36:11","A_0019C004_250528_152715_h1EI5","COOKE S4 753","753","40","T 2 3/10","3.153","3.7","-0.4","ARRI ALEXA 35"
"15:30:36:12","A_0019C004_250528_152715_h1EI5","COOKE S4 753","753","40","T 2 3/10","3.153","3.7","-0.4","ARRI ALEXA 35"
"15:30:36:13","A_0019C004_250528_152715_h1EI5","COOKE S4 753","753","40","T 2 3/10","3.153","3.7","-0.4","ARRI ALEXA 35"
"15:30:36:14","A_0019C004_250528_152715_h1EI5","COOKE S4 753","753","40","T 2 3/10","3.153","3.7","-0.4","ARRI ALEXA 35"
"15:30:36:15","A_0019C004_250528_152715_h1EI5","COOKE S4 753","753","40","T 2 3/10","3.153","3.7","-0.4","ARRI ALEXA 35"
"15:30:36:16","A_0019C004_250528_152715_h1EI5","COOKE S4 753","753","40","T 2 3/10","3.153","3.7","-0.4","ARRI ALEXA 35"
"15:30:36:17","A_0019C004_250528_152715_h1EI5","COOKE S4 753","753","40","T 2 3/10","3.153","3.7","-0.4","ARRI ALEXA 35"
"15:30:36:18","A_0019C004_250528_152715_h1EI5","COOKE S4 753","753","40","T 2 3/10","3.153","3.7","-0.4","ARRI ALEXA 35"
"15:30:36:19","A_0019C004_250528_152715_h1EI5","COOKE S4 753","753","40","T 2 3/10","3.153","3.7","-0.4","ARRI ALEXA 35"
"15:30:36:20","A_0019C004_250528_152715_h1EI5","COOKE S4 753","753","40","T 2 3/10","3.14","3.7","-0.4","ARRI ALEXA 35"
"15:30:36:21","A_0019C004_250528_152715_h1EI5","COOKE S4 753","753","40","T 2 3/10","3.136","3.7","-0.4","ARRI ALEXA 35"
"15:30:36:22","A_0019C004_250528_152715_h1EI5","COOKE S4 753","753","40","T 2 3/10","3.136","3.7","-0.4","ARRI ALEXA 35"
"15:30:36:23","A_0019C004_250528_152715_h1EI5","COOKE S4 753","753","40","T 2 3/10","3.136","3.7","-0.4","ARRI ALEXA 35"
"15:30:37:00","A_0019C004_250528_152715_h1EI5","COOKE S4 753","753","40","T 2 3/10","3.136","3.7","-0.4","ARRI ALEXA 35"
"15:30:37:01","A_0019C004_250528_152715_h1EI5","COOKE S4 753","753","40","T 2 3/10","3.136","3.7","-0.4","ARRI ALEXA 35"
"15:30:37:02","A_0019C004_250528_152715_h1EI5","COOKE S4 753","753","40","T 2 3/10","3.136","3.7","-0.4","ARRI ALEXA 35"
"15:30:37:03","A_0019C004_250528_152715_h1EI5","COOKE S4 753","753","40","T 2 3/10","3.136","3.7","-0.4","ARRI ALEXA 35"
"15:30:37:04","A_0019C004_250528_152715_h1EI5","COOKE S4 753","753","40","T 2 3/10","3.136","3.7","-0.4","ARRI ALEXA 35"
"15:30:37:05","A_0019C004_250528_152715_h1EI5","COOKE S4 753","753","40","T 2 3/10","3.136","3.7","-0.4","ARRI ALEXA 35"
"15:30:37:06","A_0019C004_250528_152715_h1EI5","COOKE S4 753","753","40","T 2 3/10","3.136","3.7","-0.4","ARRI ALEXA 35"
"15:30:37:07","A_0019C004_250528_152715_h1EI5","COOKE S4 753","753","40","T 2 3/10","3.133","3.7","-0.4","ARRI ALEXA 35"
"15:30:37:08","A_0019C004_250528_152715_h1EI5","COOKE S4 753","753","40","T 2 3/10","3.133","3.7","-0.4","ARRI ALEXA 35"
"15:30:37:09","A_0019C004_250528_152715_h1EI5","COOKE S4 753","753","40","T 2 3/10","3.133","3.7","-0.4","ARRI ALEXA 35"
"15:30:37:10","A_0019C004_250528_152715_h1EI5","COOKE S4 753","753","40","T 2 3/10","3.133","3.7","-0.4","ARRI ALEXA 35"
"15:30:37:11","A_0019C004_250528_152715_h1EI5","COOKE S4 753","753","40","T 2 3/10","3.133","3.7","-0.4","ARRI ALEXA 35"
"15:30:37:12","A_0019C004_250528_152715_h1EI5","COOKE S4 753","753","40","T 2 3/10","3.133","3.7","-0.4","ARRI ALEXA 35"
"15:30:37:13","A_0019C004_250528_152715_h1EI5","COOKE S4 753","753","40","T 2 3/10","3.133","3.7","-0.4","ARRI ALEXA 35"
"15:30:37:14","A_0019C004_250528_152715_h1EI5","COOKE S4 753","753","40","T 2 3/10","3.133","3.7","-0.4","ARRI ALEXA 35"
"15:30:37:15","A_0019C004_250528_152715_h1EI5","COOKE S4 753","753","40","T 2 3/10","3.133","3.7","-0.4","ARRI ALEXA 35"
"15:30:37:16","A_0019C004_250528_152715_h1EI5","COOKE S4 753","753","40","T 2 3/10","3.133","3.7","-0.4","ARRI ALEXA 35"
"15:30:37:17","A_0019C004_250528_152715_h1EI5","COOKE S4 753","753","40","T 2 3/10","3.133","3.7","-0.4","ARRI ALEXA 35"
"15:30:37:18","A_0019C004_250528_152715_h1EI5","COOKE S4 753","753","40","T 2 3/10","3.133","3.7","-0.4","ARRI ALEXA 35"
"15:30:37:19","A_0019C004_250528_152715_h1EI5","COOKE S4 753","753","40","T 2 3/10","3.133","3.7","-0.4","ARRI ALEXA 35"
"15:30:37:20","A_0019C004_250528_152715_h1EI5","COOKE S4 753","753","40","T 2 3/10","3.133","3.7","-0.4","ARRI ALEXA 35"
"15:30:37:21","A_0019C004_250528_152715_h1EI5","COOKE S4 753","753","40","T 2 3/10","3.133","3.7","-0.4","ARRI ALEXA 35"
"15:30:37:22","A_0019C004_250528_152715_h1EI5","COOKE S4 753","753","40","T 2 3/10","3.133","3.7","-0.4","ARRI ALEXA 35"
"15:30:37:23","A_0019C004_250528_152715_h1EI5","COOKE S4 753","753","40","T 2 3/10","3.133","3.7","-0.4","ARRI ALEXA 35"
"15:30:38:00","A_0019C004_250528_152715_h1EI5","COOKE S4 753","753","40","T 2 3/10","3.133","3.7","-0.4","ARRI ALEXA 35"
"15:30:38:01","A_0019C004_250528_152715_h1EI5","COOKE S4 753","753","40","T 2 3/10","3.133","3.7","-0.4","ARRI ALEXA 35"
"15:30:38:02","A_0019C004_250528_152715_h1EI5","COOKE S4 753","753","40","T 2 3/10","3.133","3.7","-0.4","ARRI ALEXA 35"
"15:30:38:03","A_0019C004_250528_152715_h1EI5","COOKE S4 753","753","40","T 2 3/10","3.133","3.7","-0.4","ARRI ALEXA 35"
"15:30:38:04","A_0019C004_250528_152715_h1EI5","COOKE S4 753","753","40","T 2 3/10","3.133","3.7","-0.4","ARRI ALEXA 35"
"15:30:38:05","A_0019C004_250528_152715_h1EI5","COOKE S4 753","753","40","T 2 3/10","3.133","3.7","-0.4","ARRI ALEXA 35"
"15:30:38:06","A_0019C004_250528_152715_h1EI5","COOKE S4 753","753","40","T 2 3/10","3.133","3.7","-0.4","ARRI ALEXA 35"
"15:30:38:07","A_0019C004_250528_152715_h1EI5","COOKE S4 753","753","40","T 2 3/10","3.133","3.7","-0.4","ARRI ALEXA 35"
"15:30:38:08","A_0019C004_250528_152715_h1EI5","COOKE S4 753","753","40","T 2 3/10","3.133","3.7","-0.4","ARRI ALEXA 35"
"15:30:38:09","A_0019C004_250528_152715_h1EI5","COOKE S4 753","753","40","T 2 3/10","3.133","3.7","-0.4","ARRI ALEXA 35"
"15:30:38:10","A_0019C004_250528_152715_h1EI5","COOKE S4 753","753","40","T 2 3/10","3.133","3.7","-0.4","ARRI ALEXA 35"
"15:30:38:11","A_0019C004_250528_152715_h1EI5","COOKE S4 753","753","40","T 2 3/10","3.133","3.7","-0.4","ARRI ALEXA 35"
"15:30:38:12","A_0019C004_250528_152715_h1EI5","COOKE S4 753","753","40","T 2 3/10","3.133","3.7","-0.4","ARRI ALEXA 35"
"15:30:38:13","A_0019C004_250528_152715_h1EI5","COOKE S4 753","753","40","T 2 3/10","3.133","3.7","-0.4","ARRI ALEXA 35"
"15:30:38:14","A_0019C004_250528_152715_h1EI5","COOKE S4 753","753","40","T 2 3/10","3.133","3.7","-0.4","ARRI ALEXA 35"
"15:30:38:15","A_0019C004_250528_152715_h1EI5","COOKE S4 753","753","40","T 2 3/10","3.133","3.7","-0.4","ARRI ALEXA 35"
"15:30:38:16","A_0019C004_250528_152715_h1EI5","COOKE S4 753","753","40","T 2 3/10","3.133","3.7","-0.4","ARRI ALEXA 35"
"15:30:38:17","A_0019C004_250528_152715_h1EI5","COOKE S4 753","753","40","T 2 3/10","3.133","3.7","-0.4","ARRI ALEXA 35"
"15:30:38:18","A_0019C004_250528_152715_h1EI5","COOKE S4 753","753","40","T 2 3/10","3.133","3.7","-0.4","ARRI ALEXA 35"
"15:30:38:19","A_0019C004_250528_152715_h1EI5","COOKE S4 753","753","40","T 2 3/10","3.133","3.7","-0.4","ARRI ALEXA 35"
"15:30:38:20","A_0019C004_250528_152715_h1EI5","COOKE S4 753","753","40","T 2 3/10","3.133","3.7","-0.4","ARRI ALEXA 35"
"15:30:38:21","A_0019C004_250528_152715_h1EI5","COOKE S4 753","753","40","T 2 3/10","3.133","3.7","-0.4","ARRI ALEXA 35"
"15:30:38:22","A_0019C004_250528_152715_h1EI5","COOKE S4 753","753","40","T 2 3/10","3.133","3.7","-0.4","ARRI ALEXA 35"
"15:30:38:23","A_0019C004_250528_152715_h1EI5","COOKE S4 753","753","40","T 2 3/10","3.133","3.7","-0.4","ARRI ALEXA 35"
"15:30:39:00","A_0019C004_250528_152715_h1EI5","COOKE S4 753","753","40","T 2 3/10","3.133","3.7","-0.4","ARRI ALEXA 35"
"15:30:39:01","A_0019C004_250528_152715_h1EI5","COOKE S4 753","753","40","T 2 3/10","3.133","3.7","-0.4","ARRI ALEXA 35"
"15:30:39:02","A_0019C004_250528_152715_h1EI5","COOKE S4 753","753","40","T 2 3/10","3.133","3.7","-0.4","ARRI ALEXA 35"
"15:30:39:03","A_0019C004_250528_152715_h1EI5","COOKE S4 753","753","40","T 2 3/10","3.13","3.7","-0.4","ARRI ALEXA 35"
"15:30:39:04","A_0019C004_250528_152715_h1EI5","COOKE S4 753","753","40","T 2 3/10","3.13","3.7","-0.4","ARRI ALEXA 35"
"15:30:39:05","A_0019C004_250528_152715_h1EI5","COOKE S4 753","753","40","T 2 3/10","3.13","3.7","-0.4","ARRI ALEXA 35"
"15:30:39:06","A_0019C004_250528_152715_h1EI5","COOKE S4 753","753","40","T 2 3/10","3.13","3.7","-0.4","ARRI ALEXA 35"
"15:30:39:07","A_0019C004_250528_152715_h1EI5","COOKE S4 753","753","40","T 2 3/10","3.13","3.7","-0.4","ARRI ALEXA 35"
"15:30:39:08","A_0019C004_250528_152715_h1EI5","COOKE S4 753","753","40","T 2 3/10","3.13","3.7","-0.4","ARRI ALEXA 35"
"15:30:39:09","A_0019C004_250528_152715_h1EI5","COOKE S4 753","753","40","T 2 3/10","3.13","3.7","-0.4","ARRI ALEXA 35"
"15:30:39:10","A_0019C004_250528_152715_h1EI5","COOKE S4 753","753","40","T 2 3/10","3.13","3.7","-0.4","ARRI ALEXA 35"
"15:30:39:11","A_0019C004_250528_152715_h1EI5","COOKE S4 753","753","40","T 2 3/10","3.13","3.7","-0.4","ARRI ALEXA 35"
"15:30:39:12","A_0019C004_250528_152715_h1EI5","COOKE S4 753","753","40","T 2 3/10","3.13","3.7","-0.4","ARRI ALEXA 35"
"15:30:39:13","A_0019C004_250528_152715_h1EI5","COOKE S4 753","753","40","T 2 3/10","3.13","3.7","-0.4","ARRI ALEXA 35"
"15:30:39:14","A_0019C004_250528_152715_h1EI5","COOKE S4 753","753","40","T 2 3/10","3.13","3.7","-0.4","ARRI ALEXA 35"
"15:30:39:15","A_0019C004_250528_152715_h1EI5","COOKE S4 753","753","40","T 2 3/10","3.13","3.7","-0.4","ARRI ALEXA 35"
"15:30:39:16","A_0019C004_250528_152715_h1EI5","COOKE S4 753","753","40","T 2 3/10","3.13","3.7","-0.4","ARRI ALEXA 35"
"15:30:39:17","A_0019C004_250528_152715_h1EI5","COOKE S4 753","753","40","T 2 3/10","3.13","3.7","-0.4","ARRI ALEXA 35"
"15:30:39:18","A_0019C004_250528_152715_h1EI5","COOKE S4 753","753","40","T 2 3/10","3.13","3.7","-0.4","ARRI ALEXA 35"
"15:30:39:19","A_0019C004_250528_152715_h1EI5","COOKE S4 753","753","40","T 2 3/10","3.13","3.7","-0.4","ARRI ALEXA 35"
"15:30:39:20","A_0019C004_250528_152715_h1EI5","COOKE S4 753","753","40","T 2 3/10","3.13","3.7","-0.4","ARRI ALEXA 35"
"15:30:39:21","A_0019C004_250528_152715_h1EI5","COOKE S4 753","753","40","T 2 3/10","3.13","3.7","-0.4","ARRI ALEXA 35"
"15:30:39:22","A_0019C004_250528_152715_h1EI5","COOKE S4 753","753","40","T 2 3/10","3.13","3.7","-0.4","ARRI ALEXA 35"
"15:30:39:23","A_0019C004_250528_152715_h1EI5","COOKE S4 753","753","40","T 2 3/10","3.13","3.7","-0.4","ARRI ALEXA 35"
"15:30:40:00","A_0019C004_250528_152715_h1EI5","COOKE S4 753","753","40","T 2 3/10","3.13","3.7","-0.4","ARRI ALEXA 35"
"15:30:40:01","A_0019C004_250528_152715_h1EI5","COOKE S4 753","753","40","T 2 3/10","3.13","3.7","-0.4","ARRI ALEXA 35"
"15:30:40:02","A_0019C004_250528_152715_h1EI5","COOKE S4 753","753","40","T 2 3/10","3.13","3.7","-0.4","ARRI ALEXA 35"
"15:30:40:03","A_0019C004_250528_152715_h1EI5","COOKE S4 753","753","40","T 2 3/10","3.13","3.7","-0.4","ARRI ALEXA 35"
"15:30:40:04","A_0019C004_250528_152715_h1EI5","COOKE S4 753","753","40","T 2 3/10","3.13","3.7","-0.4","ARRI ALEXA 35"
"15:30:40:05","A_0019C004_250528_152715_h1EI5","COOKE S4 753","753","40","T 2 3/10","3.13","3.7","-0.4","ARRI ALEXA 35"
"15:30:40:06","A_0019C004_250528_152715_h1EI5","COOKE S4 753","753","40","T 2 3/10","3.13","3.7","-0.4","ARRI ALEXA 35"
"15:30:40:07","A_0019C004_250528_152715_h1EI5","COOKE S4 753","753","40","T 2 3/10","3.13","3.7","-0.4","ARRI ALEXA 35"
"15:30:40:08","A_0019C004_250528_152715_h1EI5","COOKE S4 753","753","40","T 2 3/10","3.13","3.7","-0.4","ARRI ALEXA 35"
"15:30:40:09","A_0019C004_250528_152715_h1EI5","COOKE S4 753","753","40","T 2 3/10","3.13","3.7","-0.4","ARRI ALEXA 35"
"15:30:40:10","A_0019C004_250528_152715_h1EI5","COOKE S4 753","753","40","T 2 3/10","3.13","3.7","-0.4","ARRI ALEXA 35"
"15:30:40:11","A_0019C004_250528_152715_h1EI5","COOKE S4 753","753","40","T 2 3/10","3.13","3.7","-0.4","ARRI ALEXA 35"
"15:30:40:12","A_0019C004_250528_152715_h1EI5","COOKE S4 753","753","40","T 2 3/10","3.13","3.7","-0.4","ARRI ALEXA 35"
"15:30:40:13","A_0019C004_250528_152715_h1EI5","COOKE S4 753","753","40","T 2 3/10","3.13","3.7","-0.4","ARRI ALEXA 35"
"15:30:40:14","A_0019C004_250528_152715_h1EI5","COOKE S4 753","753","40","T 2 3/10","3.13","3.7","-0.4","ARRI ALEXA 35"
"15:30:40:15","A_0019C004_250528_152715_h1EI5","COOKE S4 753","753","40","T 2 3/10","3.13","3.7","-0.4","ARRI ALEXA 35"
"15:30:40:16","A_0019C004_250528_152715_h1EI5","COOKE S4 753","753","40","T 2 3/10","3.13","3.7","-0.4","ARRI ALEXA 35"
"15:30:40:17","A_0019C004_250528_152715_h1EI5","COOKE S4 753","753","40","T 2 3/10","3.13","3.7","-0.4","ARRI ALEXA 35"
"15:30:40:18","A_0019C004_250528_152715_h1EI5","COOKE S4 753","753","40","T 2 3/10","3.13","3.7","-0.4","ARRI ALEXA 35"
"15:30:40:19","A_0019C004_250528_152715_h1EI5","COOKE S4 753","753","40","T 2 3/10","3.13","3.7","-0.4","ARRI ALEXA 35"
"15:30:40:20","A_0019C004_250528_152715_h1EI5","COOKE S4 753","753","40","T 2 3/10","3.13","3.7","-0.4","ARRI ALEXA 35"
"15:30:40:21","A_0019C004_250528_152715_h1EI5","COOKE S4 753","753","40","T 2 3/10","3.13","3.7","-0.4","ARRI ALEXA 35"
"15:30:40:22","A_0019C004_250528_152715_h1EI5","COOKE S4 753","753","40","T 2 3/10","3.13","3.7","-0.4","ARRI ALEXA 35"
"15:30:40:23","A_0019C004_250528_152715_h1EI5","COOKE S4 753","753","40","T 2 3/10","3.13","3.7","-0.4","ARRI ALEXA 35"
"15:30:41:00","A_0019C004_250528_152715_h1EI5","COOKE S4 753","753","40","T 2 3/10","3.13","3.7","-0.4","ARRI ALEXA 35"
"15:30:41:01","A_0019C004_250528_152715_h1EI5","COOKE S4 753","753","40","T 2 3/10","3.13","3.7","-0.4","ARRI ALEXA 35"
"15:30:41:02","A_0019C004_250528_152715_h1EI5","COOKE S4 753","753","40","T 2 3/10","3.13","3.7","-0.4","ARRI ALEXA 35"
"15:30:41:03","A_0019C004_250528_152715_h1EI5","COOKE S4 753","753","40","T 2 3/10","3.13","3.7","-0.4","ARRI ALEXA 35"
"15:30:41:04","A_0019C004_250528_152715_h1EI5","COOKE S4 753","753","40","T 2 3/10","3.13","3.7","-0.4","ARRI ALEXA 35"
"15:30:41:05","A_0019C004_250528_152715_h1EI5","COOKE S4 753","753","40","T 2 3/10","3.13","3.7","-0.4","ARRI ALEXA 35"
"15:30:41:06","A_0019C004_250528_152715_h1EI5","COOKE S4 753","753","40","T 2 3/10","3.13","3.7","-0.4","ARRI ALEXA 35"
"15:30:41:07","A_0019C004_250528_152715_h1EI5","COOKE S4 753","753","40","T 2 3/10","3.13","3.7","-0.4","ARRI ALEXA 35"
"15:30:41:08","A_0019C004_250528_152715_h1EI5","COOKE S4 753","753","40","T 2 3/10","3.13","3.7","-0.4","ARRI ALEXA 35"
"15:30:41:09","A_0019C004_250528_152715_h1EI5","COOKE S4 753","753","40","T 2 3/10","3.13","3.7","-0.4","ARRI ALEXA 35"
"15:30:41:10","A_0019C004_250528_152715_h1EI5","COOKE S4 753","753","40","T 2 3/10","3.13","3.7","-0.4","ARRI ALEXA 35"
"15:30:41:11","A_0019C004_250528_152715_h1EI5","COOKE S4 753","753","40","T 2 3/10","3.13","3.7","-0.4","ARRI ALEXA 35"
"15:30:41:12","A_0019C004_250528_152715_h1EI5","COOKE S4 753","753","40","T 2 3/10","3.13","3.7","-0.4","ARRI ALEXA 35"
"15:30:41:13","A_0019C004_250528_152715_h1EI5","COOKE S4 753","753","40","T 2 3/10","3.13","3.7","-0.4","ARRI ALEXA 35"
"15:30:41:14","A_0019C004_250528_152715_h1EI5","COOKE S4 753","753","40","T 2 3/10","3.13","3.7","-0.4","ARRI ALEXA 35"
"15:30:41:15","A_0019C004_250528_152715_h1EI5","COOKE S4 753","753","40","T 2 3/10","3.13","3.7","-0.4","ARRI ALEXA 35"
"15:30:41:16","A_0019C004_250528_152715_h1EI5","COOKE S4 753","753","40","T 2 3/10","3.13","3.7","-0.4","ARRI ALEXA 35"
"15:30:41:17","A_0019C004_250528_152715_h1EI5","COOKE S4 753","753","40","T 2 3/10","3.13","3.7","-0.4","ARRI ALEXA 35"
"15:30:41:18","A_0019C004_250528_152715_h1EI5","COOKE S4 753","753","40","T 2 3/10","3.13","3.7","-0.4","ARRI ALEXA 35"
"15:30:41:19","A_0019C004_250528_152715_h1EI5","COOKE S4 753","753","40","T 2 3/10","3.13","3.7","-0.4","ARRI ALEXA 35"
"15:30:41:20","A_0019C004_250528_152715_h1EI5","COOKE S4 753","753","40","T 2 3/10","3.13","3.7","-0.4","ARRI ALEXA 35"
"15:30:41:21","A_0019C004_250528_152715_h1EI5","COOKE S4 753","753","40","T 2 3/10","3.13","3.7","-0.4","ARRI ALEXA 35"
"15:30:41:22","A_0019C004_250528_152715_h1EI5","COOKE S4 753","753","40","T 2 3/10","3.13","3.7","-0.4","ARRI ALEXA 35"
"15:30:41:23","A_0019C004_250528_152715_h1EI5","COOKE S4 753","753","40","T 2 3/10","3.13","3.7","-0.4","ARRI ALEXA 35"
"15:30:42:00","A_0019C004_250528_152715_h1EI5","COOKE S4 753","753","40","T 2 3/10","3.13","3.7","-0.4","ARRI ALEXA 35"
"15:30:42:01","A_0019C004_250528_152715_h1EI5","COOKE S4 753","753","40","T 2 3/10","3.13","3.7","-0.4","ARRI ALEXA 35"
"15:30:42:02","A_0019C004_250528_152715_h1EI5","COOKE S4 753","753","40","T 2 3/10","3.13","3.7","-0.4","ARRI ALEXA 35"
"15:30:42:03","A_0019C004_250528_152715_h1EI5","COOKE S4 753","753","40","T 2 3/10","3.13","3.7","-0.4","ARRI ALEXA 35"
"15:30:42:04","A_0019C004_250528_152715_h1EI5","COOKE S4 753","753","40","T 2 3/10","3.13","3.7","-0.4","ARRI ALEXA 35"
"15:30:42:05","A_0019C004_250528_152715_h1EI5","COOKE S4 753","753","40","T 2 3/10","3.11","3.7","-0.4","ARRI ALEXA 35"
"15:30:42:06","A_0019C004_250528_152715_h1EI5","COOKE S4 753","753","40","T 2 3/10","3.107","3.7","-0.4","ARRI ALEXA 35"
"15:30:42:07","A_0019C004_250528_152715_h1EI5","COOKE S4 753","753","40","T 2 3/10","3.091","3.7","-0.4","ARRI ALEXA 35"
"15:30:42:08","A_0019C004_250528_152715_h1EI5","COOKE S4 753","753","40","T 2 3/10","3.091","3.7","-0.4","ARRI ALEXA 35"
"15:30:42:09","A_0019C004_250528_152715_h1EI5","COOKE S4 753","753","40","T 2 3/10","3.091","3.7","-0.4","ARRI ALEXA 35"
"15:30:42:10","A_0019C004_250528_152715_h1EI5","COOKE S4 753","753","40","T 2 3/10","3.091","3.7","-0.4","ARRI ALEXA 35"
"15:30:42:11","A_0019C004_250528_152715_h1EI5","COOKE S4 753","753","40","T 2 3/10","3.091","3.7","-0.4","ARRI ALEXA 35"
"15:30:42:12","A_0019C004_250528_152715_h1EI5","COOKE S4 753","753","40","T 2 3/10","3.091","3.7","-0.4","ARRI ALEXA 35"
"15:30:42:13","A_0019C004_250528_152715_h1EI5","COOKE S4 753","753","40","T 2 3/10","3.087","3.7","-0.4","ARRI ALEXA 35"
"15:30:42:14","A_0019C004_250528_152715_h1EI5","COOKE S4 753","753","40","T 2 3/10","3.087","3.7","-0.4","ARRI ALEXA 35"
"15:30:42:15","A_0019C004_250528_152715_h1EI5","COOKE S4 753","753","40","T 2 3/10","3.087","3.7","-0.4","ARRI ALEXA 35"
"15:30:42:16","A_0019C004_250528_152715_h1EI5","COOKE S4 753","753","40","T 2 3/10","3.087","3.7","-0.4","ARRI ALEXA 35"
"15:30:42:17","A_0019C004_250528_152715_h1EI5","COOKE S4 753","753","40","T 2 3/10","3.087","3.7","-0.4","ARRI ALEXA 35"
"15:30:42:18","A_0019C004_250528_152715_h1EI5","COOKE S4 753","753","40","T 2 3/10","3.087","3.7","-0.4","ARRI ALEXA 35"
"15:30:42:19","A_0019C004_250528_152715_h1EI5","COOKE S4 753","753","40","T 2 3/10","3.087","3.7","-0.4","ARRI ALEXA 35"
"15:30:42:20","A_0019C004_250528_152715_h1EI5","COOKE S4 753","753","40","T 2 3/10","3.087","3.7","-0.4","ARRI ALEXA 35"
"15:30:42:21","A_0019C004_250528_152715_h1EI5","COOKE S4 753","753","40","T 2 3/10","3.084","3.7","-0.4","ARRI ALEXA 35"
"15:30:42:22","A_0019C004_250528_152715_h1EI5","COOKE S4 753","753","40","T 2 3/10","3.084","3.7","-0.4","ARRI ALEXA 35"
"15:30:42:23","A_0019C004_250528_152715_h1EI5","COOKE S4 753","753","40","T 2 3/10","3.084","3.7","-0.4","ARRI ALEXA 35"
"15:30:43:00","A_0019C004_250528_152715_h1EI5","COOKE S4 753","753","40","T 2 3/10","3.084","3.7","-0.4","ARRI ALEXA 35"
"15:30:43:01","A_0019C004_250528_152715_h1EI5","COOKE S4 753","753","40","T 2 3/10","3.084","3.7","-0.4","ARRI ALEXA 35"
"15:30:43:02","A_0019C004_250528_152715_h1EI5","COOKE S4 753","753","40","T 2 3/10","3.084","3.7","-0.4","ARRI ALEXA 35"
"15:30:43:03","A_0019C004_250528_152715_h1EI5","COOKE S4 753","753","40","T 2 3/10","3.084","3.7","-0.4","ARRI ALEXA 35"
"15:30:43:04","A_0019C004_250528_152715_h1EI5","COOKE S4 753","753","40","T 2 3/10","3.084","3.7","-0.4","ARRI ALEXA 35"
"15:30:43:05","A_0019C004_250528_152715_h1EI5","COOKE S4 753","753","40","T 2 3/10","3.084","3.7","-0.4","ARRI ALEXA 35"
"15:30:43:06","A_0019C004_250528_152715_h1EI5","COOKE S4 753","753","40","T 2 3/10","3.084","3.7","-0.4","ARRI ALEXA 35"
"15:30:43:07","A_0019C004_250528_152715_h1EI5","COOKE S4 753","753","40","T 2 3/10","3.084","3.7","-0.4","ARRI ALEXA 35"
"15:30:43:08","A_0019C004_250528_152715_h1EI5","COOKE S4 753","753","40","T 2 3/10","3.084","3.7","-0.4","ARRI ALEXA 35"
"15:30:43:09","A_0019C004_250528_152715_h1EI5","COOKE S4 753","753","40","T 2 3/10","3.084","3.7","-0.4","ARRI ALEXA 35"
"15:30:43:10","A_0019C004_250528_152715_h1EI5","COOKE S4 753","753","40","T 2 3/10","3.084","3.7","-0.4","ARRI ALEXA 35"
"15:30:43:11","A_0019C004_250528_152715_h1EI5","COOKE S4 753","753","40","T 2 3/10","3.084","3.7","-0.4","ARRI ALEXA 35"
"15:30:43:12","A_0019C004_250528_152715_h1EI5","COOKE S4 753","753","40","T 2 3/10","3.084","3.7","-0.4","ARRI ALEXA 35"
"15:30:43:13","A_0019C004_250528_152715_h1EI5","COOKE S4 753","753","40","T 2 3/10","3.084","3.7","-0.4","ARRI ALEXA 35"
"15:30:43:14","A_0019C004_250528_152715_h1EI5","COOKE S4 753","753","40","T 2 3/10","3.084","3.7","-0.4","ARRI ALEXA 35"
"15:30:43:15","A_0019C004_250528_152715_h1EI5","COOKE S4 753","753","40","T 2 3/10","3.084","3.7","-0.4","ARRI ALEXA 35"
"15:30:43:16","A_0019C004_250528_152715_h1EI5","COOKE S4 753","753","40","T 2 3/10","3.084","3.7","-0.4","ARRI ALEXA 35"
"15:30:43:17","A_0019C004_250528_152715_h1EI5","COOKE S4 753","753","40","T 2 3/10","3.084","3.7","-0.4","ARRI ALEXA 35"
"15:30:43:18","A_0019C004_250528_152715_h1EI5","COOKE S4 753","753","40","T 2 3/10","3.081","3.7","-0.4","ARRI ALEXA 35"
"15:30:43:19","A_0019C004_250528_152715_h1EI5","COOKE S4 753","753","40","T 2 3/10","3.081","3.7","-0.4","ARRI ALEXA 35"
"15:30:43:20","A_0019C004_250528_152715_h1EI5","COOKE S4 753","753","40","T 2 3/10","3.081","3.7","-0.4","ARRI ALEXA 35"
"15:30:43:21","A_0019C004_250528_152715_h1EI5","COOKE S4 753","753","40","T 2 3/10","3.077","3.7","-0.4","ARRI ALEXA 35"
"15:30:43:22","A_0019C004_250528_152715_h1EI5","COOKE S4 753","753","40","T 2 3/10","3.071","3.7","-0.4","ARRI ALEXA 35"
"15:30:43:23","A_0019C004_250528_152715_h1EI5","COOKE S4 753","753","40","T 2 3/10","3.071","3.7","-0.4","ARRI ALEXA 35"
"15:30:44:00","A_0019C004_250528_152715_h1EI5","COOKE S4 753","753","40","T 2 3/10","3.064","3.7","-0.4","ARRI ALEXA 35"
"15:30:44:01","A_0019C004_250528_152715_h1EI5","COOKE S4 753","753","40","T 2 3/10","3.064","3.7","-0.4","ARRI ALEXA 35"
"15:30:44:02","A_0019C004_250528_152715_h1EI5","COOKE S4 753","753","40","T 2 3/10","3.064","3.7","-0.4","ARRI ALEXA 35"
"15:30:44:03","A_0019C004_250528_152715_h1EI5","COOKE S4 753","753","40","T 2 3/10","3.064","3.7","-0.4","ARRI ALEXA 35"
"15:30:44:04","A_0019C004_250528_152715_h1EI5","COOKE S4 753","753","40","T 2 3/10","3.064","3.7","-0.4","ARRI ALEXA 35"
"15:30:44:05","A_0019C004_250528_152715_h1EI5","COOKE S4 753","753","40","T 2 3/10","3.064","3.7","-0.4","ARRI ALEXA 35"
"15:30:44:06","A_0019C004_250528_152715_h1EI5","COOKE S4 753","753","40","T 2 3/10","3.064","3.7","-0.4","ARRI ALEXA 35"
"15:30:44:07","A_0019C004_250528_152715_h1EI5","COOKE S4 753","753","40","T 2 3/10","3.064","3.7","-0.4","ARRI ALEXA 35"
"15:30:44:08","A_0019C004_250528_152715_h1EI5","COOKE S4 753","753","40","T 2 3/10","3.064","3.7","-0.4","ARRI ALEXA 35"
"15:30:44:09","A_0019C004_250528_152715_h1EI5","COOKE S4 753","753","40","T 2 3/10","3.064","3.7","-0.4","ARRI ALEXA 35"
"15:30:44:10","A_0019C004_250528_152715_h1EI5","COOKE S4 753","753","40","T 2 3/10","3.064","3.7","-0.4","ARRI ALEXA 35"
"15:30:44:11","A_0019C004_250528_152715_h1EI5","COOKE S4 753","753","40","T 2 3/10","3.064","3.7","-0.4","ARRI ALEXA 35"
"15:30:44:12","A_0019C004_250528_152715_h1EI5","COOKE S4 753","753","40","T 2 3/10","3.064","3.7","-0.4","ARRI ALEXA 35"
"15:30:44:13","A_0019C004_250528_152715_h1EI5","COOKE S4 753","753","40","T 2 3/10","3.064","3.7","-0.4","ARRI ALEXA 35"
"15:30:44:14","A_0019C004_250528_152715_h1EI5","COOKE S4 753","753","40","T 2 3/10","3.071","3.7","-0.4","ARRI ALEXA 35"
"15:30:44:15","A_0019C004_250528_152715_h1EI5","COOKE S4 753","753","40","T 2 3/10","3.074","3.7","-0.4","ARRI ALEXA 35"
"15:30:44:16","A_0019C004_250528_152715_h1EI5","COOKE S4 753","753","40","T 2 3/10","3.074","3.7","-0.4","ARRI ALEXA 35"
"15:30:44:17","A_0019C004_250528_152715_h1EI5","COOKE S4 753","753","40","T 2 3/10","3.081","3.7","-0.4","ARRI ALEXA 35"
"15:30:44:18","A_0019C004_250528_152715_h1EI5","COOKE S4 753","753","40","T 2 3/10","3.084","3.7","-0.4","ARRI ALEXA 35"
"15:30:44:19","A_0019C004_250528_152715_h1EI5","COOKE S4 753","753","40","T 2 3/10","3.087","3.7","-0.4","ARRI ALEXA 35"
"15:30:44:20","A_0019C004_250528_152715_h1EI5","COOKE S4 753","753","40","T 2 3/10","3.087","3.7","-0.4","ARRI ALEXA 35"
"15:30:44:21","A_0019C004_250528_152715_h1EI5","COOKE S4 753","753","40","T 2 3/10","3.087","3.7","-0.4","ARRI ALEXA 35"
"15:30:44:22","A_0019C004_250528_152715_h1EI5","COOKE S4 753","753","40","T 2 3/10","3.091","3.7","-0.4","ARRI ALEXA 35"
"15:30:44:23","A_0019C004_250528_152715_h1EI5","COOKE S4 753","753","40","T 2 3/10","3.091","3.7","-0.4","ARRI ALEXA 35"
"15:30:45:00","A_0019C004_250528_152715_h1EI5","COOKE S4 753","753","40","T 2 3/10","3.091","3.7","-0.4","ARRI ALEXA 35"
"15:30:45:01","A_0019C004_250528_152715_h1EI5","COOKE S4 753","753","40","T 2 3/10","3.091","3.7","-0.4","ARRI ALEXA 35"
"15:30:45:02","A_0019C004_250528_152715_h1EI5","COOKE S4 753","753","40","T 2 3/10","3.091","3.7","-0.4","ARRI ALEXA 35"
"15:30:45:03","A_0019C004_250528_152715_h1EI5","COOKE S4 753","753","40","T 2 3/10","3.091","3.7","-0.4","ARRI ALEXA 35"
"15:30:45:04","A_0019C004_250528_152715_h1EI5","COOKE S4 753","753","40","T 2 3/10","3.091","3.7","-0.4","ARRI ALEXA 35"
"15:30:45:05","A_0019C004_250528_152715_h1EI5","COOKE S4 753","753","40","T 2 3/10","3.091","3.7","-0.4","ARRI ALEXA 35"
"15:30:45:06","A_0019C004_250528_152715_h1EI5","COOKE S4 753","753","40","T 2 3/10","3.091","3.7","-0.4","ARRI ALEXA 35"
"15:30:45:07","A_0019C004_250528_152715_h1EI5","COOKE S4 753","753","40","T 2 3/10","3.091","3.7","-0.4","ARRI ALEXA 35"
"15:30:45:08","A_0019C004_250528_152715_h1EI5","COOKE S4 753","753","40","T 2 3/10","3.091","3.7","-0.4","ARRI ALEXA 35"
"15:30:45:09","A_0019C004_250528_152715_h1EI5","COOKE S4 753","753","40","T 2 3/10","3.091","3.7","-0.4","ARRI ALEXA 35"
"15:30:45:10","A_0019C004_250528_152715_h1EI5","COOKE S4 753","753","40","T 2 3/10","3.091","3.7","-0.4","ARRI ALEXA 35"
"15:30:45:11","A_0019C004_250528_152715_h1EI5","COOKE S4 753","753","40","T 2 3/10","3.094","3.7","-0.4","ARRI ALEXA 35"
"15:30:45:12","A_0019C004_250528_152715_h1EI5","COOKE S4 753","753","40","T 2 3/10","3.094","3.7","-0.4","ARRI ALEXA 35"
"15:30:45:13","A_0019C004_250528_152715_h1EI5","COOKE S4 753","753","40","T 2 3/10","3.094","3.7","-0.4","ARRI ALEXA 35"
"15:30:45:14","A_0019C004_250528_152715_h1EI5","COOKE S4 753","753","40","T 2 3/10","3.094","3.7","-0.4","ARRI ALEXA 35"
"15:30:45:15","A_0019C004_250528_152715_h1EI5","COOKE S4 753","753","40","T 2 3/10","3.094","3.7","-0.4","ARRI ALEXA 35"
"15:30:45:16","A_0019C004_250528_152715_h1EI5","COOKE S4 753","753","40","T 2 3/10","3.094","3.7","-0.4","ARRI ALEXA 35"
"15:30:45:17","A_0019C004_250528_152715_h1EI5","COOKE S4 753","753","40","T 2 3/10","3.094","3.7","-0.4","ARRI ALEXA 35"
"15:30:45:18","A_0019C004_250528_152715_h1EI5","COOKE S4 753","753","40","T 2 3/10","3.094","3.7","-0.4","ARRI ALEXA 35"
"15:30:45:19","A_0019C004_250528_152715_h1EI5","COOKE S4 753","753","40","T 2 3/10","3.094","3.7","-0.4","ARRI ALEXA 35"
"15:30:45:20","A_0019C004_250528_152715_h1EI5","COOKE S4 753","753","40","T 2 3/10","3.094","3.7","-0.4","ARRI ALEXA 35"
"15:30:45:21","A_0019C004_250528_152715_h1EI5","COOKE S4 753","753","40","T 2 3/10","3.087","3.7","-0.4","ARRI ALEXA 35"
"15:30:45:22","A_0019C004_250528_152715_h1EI5","COOKE S4 753","753","40","T 2 3/10","3.081","3.7","-0.4","ARRI ALEXA 35"
"15:30:45:23","A_0019C004_250528_152715_h1EI5","COOKE S4 753","753","40","T 2 3/10","3.081","3.7","-0.4","ARRI ALEXA 35"
"15:30:46:00","A_0019C004_250528_152715_h1EI5","COOKE S4 753","753","40","T 2 3/10","3.074","3.7","-0.4","ARRI ALEXA 35"
"15:30:46:01","A_0019C004_250528_152715_h1EI5","COOKE S4 753","753","40","T 2 3/10","3.074","3.7","-0.4","ARRI ALEXA 35"
"15:30:46:02","A_0019C004_250528_152715_h1EI5","COOKE S4 753","753","40","T 2 3/10","3.074","3.7","-0.4","ARRI ALEXA 35"
"15:30:46:03","A_0019C004_250528_152715_h1EI5","COOKE S4 753","753","40","T 2 3/10","3.074","3.7","-0.4","ARRI ALEXA 35"
"15:30:46:04","A_0019C004_250528_152715_h1EI5","COOKE S4 753","753","40","T 2 3/10","3.074","3.7","-0.4","ARRI ALEXA 35"
"15:30:46:05","A_0019C004_250528_152715_h1EI5","COOKE S4 753","753","40","T 2 3/10","3.074","3.7","-0.4","ARRI ALEXA 35"
"15:30:46:06","A_0019C004_250528_152715_h1EI5","COOKE S4 753","753","40","T 2 3/10","3.074","3.7","-0.4","ARRI ALEXA 35"
"15:30:46:07","A_0019C004_250528_152715_h1EI5","COOKE S4 753","753","40","T 2 3/10","3.074","3.7","-0.4","ARRI ALEXA 35"
"15:30:46:08","A_0019C004_250528_152715_h1EI5","COOKE S4 753","753","40","T 2 3/10","3.074","3.7","-0.4","ARRI ALEXA 35"
"15:30:46:09","A_0019C004_250528_152715_h1EI5","COOKE S4 753","753","40","T 2 3/10","3.081","3.7","-0.4","ARRI ALEXA 35"
"15:30:46:10","A_0019C004_250528_152715_h1EI5","COOKE S4 753","753","40","T 2 3/10","3.081","3.7","-0.4","ARRI ALEXA 35"
"15:30:46:11","A_0019C004_250528_152715_h1EI5","COOKE S4 753","753","40","T 2 3/10","3.081","3.7","-0.4","ARRI ALEXA 35"
"15:30:46:12","A_0019C004_250528_152715_h1EI5","COOKE S4 753","753","40","T 2 3/10","3.081","3.7","-0.4","ARRI ALEXA 35"
"15:30:46:13","A_0019C004_250528_152715_h1EI5","COOKE S4 753","753","40","T 2 3/10","3.081","3.7","-0.4","ARRI ALEXA 35"
"15:30:46:14","A_0019C004_250528_152715_h1EI5","COOKE S4 753","753","40","T 2 3/10","3.081","3.7","-0.4","ARRI ALEXA 35"
"15:30:46:15","A_0019C004_250528_152715_h1EI5","COOKE S4 753","753","40","T 2 3/10","3.081","3.7","-0.4","ARRI ALEXA 35"
"15:30:46:16","A_0019C004_250528_152715_h1EI5","COOKE S4 753","753","40","T 2 3/10","3.081","3.7","-0.4","ARRI ALEXA 35"
"15:30:46:17","A_0019C004_250528_152715_h1EI5","COOKE S4 753","753","40","T 2 3/10","3.081","3.7","-0.4","ARRI ALEXA 35"
"15:30:46:18","A_0019C004_250528_152715_h1EI5","COOKE S4 753","753","40","T 2 3/10","3.081","3.7","-0.4","ARRI ALEXA 35"
"15:30:46:19","A_0019C004_250528_152715_h1EI5","COOKE S4 753","753","40","T 2 3/10","3.081","3.7","-0.4","ARRI ALEXA 35"
"15:30:46:20","A_0019C004_250528_152715_h1EI5","COOKE S4 753","753","40","T 2 3/10","3.081","3.7","-0.4","ARRI ALEXA 35"
"15:30:46:21","A_0019C004_250528_152715_h1EI5","COOKE S4 753","753","40","T 2 3/10","3.081","3.7","-0.4","ARRI ALEXA 35"
"15:30:46:22","A_0019C004_250528_152715_h1EI5","COOKE S4 753","753","40","T 2 3/10","3.084","3.7","-0.4","ARRI ALEXA 35"
"15:30:46:23","A_0019C004_250528_152715_h1EI5","COOKE S4 753","753","40","T 2 3/10","3.084","3.8","-0.4","ARRI ALEXA 35"
"15:30:47:00","A_0019C004_250528_152715_h1EI5","COOKE S4 753","753","40","T 2 3/10","3.084","3.8","-0.4","ARRI ALEXA 35"
"15:30:47:01","A_0019C004_250528_152715_h1EI5","COOKE S4 753","753","40","T 2 3/10","3.084","3.8","-0.4","ARRI ALEXA 35"
"15:30:47:02","A_0019C004_250528_152715_h1EI5","COOKE S4 753","753","40","T 2 3/10","3.084","3.8","-0.4","ARRI ALEXA 35"
"15:30:47:03","A_0019C004_250528_152715_h1EI5","COOKE S4 753","753","40","T 2 3/10","3.084","3.8","-0.4","ARRI ALEXA 35"
"15:30:47:04","A_0019C004_250528_152715_h1EI5","COOKE S4 753","753","40","T 2 3/10","3.081","3.8","-0.4","ARRI ALEXA 35"
"15:30:47:05","A_0019C004_250528_152715_h1EI5","COOKE S4 753","753","40","T 2 3/10","3.077","3.8","-0.4","ARRI ALEXA 35"
"15:30:47:06","A_0019C004_250528_152715_h1EI5","COOKE S4 753","753","40","T 2 3/10","3.071","3.8","-0.4","ARRI ALEXA 35"
"15:30:47:07","A_0019C004_250528_152715_h1EI5","COOKE S4 753","753","40","T 2 3/10","3.071","3.8","-0.4","ARRI ALEXA 35"
"15:30:47:08","A_0019C004_250528_152715_h1EI5","COOKE S4 753","753","40","T 2 3/10","3.071","3.8","-0.4","ARRI ALEXA 35"
"15:30:47:09","A_0019C004_250528_152715_h1EI5","COOKE S4 753","753","40","T 2 3/10","3.071","3.8","-0.4","ARRI ALEXA 35"
"15:30:47:10","A_0019C004_250528_152715_h1EI5","COOKE S4 753","753","40","T 2 3/10","3.071","3.8","-0.4","ARRI ALEXA 35"
"15:30:47:11","A_0019C004_250528_152715_h1EI5","COOKE S4 753","753","40","T 2 3/10","3.071","3.8","-0.4","ARRI ALEXA 35"
"15:30:47:12","A_0019C004_250528_152715_h1EI5","COOKE S4 753","753","40","T 2 3/10","3.071","3.8","-0.4","ARRI ALEXA 35"
"15:30:47:13","A_0019C004_250528_152715_h1EI5","COOKE S4 753","753","40","T 2 3/10","3.071","3.8","-0.4","ARRI ALEXA 35"
"15:30:47:14","A_0019C004_250528_152715_h1EI5","COOKE S4 753","753","40","T 2 3/10","3.071","3.8","-0.4","ARRI ALEXA 35"
"15:30:47:15","A_0019C004_250528_152715_h1EI5","COOKE S4 753","753","40","T 2 3/10","3.071","3.8","-0.4","ARRI ALEXA 35"
"15:30:47:16","A_0019C004_250528_152715_h1EI5","COOKE S4 753","753","40","T 2 3/10","3.071","3.8","-0.4","ARRI ALEXA 35"
"15:30:47:17","A_0019C004_250528_152715_h1EI5","COOKE S4 753","753","40","T 2 3/10","3.071","3.9","-0.4","ARRI ALEXA 35"
"15:30:47:18","A_0019C004_250528_152715_h1EI5","COOKE S4 753","753","40","T 2 3/10","3.071","3.9","-0.4","ARRI ALEXA 35"
"15:30:47:19","A_0019C004_250528_152715_h1EI5","COOKE S4 753","753","40","T 2 3/10","3.071","3.9","-0.4","ARRI ALEXA 35"
"15:30:47:20","A_0019C004_250528_152715_h1EI5","COOKE S4 753","753","40","T 2 3/10","3.071","3.9","-0.4","ARRI ALEXA 35"
"15:30:47:21","A_0019C004_250528_152715_h1EI5","COOKE S4 753","753","40","T 2 3/10","3.071","3.9","-0.4","ARRI ALEXA 35"
"15:30:47:22","A_0019C004_250528_152715_h1EI5","COOKE S4 753","753","40","T 2 3/10","3.071","3.9","-0.4","ARRI ALEXA 35"
"15:30:47:23","A_0019C004_250528_152715_h1EI5","COOKE S4 753","753","40","T 2 3/10","3.071","3.9","-0.4","ARRI ALEXA 35"
"15:30:48:00","A_0019C004_250528_152715_h1EI5","COOKE S4 753","753","40","T 2 3/10","3.071","3.9","-0.4","ARRI ALEXA 35"
"15:30:48:01","A_0019C004_250528_152715_h1EI5","COOKE S4 753","753","40","T 2 3/10","3.071","3.9","-0.4","ARRI ALEXA 35"
"15:30:48:02","A_0019C004_250528_152715_h1EI5","COOKE S4 753","753","40","T 2 3/10","3.074","3.9","-0.4","ARRI ALEXA 35"
"15:30:48:03","A_0019C004_250528_152715_h1EI5","COOKE S4 753","753","40","T 2 3/10","3.077","3.9","-0.4","ARRI ALEXA 35"
"15:30:48:04","A_0019C004_250528_152715_h1EI5","COOKE S4 753","753","40","T 2 3/10","3.077","3.9","-0.4","ARRI ALEXA 35"
"15:30:48:05","A_0019C004_250528_152715_h1EI5","COOKE S4 753","753","40","T 2 3/10","3.077","3.9","-0.4","ARRI ALEXA 35"
"15:30:48:06","A_0019C004_250528_152715_h1EI5","COOKE S4 753","753","40","T 2 3/10","3.077","3.9","-0.4","ARRI ALEXA 35"
"15:30:48:07","A_0019C004_250528_152715_h1EI5","COOKE S4 753","753","40","T 2 3/10","3.077","4","-0.4","ARRI ALEXA 35"
"15:30:48:08","A_0019C004_250528_152715_h1EI5","COOKE S4 753","753","40","T 2 3/10","3.081","4","-0.4","ARRI ALEXA 35"
"15:30:48:09","A_0019C004_250528_152715_h1EI5","COOKE S4 753","753","40","T 2 3/10","3.091","4","-0.4","ARRI ALEXA 35"
"15:30:48:10","A_0019C004_250528_152715_h1EI5","COOKE S4 753","753","40","T 2 3/10","3.104","4","-0.4","ARRI ALEXA 35"
"15:30:48:11","A_0019C004_250528_152715_h1EI5","COOKE S4 753","753","40","T 2 3/10","3.11","4","-0.4","ARRI ALEXA 35"
"15:30:48:12","A_0019C004_250528_152715_h1EI5","COOKE S4 753","753","40","T 2 3/10","3.117","4","-0.4","ARRI ALEXA 35"
"15:30:48:13","A_0019C004_250528_152715_h1EI5","COOKE S4 753","753","40","T 2 3/10","3.117","4","-0.4","ARRI ALEXA 35"
"15:30:48:14","A_0019C004_250528_152715_h1EI5","COOKE S4 753","753","40","T 2 3/10","3.117","4","-0.4","ARRI ALEXA 35"
"15:30:48:15","A_0019C004_250528_152715_h1EI5","COOKE S4 753","753","40","T 2 3/10","3.117","4","-0.4","ARRI ALEXA 35"
"15:30:48:16","A_0019C004_250528_152715_h1EI5","COOKE S4 753","753","40","T 2 3/10","3.117","4","-0.4","ARRI ALEXA 35"
"15:30:48:17","A_0019C004_250528_152715_h1EI5","COOKE S4 753","753","40","T 2 3/10","3.117","4","-0.4","ARRI ALEXA 35"
"15:30:48:18","A_0019C004_250528_152715_h1EI5","COOKE S4 753","753","40","T 2 3/10","3.117","4","-0.4","ARRI ALEXA 35"
"15:30:48:19","A_0019C004_250528_152715_h1EI5","COOKE S4 753","753","40","T 2 3/10","3.117","4","-0.4","ARRI ALEXA 35"
"15:30:48:20","A_0019C004_250528_152715_h1EI5","COOKE S4 753","753","40","T 2 3/10","3.117","4","-0.4","ARRI ALEXA 35"
"15:30:48:21","A_0019C004_250528_152715_h1EI5","COOKE S4 753","753","40","T 2 3/10","3.117","4","-0.4","ARRI ALEXA 35"
"15:30:48:22","A_0019C004_250528_152715_h1EI5","COOKE S4 753","753","40","T 2 3/10","3.117","4","-0.4","ARRI ALEXA 35"
"15:30:48:23","A_0019C004_250528_152715_h1EI5","COOKE S4 753","753","40","T 2 3/10","3.117","4","-0.4","ARRI ALEXA 35"
"15:30:49:00","A_0019C004_250528_152715_h1EI5","COOKE S4 753","753","40","T 2 3/10","3.117","4","-0.4","ARRI ALEXA 35"
"15:30:49:01","A_0019C004_250528_152715_h1EI5","COOKE S4 753","753","40","T 2 3/10","3.117","4","-0.4","ARRI ALEXA 35"
"15:30:49:02","A_0019C004_250528_152715_h1EI5","COOKE S4 753","753","40","T 2 3/10","3.117","4","-0.4","ARRI ALEXA 35"
"15:30:49:03","A_0019C004_250528_152715_h1EI5","COOKE S4 753","753","40","T 2 3/10","3.117","4","-0.4","ARRI ALEXA 35"
"15:30:49:04","A_0019C004_250528_152715_h1EI5","COOKE S4 753","753","40","T 2 3/10","3.114","4","-0.4","ARRI ALEXA 35"
"15:30:49:05","A_0019C004_250528_152715_h1EI5","COOKE S4 753","753","40","T 2 3/10","3.107","4","-0.4","ARRI ALEXA 35"
"15:30:49:06","A_0019C004_250528_152715_h1EI5","COOKE S4 753","753","40","T 2 3/10","3.097","4","-0.4","ARRI ALEXA 35"
"15:30:49:07","A_0019C004_250528_152715_h1EI5","COOKE S4 753","753","40","T 2 3/10","3.097","4","-0.4","ARRI ALEXA 35"
"15:30:49:08","A_0019C004_250528_152715_h1EI5","COOKE S4 753","753","40","T 2 3/10","3.097","4","-0.4","ARRI ALEXA 35"
"15:30:49:09","A_0019C004_250528_152715_h1EI5","COOKE S4 753","753","40","T 2 3/10","3.094","4","-0.4","ARRI ALEXA 35"
"15:30:49:10","A_0019C004_250528_152715_h1EI5","COOKE S4 753","753","40","T 2 3/10","3.094","4","-0.4","ARRI ALEXA 35"
"15:30:49:11","A_0019C004_250528_152715_h1EI5","COOKE S4 753","753","40","T 2 3/10","3.094","4","-0.4","ARRI ALEXA 35"
"15:30:49:12","A_0019C004_250528_152715_h1EI5","COOKE S4 753","753","40","T 2 3/10","3.094","4","-0.4","ARRI ALEXA 35"
"15:30:49:13","A_0019C004_250528_152715_h1EI5","COOKE S4 753","753","40","T 2 3/10","3.094","4","-0.4","ARRI ALEXA 35"
"15:30:49:14","A_0019C004_250528_152715_h1EI5","COOKE S4 753","753","40","T 2 3/10","3.094","4","-0.4","ARRI ALEXA 35"
"15:30:49:15","A_0019C004_250528_152715_h1EI5","COOKE S4 753","753","40","T 2 3/10","3.094","4","-0.4","ARRI ALEXA 35"
"15:30:49:16","A_0019C004_250528_152715_h1EI5","COOKE S4 753","753","40","T 2 3/10","3.094","4","-0.4","ARRI ALEXA 35"
"15:30:49:17","A_0019C004_250528_152715_h1EI5","COOKE S4 753","753","40","T 2 3/10","3.094","4","-0.4","ARRI ALEXA 35"
"15:30:49:18","A_0019C004_250528_152715_h1EI5","COOKE S4 753","753","40","T 2 3/10","3.094","4","-0.5","ARRI ALEXA 35"
"15:30:49:19","A_0019C004_250528_152715_h1EI5","COOKE S4 753","753","40","T 2 3/10","3.094","4","-0.5","ARRI ALEXA 35"
"15:30:49:20","A_0019C004_250528_152715_h1EI5","COOKE S4 753","753","40","T 2 3/10","3.094","4","-0.5","ARRI ALEXA 35"
"15:30:49:21","A_0019C004_250528_152715_h1EI5","COOKE S4 753","753","40","T 2 3/10","3.094","4","-0.5","ARRI ALEXA 35"
"15:30:49:22","A_0019C004_250528_152715_h1EI5","COOKE S4 753","753","40","T 2 3/10","3.094","4","-0.5","ARRI ALEXA 35"
"15:30:49:23","A_0019C004_250528_152715_h1EI5","COOKE S4 753","753","40","T 2 3/10","3.094","4","-0.6","ARRI ALEXA 35"
"15:30:50:00","A_0019C004_250528_152715_h1EI5","COOKE S4 753","753","40","T 2 3/10","3.094","4","-0.6","ARRI ALEXA 35"
"15:30:50:01","A_0019C004_250528_152715_h1EI5","COOKE S4 753","753","40","T 2 3/10","3.094","4","-0.6","ARRI ALEXA 35"
"15:30:50:02","A_0019C004_250528_152715_h1EI5","COOKE S4 753","753","40","T 2 3/10","3.094","4","-0.6","ARRI ALEXA 35"
"15:30:50:03","A_0019C004_250528_152715_h1EI5","COOKE S4 753","753","40","T 2 3/10","3.094","4","-0.6","ARRI ALEXA 35"
"15:30:50:04","A_0019C004_250528_152715_h1EI5","COOKE S4 753","753","40","T 2 3/10","3.094","4","-0.6","ARRI ALEXA 35"
"15:30:50:05","A_0019C004_250528_152715_h1EI5","COOKE S4 753","753","40","T 2 3/10","3.094","4","-0.6","ARRI ALEXA 35"
"15:30:50:06","A_0019C004_250528_152715_h1EI5","COOKE S4 753","753","40","T 2 3/10","3.094","4","-0.6","ARRI ALEXA 35"
"15:30:50:07","A_0019C004_250528_152715_h1EI5","COOKE S4 753","753","40","T 2 3/10","3.094","4","-0.6","ARRI ALEXA 35"
"15:30:50:08","A_0019C004_250528_152715_h1EI5","COOKE S4 753","753","40","T 2 3/10","3.094","4","-0.6","ARRI ALEXA 35"
"15:30:50:09","A_0019C004_250528_152715_h1EI5","COOKE S4 753","753","40","T 2 3/10","3.094","4","-0.6","ARRI ALEXA 35"
"15:30:50:10","A_0019C004_250528_152715_h1EI5","COOKE S4 753","753","40","T 2 3/10","3.094","4","-0.6","ARRI ALEXA 35"
"15:30:50:11","A_0019C004_250528_152715_h1EI5","COOKE S4 753","753","40","T 2 3/10","3.094","4","-0.6","ARRI ALEXA 35"
"15:30:50:12","A_0019C004_250528_152715_h1EI5","COOKE S4 753","753","40","T 2 3/10","3.094","4","-0.6","ARRI ALEXA 35"
"15:30:50:13","A_0019C004_250528_152715_h1EI5","COOKE S4 753","753","40","T 2 3/10","3.094","4","-0.6","ARRI ALEXA 35"
"15:30:50:14","A_0019C004_250528_152715_h1EI5","COOKE S4 753","753","40","T 2 3/10","3.091","4","-0.6","ARRI ALEXA 35"
"15:30:50:15","A_0019C004_250528_152715_h1EI5","COOKE S4 753","753","40","T 2 3/10","3.091","4","-0.6","ARRI ALEXA 35"
"15:30:50:16","A_0019C004_250528_152715_h1EI5","COOKE S4 753","753","40","T 2 3/10","3.091","4","-0.4","ARRI ALEXA 35"
"15:30:50:17","A_0019C004_250528_152715_h1EI5","COOKE S4 753","753","40","T 2 3/10","3.091","4","-0.4","ARRI ALEXA 35"
"15:30:50:18","A_0019C004_250528_152715_h1EI5","COOKE S4 753","753","40","T 2 3/10","3.091","4","-0.4","ARRI ALEXA 35"
"15:30:50:19","A_0019C004_250528_152715_h1EI5","COOKE S4 753","753","40","T 2 3/10","3.091","4","-0.4","ARRI ALEXA 35"
"15:30:50:20","A_0019C004_250528_152715_h1EI5","COOKE S4 753","753","40","T 2 3/10","3.091","4","-0.4","ARRI ALEXA 35"
"15:30:50:21","A_0019C004_250528_152715_h1EI5","COOKE S4 753","753","40","T 2 3/10","3.091","4","-0.4","ARRI ALEXA 35"
"15:30:50:22","A_0019C004_250528_152715_h1EI5","COOKE S4 753","753","40","T 2 3/10","3.091","4","-0.4","ARRI ALEXA 35"
"15:30:50:23","A_0019C004_250528_152715_h1EI5","COOKE S4 753","753","40","T 2 3/10","3.091","4","-0.2","ARRI ALEXA 35"
"15:30:51:00","A_0019C004_250528_152715_h1EI5","COOKE S4 753","753","40","T 2 3/10","3.091","4","-0.2","ARRI ALEXA 35"
"15:30:51:01","A_0019C004_250528_152715_h1EI5","COOKE S4 753","753","40","T 2 3/10","3.091","4","-0.2","ARRI ALEXA 35"
"15:30:51:02","A_0019C004_250528_152715_h1EI5","COOKE S4 753","753","40","T 2 3/10","3.091","4","-0.2","ARRI ALEXA 35"
"15:30:51:03","A_0019C004_250528_152715_h1EI5","COOKE S4 753","753","40","T 2 3/10","3.091","4","-0.2","ARRI ALEXA 35"
"15:30:51:04","A_0019C004_250528_152715_h1EI5","COOKE S4 753","753","40","T 2 3/10","3.091","4","-0.2","ARRI ALEXA 35"
"15:30:51:05","A_0019C004_250528_152715_h1EI5","COOKE S4 753","753","40","T 2 3/10","3.091","4","-0.2","ARRI ALEXA 35"
"15:30:51:06","A_0019C004_250528_152715_h1EI5","COOKE S4 753","753","40","T 2 3/10","3.091","4","-0.2","ARRI ALEXA 35"
"15:30:51:07","A_0019C004_250528_152715_h1EI5","COOKE S4 753","753","40","T 2 3/10","3.091","4","-0.2","ARRI ALEXA 35"
"15:30:51:08","A_0019C004_250528_152715_h1EI5","COOKE S4 753","753","40","T 2 3/10","3.091","4","-0.2","ARRI ALEXA 35"
"15:30:51:09","A_0019C004_250528_152715_h1EI5","COOKE S4 753","753","40","T 2 3/10","3.091","4","-0.2","ARRI ALEXA 35"
"15:30:51:10","A_0019C004_250528_152715_h1EI5","COOKE S4 753","753","40","T 2 3/10","3.091","4","-0.2","ARRI ALEXA 35"
"15:30:51:11","A_0019C004_250528_152715_h1EI5","COOKE S4 753","753","40","T 2 3/10","3.091","4","-0.2","ARRI ALEXA 35"
"15:30:51:12","A_0019C004_250528_152715_h1EI5","COOKE S4 753","753","40","T 2 3/10","3.091","4","-0.2","ARRI ALEXA 35"
"15:30:51:13","A_0019C004_250528_152715_h1EI5","COOKE S4 753","753","40","T 2 3/10","3.074","4","-0.2","ARRI ALEXA 35"
"15:30:51:14","A_0019C004_250528_152715_h1EI5","COOKE S4 753","753","40","T 2 3/10","3.054","4","-0.2","ARRI ALEXA 35"
"15:30:51:15","A_0019C004_250528_152715_h1EI5","COOKE S4 753","753","40","T 2 3/10","3.051","4","-0.2","ARRI ALEXA 35"
"15:30:51:16","A_0019C004_250528_152715_h1EI5","COOKE S4 753","753","40","T 2 3/10","3.045","4","-0.2","ARRI ALEXA 35"
"15:30:51:17","A_0019C004_250528_152715_h1EI5","COOKE S4 753","753","40","T 2 3/10","3.041","4","-0.2","ARRI ALEXA 35"
"15:30:51:18","A_0019C004_250528_152715_h1EI5","COOKE S4 753","753","40","T 2 3/10","3.031","4","-0.2","ARRI ALEXA 35"
"15:30:51:19","A_0019C004_250528_152715_h1EI5","COOKE S4 753","753","40","T 2 3/10","3.028","4","-0.2","ARRI ALEXA 35"
"15:30:51:20","A_0019C004_250528_152715_h1EI5","COOKE S4 753","753","40","T 2 3/10","3.025","4","-0.4","ARRI ALEXA 35"
"15:30:51:21","A_0019C004_250528_152715_h1EI5","COOKE S4 753","753","40","T 2 3/10","3.022","4","-0.4","ARRI ALEXA 35"
"15:30:51:22","A_0019C004_250528_152715_h1EI5","COOKE S4 753","753","40","T 2 3/10","3.022","4","-0.4","ARRI ALEXA 35"
"15:30:51:23","A_0019C004_250528_152715_h1EI5","COOKE S4 753","753","40","T 2 3/10","3.022","4","-0.4","ARRI ALEXA 35"
"15:30:52:00","A_0019C004_250528_152715_h1EI5","COOKE S4 753","753","40","T 2 3/10","3.022","4","-0.4","ARRI ALEXA 35"
"15:30:52:01","A_0019C004_250528_152715_h1EI5","COOKE S4 753","753","40","T 2 3/10","3.022","4","-0.4","ARRI ALEXA 35"
"15:30:52:02","A_0019C004_250528_152715_h1EI5","COOKE S4 753","753","40","T 2 3/10","3.022","4","-0.4","ARRI ALEXA 35"
"15:30:52:03","A_0019C004_250528_152715_h1EI5","COOKE S4 753","753","40","T 2 3/10","3.015","4","-0.4","ARRI ALEXA 35"
"15:30:52:04","A_0019C004_250528_152715_h1EI5","COOKE S4 753","753","40","T 2 3/10","3.012","4","-0.4","ARRI ALEXA 35"
"15:30:52:05","A_0019C004_250528_152715_h1EI5","COOKE S4 753","753","40","T 2 3/10","3.005","4","-0.4","ARRI ALEXA 35"
"15:30:52:06","A_0019C004_250528_152715_h1EI5","COOKE S4 753","753","40","T 2 3/10","2.995","4","-0.4","ARRI ALEXA 35"
"15:30:52:07","A_0019C004_250528_152715_h1EI5","COOKE S4 753","753","40","T 2 3/10","2.992","4","-0.4","ARRI ALEXA 35"
"15:30:52:08","A_0019C004_250528_152715_h1EI5","COOKE S4 753","753","40","T 2 3/10","2.979","4","-0.4","ARRI ALEXA 35"
"15:30:52:09","A_0019C004_250528_152715_h1EI5","COOKE S4 753","753","40","T 2 3/10","2.972","4","-0.4","ARRI ALEXA 35"
"15:30:52:10","A_0019C004_250528_152715_h1EI5","COOKE S4 753","753","40","T 2 3/10","2.966","4","-0.4","ARRI ALEXA 35"
"15:30:52:11","A_0019C004_250528_152715_h1EI5","COOKE S4 753","753","40","T 2 3/10","2.956","4","-0.4","ARRI ALEXA 35"
"15:30:52:12","A_0019C004_250528_152715_h1EI5","COOKE S4 753","753","40","T 2 3/10","2.953","4","-0.4","ARRI ALEXA 35"
"15:30:52:13","A_0019C004_250528_152715_h1EI5","COOKE S4 753","753","40","T 2 3/10","2.946","4","-0.4","ARRI ALEXA 35"
"15:30:52:14","A_0019C004_250528_152715_h1EI5","COOKE S4 753","753","40","T 2 3/10","2.94","4","-0.4","ARRI ALEXA 35"
"15:30:52:15","A_0019C004_250528_152715_h1EI5","COOKE S4 753","753","40","T 2 3/10","2.923","4","-0.4","ARRI ALEXA 35"
"15:30:52:16","A_0019C004_250528_152715_h1EI5","COOKE S4 753","753","40","T 2 3/10","2.923","4","-0.2","ARRI ALEXA 35"
"15:30:52:17","A_0019C004_250528_152715_h1EI5","COOKE S4 753","753","40","T 2 3/10","2.917","4","-0.2","ARRI ALEXA 35"
"15:30:52:18","A_0019C004_250528_152715_h1EI5","COOKE S4 753","753","40","T 2 3/10","2.91","4","-0.2","ARRI ALEXA 35"
"15:30:52:19","A_0019C004_250528_152715_h1EI5","COOKE S4 753","753","40","T 2 3/10","2.91","4","-0.2","ARRI ALEXA 35"
"15:30:52:20","A_0019C004_250528_152715_h1EI5","COOKE S4 753","753","40","T 2 3/10","2.907","4","-0.2","ARRI ALEXA 35"
"15:30:52:21","A_0019C004_250528_152715_h1EI5","COOKE S4 753","753","40","T 2 3/10","2.904","4","-0.2","ARRI ALEXA 35"
"15:30:52:22","A_0019C004_250528_152715_h1EI5","COOKE S4 753","753","40","T 2 3/10","2.9","4","-0.2","ARRI ALEXA 35"
"15:30:52:23","A_0019C004_250528_152715_h1EI5","COOKE S4 753","753","40","T 2 3/10","2.897","4","-0.2","ARRI ALEXA 35"
"15:30:53:00","A_0019C004_250528_152715_h1EI5","COOKE S4 753","753","40","T 2 3/10","2.894","4","-0.2","ARRI ALEXA 35"
"15:30:53:01","A_0019C004_250528_152715_h1EI5","COOKE S4 753","753","40","T 2 3/10","2.894","4","-0.2","ARRI ALEXA 35"
"15:30:53:02","A_0019C004_250528_152715_h1EI5","COOKE S4 753","753","40","T 2 3/10","2.89","4","-0.2","ARRI ALEXA 35"
"15:30:53:03","A_0019C004_250528_152715_h1EI5","COOKE S4 753","753","40","T 2 3/10","2.887","4","-0.2","ARRI ALEXA 35"
"15:30:53:04","A_0019C004_250528_152715_h1EI5","COOKE S4 753","753","40","T 2 3/10","2.887","4","-0.2","ARRI ALEXA 35"
"15:30:53:05","A_0019C004_250528_152715_h1EI5","COOKE S4 753","753","40","T 2 3/10","2.887","4","-0.2","ARRI ALEXA 35"
"15:30:53:06","A_0019C004_250528_152715_h1EI5","COOKE S4 753","753","40","T 2 3/10","2.881","4","-0.2","ARRI ALEXA 35"
"15:30:53:07","A_0019C004_250528_152715_h1EI5","COOKE S4 753","753","40","T 2 3/10","2.881","4","-0.2","ARRI ALEXA 35"
"15:30:53:08","A_0019C004_250528_152715_h1EI5","COOKE S4 753","753","40","T 2 3/10","2.881","4","-0.2","ARRI ALEXA 35"
"15:30:53:09","A_0019C004_250528_152715_h1EI5","COOKE S4 753","753","40","T 2 3/10","2.877","4","-0.2","ARRI ALEXA 35"
"15:30:53:10","A_0019C004_250528_152715_h1EI5","COOKE S4 753","753","40","T 2 3/10","2.877","4","0","ARRI ALEXA 35"
"15:30:53:11","A_0019C004_250528_152715_h1EI5","COOKE S4 753","753","40","T 2 3/10","2.874","4","0","ARRI ALEXA 35"
"15:30:53:12","A_0019C004_250528_152715_h1EI5","COOKE S4 753","753","40","T 2 3/10","2.874","4","0","ARRI ALEXA 35"
"15:30:53:13","A_0019C004_250528_152715_h1EI5","COOKE S4 753","753","40","T 2 3/10","2.871","4","0","ARRI ALEXA 35"
"15:30:53:14","A_0019C004_250528_152715_h1EI5","COOKE S4 753","753","40","T 2 3/10","2.871","4","0","ARRI ALEXA 35"
"15:30:53:15","A_0019C004_250528_152715_h1EI5","COOKE S4 753","753","40","T 2 3/10","2.867","4","0","ARRI ALEXA 35"
"15:30:53:16","A_0019C004_250528_152715_h1EI5","COOKE S4 753","753","40","T 2 3/10","2.864","4","0","ARRI ALEXA 35"
"15:30:53:17","A_0019C004_250528_152715_h1EI5","COOKE S4 753","753","40","T 2 3/10","2.864","4","0","ARRI ALEXA 35"
"15:30:53:18","A_0019C004_250528_152715_h1EI5","COOKE S4 753","753","40","T 2 3/10","2.864","4","0","ARRI ALEXA 35"
"15:30:53:19","A_0019C004_250528_152715_h1EI5","COOKE S4 753","753","40","T 2 3/10","2.864","4","0","ARRI ALEXA 35"
"15:30:53:20","A_0019C004_250528_152715_h1EI5","COOKE S4 753","753","40","T 2 3/10","2.864","4","0","ARRI ALEXA 35"
"15:30:53:21","A_0019C004_250528_152715_h1EI5","COOKE S4 753","753","40","T 2 3/10","2.864","4","0","ARRI ALEXA 35"
"15:30:53:22","A_0019C004_250528_152715_h1EI5","COOKE S4 753","753","40","T 2 3/10","2.861","4","0","ARRI ALEXA 35"
"15:30:53:23","A_0019C004_250528_152715_h1EI5","COOKE S4 753","753","40","T 2 3/10","2.861","4","0","ARRI ALEXA 35"
"15:30:54:00","A_0019C004_250528_152715_h1EI5","COOKE S4 753","753","40","T 2 3/10","2.861","4","0","ARRI ALEXA 35"
"15:30:54:01","A_0019C004_250528_152715_h1EI5","COOKE S4 753","753","40","T 2 3/10","2.861","4","0","ARRI ALEXA 35"
"15:30:54:02","A_0019C004_250528_152715_h1EI5","COOKE S4 753","753","40","T 2 3/10","2.861","4","0","ARRI ALEXA 35"
"15:30:54:03","A_0019C004_250528_152715_h1EI5","COOKE S4 753","753","40","T 2 3/10","2.861","4","0","ARRI ALEXA 35"
"15:30:54:04","A_0019C004_250528_152715_h1EI5","COOKE S4 753","753","40","T 2 3/10","2.861","4","0","ARRI ALEXA 35"
"15:30:54:05","A_0019C004_250528_152715_h1EI5","COOKE S4 753","753","40","T 2 3/10","2.861","4","0","ARRI ALEXA 35"
"15:30:54:06","A_0019C004_250528_152715_h1EI5","COOKE S4 753","753","40","T 2 3/10","2.858","4","0","ARRI ALEXA 35"
"15:30:54:07","A_0019C004_250528_152715_h1EI5","COOKE S4 753","753","40","T 2 3/10","2.858","4","0","ARRI ALEXA 35"
"15:30:54:08","A_0019C004_250528_152715_h1EI5","COOKE S4 753","753","40","T 2 3/10","2.858","4","0","ARRI ALEXA 35"
"15:30:54:09","A_0019C004_250528_152715_h1EI5","COOKE S4 753","753","40","T 2 3/10","2.854","4","0","ARRI ALEXA 35"
"15:30:54:10","A_0019C004_250528_152715_h1EI5","COOKE S4 753","753","40","T 2 3/10","2.851","4","0","ARRI ALEXA 35"
"15:30:54:11","A_0019C004_250528_152715_h1EI5","COOKE S4 753","753","40","T 2 3/10","2.851","4","0","ARRI ALEXA 35"
"15:30:54:12","A_0019C004_250528_152715_h1EI5","COOKE S4 753","753","40","T 2 3/10","2.848","4","0","ARRI ALEXA 35"
"15:30:54:13","A_0019C004_250528_152715_h1EI5","COOKE S4 753","753","40","T 2 3/10","2.844","4","0","ARRI ALEXA 35"
"15:30:54:14","A_0019C004_250528_152715_h1EI5","COOKE S4 753","753","40","T 2 3/10","2.844","4","0","ARRI ALEXA 35"
"15:30:54:15","A_0019C004_250528_152715_h1EI5","COOKE S4 753","753","40","T 2 3/10","2.841","4","0","ARRI ALEXA 35"
"15:30:54:16","A_0019C004_250528_152715_h1EI5","COOKE S4 753","753","40","T 2 3/10","2.838","4","0","ARRI ALEXA 35"
"15:30:54:17","A_0019C004_250528_152715_h1EI5","COOKE S4 753","753","40","T 2 3/10","2.838","4","0","ARRI ALEXA 35"
"15:30:54:18","A_0019C004_250528_152715_h1EI5","COOKE S4 753","753","40","T 2 3/10","2.838","4","0","ARRI ALEXA 35"
"15:30:54:19","A_0019C004_250528_152715_h1EI5","COOKE S4 753","753","40","T 2 3/10","2.835","4","0","ARRI ALEXA 35"
"15:30:54:20","A_0019C004_250528_152715_h1EI5","COOKE S4 753","753","40","T 2 3/10","2.835","4","0","ARRI ALEXA 35"
"15:30:54:21","A_0019C004_250528_152715_h1EI5","COOKE S4 753","753","40","T 2 3/10","2.831","4","0","ARRI ALEXA 35"
"15:30:54:22","A_0019C004_250528_152715_h1EI5","COOKE S4 753","753","40","T 2 3/10","2.831","4","0","ARRI ALEXA 35"
"15:30:54:23","A_0019C004_250528_152715_h1EI5","COOKE S4 753","753","40","T 2 3/10","2.831","4","0","ARRI ALEXA 35"
"15:30:55:00","A_0019C004_250528_152715_h1EI5","COOKE S4 753","753","40","T 2 3/10","2.828","4","0","ARRI ALEXA 35"
"15:30:55:01","A_0019C004_250528_152715_h1EI5","COOKE S4 753","753","40","T 2 3/10","2.828","4","0","ARRI ALEXA 35"
"15:30:55:02","A_0019C004_250528_152715_h1EI5","COOKE S4 753","753","40","T 2 3/10","2.828","4","0","ARRI ALEXA 35"
"15:30:55:03","A_0019C004_250528_152715_h1EI5","COOKE S4 753","753","40","T 2 3/10","2.828","4","0","ARRI ALEXA 35"
"15:30:55:04","A_0019C004_250528_152715_h1EI5","COOKE S4 753","753","40","T 2 3/10","2.828","4","0","ARRI ALEXA 35"
"15:30:55:05","A_0019C004_250528_152715_h1EI5","COOKE S4 753","753","40","T 2 3/10","2.828","4","0","ARRI ALEXA 35"
"15:30:55:06","A_0019C004_250528_152715_h1EI5","COOKE S4 753","753","40","T 2 3/10","2.828","4","0","ARRI ALEXA 35"
"15:30:55:07","A_0019C004_250528_152715_h1EI5","COOKE S4 753","753","40","T 2 3/10","2.825","4","0","ARRI ALEXA 35"
"15:30:55:08","A_0019C004_250528_152715_h1EI5","COOKE S4 753","753","40","T 2 3/10","2.825","4","0","ARRI ALEXA 35"
"15:30:55:09","A_0019C004_250528_152715_h1EI5","COOKE S4 753","753","40","T 2 3/10","2.825","4","0","ARRI ALEXA 35"
"15:30:55:10","A_0019C004_250528_152715_h1EI5","COOKE S4 753","753","40","T 2 3/10","2.825","4","0","ARRI ALEXA 35"
"15:30:55:11","A_0019C004_250528_152715_h1EI5","COOKE S4 753","753","40","T 2 3/10","2.825","4","0","ARRI ALEXA 35"
"15:30:55:12","A_0019C004_250528_152715_h1EI5","COOKE S4 753","753","40","T 2 3/10","2.825","4","0","ARRI ALEXA 35"
"15:30:55:13","A_0019C004_250528_152715_h1EI5","COOKE S4 753","753","40","T 2 3/10","2.825","4","0","ARRI ALEXA 35"
"15:30:55:14","A_0019C004_250528_152715_h1EI5","COOKE S4 753","753","40","T 2 3/10","2.825","4","0","ARRI ALEXA 35"
"15:30:55:15","A_0019C004_250528_152715_h1EI5","COOKE S4 753","753","40","T 2 3/10","2.825","4","0","ARRI ALEXA 35"
"15:30:55:16","A_0019C004_250528_152715_h1EI5","COOKE S4 753","753","40","T 2 3/10","2.825","4","0","ARRI ALEXA 35"
"15:30:55:17","A_0019C004_250528_152715_h1EI5","COOKE S4 753","753","40","T 2 3/10","2.825","4","0","ARRI ALEXA 35"
"15:30:55:18","A_0019C004_250528_152715_h1EI5","COOKE S4 753","753","40","T 2 3/10","2.825","4","0","ARRI ALEXA 35"
"15:30:55:19","A_0019C004_250528_152715_h1EI5","COOKE S4 753","753","40","T 2 3/10","2.825","4","0","ARRI ALEXA 35"
"15:30:55:20","A_0019C004_250528_152715_h1EI5","COOKE S4 753","753","40","T 2 3/10","2.825","4","0","ARRI ALEXA 35"
"15:30:55:21","A_0019C004_250528_152715_h1EI5","COOKE S4 753","753","40","T 2 3/10","2.825","4","0","ARRI ALEXA 35"
"15:30:55:22","A_0019C004_250528_152715_h1EI5","COOKE S4 753","753","40","T 2 3/10","2.825","4","0","ARRI ALEXA 35"
"15:30:55:23","A_0019C004_250528_152715_h1EI5","COOKE S4 753","753","40","T 2 3/10","2.825","4","0","ARRI ALEXA 35"
"15:30:56:00","A_0019C004_250528_152715_h1EI5","COOKE S4 753","753","40","T 2 3/10","2.825","4","0","ARRI ALEXA 35"
"15:30:56:01","A_0019C004_250528_152715_h1EI5","COOKE S4 753","753","40","T 2 3/10","2.825","4","0","ARRI ALEXA 35"
"15:30:56:02","A_0019C004_250528_152715_h1EI5","COOKE S4 753","753","40","T 2 3/10","2.825","4","0","ARRI ALEXA 35"
"15:30:56:03","A_0019C004_250528_152715_h1EI5","COOKE S4 753","753","40","T 2 3/10","2.825","4","0","ARRI ALEXA 35"
"15:30:56:04","A_0019C004_250528_152715_h1EI5","COOKE S4 753","753","40","T 2 3/10","2.825","4","0","ARRI ALEXA 35"
"15:30:56:05","A_0019C004_250528_152715_h1EI5","COOKE S4 753","753","40","T 2 3/10","2.825","4","0","ARRI ALEXA 35"
"15:30:56:06","A_0019C004_250528_152715_h1EI5","COOKE S4 753","753","40","T 2 3/10","2.825","4","0","ARRI ALEXA 35"
"15:30:56:07","A_0019C004_250528_152715_h1EI5","COOKE S4 753","753","40","T 2 3/10","2.825","4","0","ARRI ALEXA 35"
"15:30:56:08","A_0019C004_250528_152715_h1EI5","COOKE S4 753","753","40","T 2 3/10","2.825","4","0","ARRI ALEXA 35"
"15:30:56:09","A_0019C004_250528_152715_h1EI5","COOKE S4 753","753","40","T 2 3/10","2.825","4","0","ARRI ALEXA 35"
"15:30:56:10","A_0019C004_250528_152715_h1EI5","COOKE S4 753","753","40","T 2 3/10","2.825","4","0.1","ARRI ALEXA 35"
"15:30:56:11","A_0019C004_250528_152715_h1EI5","COOKE S4 753","753","40","T 2 3/10","2.828","4","0.2","ARRI ALEXA 35"
"15:30:56:12","A_0019C004_250528_152715_h1EI5","COOKE S4 753","753","40","T 2 3/10","2.831","4","0.2","ARRI ALEXA 35"
"15:30:56:13","A_0019C004_250528_152715_h1EI5","COOKE S4 753","753","40","T 2 3/10","2.848","4","0.2","ARRI ALEXA 35"
"15:30:56:14","A_0019C004_250528_152715_h1EI5","COOKE S4 753","753","40","T 2 3/10","2.854","4","0.2","ARRI ALEXA 35"
"15:30:56:15","A_0019C004_250528_152715_h1EI5","COOKE S4 753","753","40","T 2 3/10","2.864","4","0.2","ARRI ALEXA 35"
"15:30:56:16","A_0019C004_250528_152715_h1EI5","COOKE S4 753","753","40","T 2 3/10","2.864","4","0.2","ARRI ALEXA 35"
"15:30:56:17","A_0019C004_250528_152715_h1EI5","COOKE S4 753","753","40","T 2 3/10","2.864","4","0.2","ARRI ALEXA 35"
"15:30:56:18","A_0019C004_250528_152715_h1EI5","COOKE S4 753","753","40","T 2 3/10","2.864","4","0.2","ARRI ALEXA 35"
"15:30:56:19","A_0019C004_250528_152715_h1EI5","COOKE S4 753","753","40","T 2 3/10","2.864","4","0.2","ARRI ALEXA 35"
"15:30:56:20","A_0019C004_250528_152715_h1EI5","COOKE S4 753","753","40","T 2 3/10","2.864","4","0.2","ARRI ALEXA 35"
"15:30:56:21","A_0019C004_250528_152715_h1EI5","COOKE S4 753","753","40","T 2 3/10","2.864","4","0.2","ARRI ALEXA 35"
"15:30:56:22","A_0019C004_250528_152715_h1EI5","COOKE S4 753","753","40","T 2 3/10","2.864","4","0.2","ARRI ALEXA 35"
"15:30:56:23","A_0019C004_250528_152715_h1EI5","COOKE S4 753","753","40","T 2 3/10","2.864","3.8","0.2","ARRI ALEXA 35"
"15:30:57:00","A_0019C004_250528_152715_h1EI5","COOKE S4 753","753","40","T 2 3/10","2.864","3.8","0.2","ARRI ALEXA 35"
"15:30:57:01","A_0019C004_250528_152715_h1EI5","COOKE S4 753","753","40","T 2 3/10","2.864","3.8","0.2","ARRI ALEXA 35"
"15:30:57:02","A_0019C004_250528_152715_h1EI5","COOKE S4 753","753","40","T 2 3/10","2.864","3.8","0.2","ARRI ALEXA 35"
"15:30:57:03","A_0019C004_250528_152715_h1EI5","COOKE S4 753","753","40","T 2 3/10","2.864","3.8","0.2","ARRI ALEXA 35"
"15:30:57:04","A_0019C004_250528_152715_h1EI5","COOKE S4 753","753","40","T 2 3/10","2.864","3.8","0.2","ARRI ALEXA 35"
"15:30:57:05","A_0019C004_250528_152715_h1EI5","COOKE S4 753","753","40","T 2 3/10","2.864","3.8","0.2","ARRI ALEXA 35"
"15:30:57:06","A_0019C004_250528_152715_h1EI5","COOKE S4 753","753","40","T 2 3/10","2.864","3.8","0.2","ARRI ALEXA 35"
"15:30:57:07","A_0019C004_250528_152715_h1EI5","COOKE S4 753","753","40","T 2 3/10","2.864","3.8","0.2","ARRI ALEXA 35"
"15:30:57:08","A_0019C004_250528_152715_h1EI5","COOKE S4 753","753","40","T 2 3/10","2.864","3.8","0.2","ARRI ALEXA 35"
"15:30:57:09","A_0019C004_250528_152715_h1EI5","COOKE S4 753","753","40","T 2 3/10","2.864","3.8","0.2","ARRI ALEXA 35"
"15:30:57:10","A_0019C004_250528_152715_h1EI5","COOKE S4 753","753","40","T 2 3/10","2.864","3.8","0.2","ARRI ALEXA 35"
"15:30:57:11","A_0019C004_250528_152715_h1EI5","COOKE S4 753","753","40","T 2 3/10","2.864","3.8","0.2","ARRI ALEXA 35"
"15:30:57:12","A_0019C004_250528_152715_h1EI5","COOKE S4 753","753","40","T 2 3/10","2.864","3.8","0.2","ARRI ALEXA 35"
"15:30:57:13","A_0019C004_250528_152715_h1EI5","COOKE S4 753","753","40","T 2 3/10","2.864","3.8","0.2","ARRI ALEXA 35"
"15:30:57:14","A_0019C004_250528_152715_h1EI5","COOKE S4 753","753","40","T 2 3/10","2.864","3.8","0.2","ARRI ALEXA 35"
"15:30:57:15","A_0019C004_250528_152715_h1EI5","COOKE S4 753","753","40","T 2 3/10","2.864","3.8","0.2","ARRI ALEXA 35"
"15:30:57:16","A_0019C004_250528_152715_h1EI5","COOKE S4 753","753","40","T 2 3/10","2.864","3.8","0.2","ARRI ALEXA 35"
"15:30:57:17","A_0019C004_250528_152715_h1EI5","COOKE S4 753","753","40","T 2 3/10","2.864","3.8","0.2","ARRI ALEXA 35"
"15:30:57:18","A_0019C004_250528_152715_h1EI5","COOKE S4 753","753","40","T 2 3/10","2.864","3.8","0.2","ARRI ALEXA 35"
"15:30:57:19","A_0019C004_250528_152715_h1EI5","COOKE S4 753","753","40","T 2 3/10","2.864","3.8","0.2","ARRI ALEXA 35"
"15:30:57:20","A_0019C004_250528_152715_h1EI5","COOKE S4 753","753","40","T 2 3/10","2.864","3.8","0.2","ARRI ALEXA 35"
"15:30:57:21","A_0019C004_250528_152715_h1EI5","COOKE S4 753","753","40","T 2 3/10","2.864","3.8","0.2","ARRI ALEXA 35"
"15:30:57:22","A_0019C004_250528_152715_h1EI5","COOKE S4 753","753","40","T 2 3/10","2.864","3.8","0.2","ARRI ALEXA 35"
"15:30:57:23","A_0019C004_250528_152715_h1EI5","COOKE S4 753","753","40","T 2 3/10","2.864","3.8","0.2","ARRI ALEXA 35"
"15:30:58:00","A_0019C004_250528_152715_h1EI5","COOKE S4 753","753","40","T 2 3/10","2.864","3.8","0.2","ARRI ALEXA 35"
"15:30:58:01","A_0019C004_250528_152715_h1EI5","COOKE S4 753","753","40","T 2 3/10","2.864","3.8","0.2","ARRI ALEXA 35"
"15:30:58:02","A_0019C004_250528_152715_h1EI5","COOKE S4 753","753","40","T 2 3/10","2.864","3.8","0.2","ARRI ALEXA 35"
"15:30:58:03","A_0019C004_250528_152715_h1EI5","COOKE S4 753","753","40","T 2 3/10","2.864","3.8","0.2","ARRI ALEXA 35"
"15:30:58:04","A_0019C004_250528_152715_h1EI5","COOKE S4 753","753","40","T 2 3/10","2.864","3.8","0.2","ARRI ALEXA 35"
"15:30:58:05","A_0019C004_250528_152715_h1EI5","COOKE S4 753","753","40","T 2 3/10","2.864","3.8","0.2","ARRI ALEXA 35"
"15:30:58:06","A_0019C004_250528_152715_h1EI5","COOKE S4 753","753","40","T 2 3/10","2.864","3.8","0.2","ARRI ALEXA 35"
"15:30:58:07","A_0019C004_250528_152715_h1EI5","COOKE S4 753","753","40","T 2 3/10","2.864","3.8","0.2","ARRI ALEXA 35"
"15:30:58:08","A_0019C004_250528_152715_h1EI5","COOKE S4 753","753","40","T 2 3/10","2.864","3.8","0","ARRI ALEXA 35"
"15:30:58:09","A_0019C004_250528_152715_h1EI5","COOKE S4 753","753","40","T 2 3/10","2.864","3.6","0","ARRI ALEXA 35"
"15:30:58:10","A_0019C004_250528_152715_h1EI5","COOKE S4 753","753","40","T 2 3/10","2.864","3.6","0","ARRI ALEXA 35"
"15:30:58:11","A_0019C004_250528_152715_h1EI5","COOKE S4 753","753","40","T 2 3/10","2.864","3.6","0","ARRI ALEXA 35"
"15:30:58:12","A_0019C004_250528_152715_h1EI5","COOKE S4 753","753","40","T 2 3/10","2.864","3.6","0","ARRI ALEXA 35"
"15:30:58:13","A_0019C004_250528_152715_h1EI5","COOKE S4 753","753","40","T 2 3/10","2.867","3.6","0","ARRI ALEXA 35"
"15:30:58:14","A_0019C004_250528_152715_h1EI5","COOKE S4 753","753","40","T 2 3/10","2.867","3.6","0","ARRI ALEXA 35"
"15:30:58:15","A_0019C004_250528_152715_h1EI5","COOKE S4 753","753","40","T 2 3/10","2.871","3.6","0","ARRI ALEXA 35"
"15:30:58:16","A_0019C004_250528_152715_h1EI5","COOKE S4 753","753","40","T 2 3/10","2.871","3.6","0","ARRI ALEXA 35"
"15:30:58:17","A_0019C004_250528_152715_h1EI5","COOKE S4 753","753","40","T 2 3/10","2.871","3.6","0","ARRI ALEXA 35"
"15:30:58:18","A_0019C004_250528_152715_h1EI5","COOKE S4 753","753","40","T 2 3/10","2.874","3.6","0","ARRI ALEXA 35"
"15:30:58:19","A_0019C004_250528_152715_h1EI5","COOKE S4 753","753","40","T 2 3/10","2.874","3.6","0","ARRI ALEXA 35"
"15:30:58:20","A_0019C004_250528_152715_h1EI5","COOKE S4 753","753","40","T 2 3/10","2.877","3.6","0","ARRI ALEXA 35"
"15:30:58:21","A_0019C004_250528_152715_h1EI5","COOKE S4 753","753","40","T 2 3/10","2.877","3.6","0","ARRI ALEXA 35"
"15:30:58:22","A_0019C004_250528_152715_h1EI5","COOKE S4 753","753","40","T 2 3/10","2.881","3.6","0","ARRI ALEXA 35"
"15:30:58:23","A_0019C004_250528_152715_h1EI5","COOKE S4 753","753","40","T 2 3/10","2.881","3.6","0","ARRI ALEXA 35"
"15:30:59:00","A_0019C004_250528_152715_h1EI5","COOKE S4 753","753","40","T 2 3/10","2.881","3.6","0.1","ARRI ALEXA 35"
"15:30:59:01","A_0019C004_250528_152715_h1EI5","COOKE S4 753","753","40","T 2 3/10","2.881","3.6","0.2","ARRI ALEXA 35"
"15:30:59:02","A_0019C004_250528_152715_h1EI5","COOKE S4 753","753","40","T 2 3/10","2.881","3.6","0.2","ARRI ALEXA 35"
"15:30:59:03","A_0019C004_250528_152715_h1EI5","COOKE S4 753","753","40","T 2 3/10","2.881","3.6","0.2","ARRI ALEXA 35"
"15:30:59:04","A_0019C004_250528_152715_h1EI5","COOKE S4 753","753","40","T 2 3/10","2.881","3.6","0.2","ARRI ALEXA 35"
"15:30:59:05","A_0019C004_250528_152715_h1EI5","COOKE S4 753","753","40","T 2 3/10","2.881","3.6","0.2","ARRI ALEXA 35"
"15:30:59:06","A_0019C004_250528_152715_h1EI5","COOKE S4 753","753","40","T 2 3/10","2.881","3.6","0.2","ARRI ALEXA 35"
"15:30:59:07","A_0019C004_250528_152715_h1EI5","COOKE S4 753","753","40","T 2 3/10","2.881","3.6","0.2","ARRI ALEXA 35"
"15:30:59:08","A_0019C004_250528_152715_h1EI5","COOKE S4 753","753","40","T 2 3/10","2.897","3.6","0.2","ARRI ALEXA 35"
"15:30:59:09","A_0019C004_250528_152715_h1EI5","COOKE S4 753","753","40","T 2 3/10","2.94","3.4","0.2","ARRI ALEXA 35"
"15:30:59:10","A_0019C004_250528_152715_h1EI5","COOKE S4 753","753","40","T 2 3/10","2.927","3.4","0.2","ARRI ALEXA 35"
"15:30:59:11","A_0019C004_250528_152715_h1EI5","COOKE S4 753","753","40","T 2 3/10","2.936","3.4","0.2","ARRI ALEXA 35"
"15:30:59:12","A_0019C004_250528_152715_h1EI5","COOKE S4 753","753","40","T 2 3/10","2.943","3.4","0.2","ARRI ALEXA 35"
"15:30:59:13","A_0019C004_250528_152715_h1EI5","COOKE S4 753","753","40","T 2 3/10","2.949","3.4","0.2","ARRI ALEXA 35"
"15:30:59:14","A_0019C004_250528_152715_h1EI5","COOKE S4 753","753","40","T 2 3/10","2.956","3.4","0.2","ARRI ALEXA 35"
"15:30:59:15","A_0019C004_250528_152715_h1EI5","COOKE S4 753","753","40","T 2 3/10","2.956","3.4","0.2","ARRI ALEXA 35"
"15:30:59:16","A_0019C004_250528_152715_h1EI5","COOKE S4 753","753","40","T 2 3/10","2.956","3.4","0.2","ARRI ALEXA 35"
"15:30:59:17","A_0019C004_250528_152715_h1EI5","COOKE S4 753","753","40","T 2 3/10","2.963","3.4","0.2","ARRI ALEXA 35"
"15:30:59:18","A_0019C004_250528_152715_h1EI5","COOKE S4 753","753","40","T 2 3/10","2.963","3.4","0.2","ARRI ALEXA 35"
"15:30:59:19","A_0019C004_250528_152715_h1EI5","COOKE S4 753","753","40","T 2 3/10","2.963","3.4","0.2","ARRI ALEXA 35"
"15:30:59:20","A_0019C004_250528_152715_h1EI5","COOKE S4 753","753","40","T 2 3/10","2.963","3.4","0.2","ARRI ALEXA 35"
"15:30:59:21","A_0019C004_250528_152715_h1EI5","COOKE S4 753","753","40","T 2 3/10","2.963","3.4","0.2","ARRI ALEXA 35"
"15:30:59:22","A_0019C004_250528_152715_h1EI5","COOKE S4 753","753","40","T 2 3/10","2.963","3.4","0.2","ARRI ALEXA 35"
"15:30:59:23","A_0019C004_250528_152715_h1EI5","COOKE S4 753","753","40","T 2 3/10","2.963","3.4","0.2","ARRI ALEXA 35"
"15:31:00:00","A_0019C004_250528_152715_h1EI5","COOKE S4 753","753","40","T 2 3/10","2.963","3.4","0.2","ARRI ALEXA 35"
"15:31:00:01","A_0019C004_250528_152715_h1EI5","COOKE S4 753","753","40","T 2 3/10","2.963","3.4","0.2","ARRI ALEXA 35"
"15:31:00:02","A_0019C004_250528_152715_h1EI5","COOKE S4 753","753","40","T 2 3/10","2.963","3.4","0.2","ARRI ALEXA 35"
"15:31:00:03","A_0019C004_250528_152715_h1EI5","COOKE S4 753","753","40","T 2 3/10","2.963","3.4","0.2","ARRI ALEXA 35"
"15:31:00:04","A_0019C004_250528_152715_h1EI5","COOKE S4 753","753","40","T 2 3/10","2.963","3.4","0.2","ARRI ALEXA 35"
"15:31:00:05","A_0019C004_250528_152715_h1EI5","COOKE S4 753","753","40","T 2 3/10","2.963","3.4","0.2","ARRI ALEXA 35"
"15:31:00:06","A_0019C004_250528_152715_h1EI5","COOKE S4 753","753","40","T 2 3/10","2.963","3.4","0.2","ARRI ALEXA 35"
"15:31:00:07","A_0019C004_250528_152715_h1EI5","COOKE S4 753","753","40","T 2 3/10","2.963","3.4","0.2","ARRI ALEXA 35"
"15:31:00:08","A_0019C004_250528_152715_h1EI5","COOKE S4 753","753","40","T 2 3/10","2.963","3.4","0.2","ARRI ALEXA 35"
"15:31:00:09","A_0019C004_250528_152715_h1EI5","COOKE S4 753","753","40","T 2 3/10","2.963","3.4","0.2","ARRI ALEXA 35"
"15:31:00:10","A_0019C004_250528_152715_h1EI5","COOKE S4 753","753","40","T 2 3/10","2.963","3.4","0.2","ARRI ALEXA 35"
"15:31:00:11","A_0019C004_250528_152715_h1EI5","COOKE S4 753","753","40","T 2 3/10","2.963","3.4","0.2","ARRI ALEXA 35"
"15:31:00:12","A_0019C004_250528_152715_h1EI5","COOKE S4 753","753","40","T 2 3/10","2.963","3.4","0.2","ARRI ALEXA 35"
"15:31:00:13","A_0019C004_250528_152715_h1EI5","COOKE S4 753","753","40","T 2 3/10","2.963","3.4","0.2","ARRI ALEXA 35"
"15:31:00:14","A_0019C004_250528_152715_h1EI5","COOKE S4 753","753","40","T 2 3/10","2.963","3.4","0.2","ARRI ALEXA 35"
"15:31:00:15","A_0019C004_250528_152715_h1EI5","COOKE S4 753","753","40","T 2 3/10","2.963","3.4","0.2","ARRI ALEXA 35"
"15:31:00:16","A_0019C004_250528_152715_h1EI5","COOKE S4 753","753","40","T 2 3/10","2.963","3.4","0.2","ARRI ALEXA 35"
"15:31:00:17","A_0019C004_250528_152715_h1EI5","COOKE S4 753","753","40","T 2 3/10","2.963","3.4","0.2","ARRI ALEXA 35"
"15:31:00:18","A_0019C004_250528_152715_h1EI5","COOKE S4 753","753","40","T 2 3/10","2.956","3.4","0.2","ARRI ALEXA 35"
"15:31:00:19","A_0019C004_250528_152715_h1EI5","COOKE S4 753","753","40","T 2 3/10","2.946","3.4","0.2","ARRI ALEXA 35"
"15:31:00:20","A_0019C004_250528_152715_h1EI5","COOKE S4 753","753","40","T 2 3/10","2.943","3.4","0.2","ARRI ALEXA 35"
"15:31:00:21","A_0019C004_250528_152715_h1EI5","COOKE S4 753","753","40","T 2 3/10","2.943","3.4","0.2","ARRI ALEXA 35"
"15:31:00:22","A_0019C004_250528_152715_h1EI5","COOKE S4 753","753","40","T 2 3/10","2.943","3.4","0.2","ARRI ALEXA 35"
"15:31:00:23","A_0019C004_250528_152715_h1EI5","COOKE S4 753","753","40","T 2 3/10","2.943","3.4","0.2","ARRI ALEXA 35"
"15:31:01:00","A_0019C004_250528_152715_h1EI5","COOKE S4 753","753","40","T 2 3/10","2.943","3.4","0.2","ARRI ALEXA 35"
"15:31:01:01","A_0019C004_250528_152715_h1EI5","COOKE S4 753","753","40","T 2 3/10","2.943","3.4","0.2","ARRI ALEXA 35"
"15:31:01:02","A_0019C004_250528_152715_h1EI5","COOKE S4 753","753","40","T 2 3/10","2.943","3.4","0.2","ARRI ALEXA 35"
"15:31:01:03","A_0019C004_250528_152715_h1EI5","COOKE S4 753","753","40","T 2 3/10","2.943","3.4","0.2","ARRI ALEXA 35"
"15:31:01:04","A_0019C004_250528_152715_h1EI5","COOKE S4 753","753","40","T 2 3/10","2.943","3.4","0.2","ARRI ALEXA 35"
"15:31:01:05","A_0019C004_250528_152715_h1EI5","COOKE S4 753","753","40","T 2 3/10","2.943","3.4","0.2","ARRI ALEXA 35"
"15:31:01:06","A_0019C004_250528_152715_h1EI5","COOKE S4 753","753","40","T 2 3/10","2.94","3.4","0.2","ARRI ALEXA 35"
"15:31:01:07","A_0019C004_250528_152715_h1EI5","COOKE S4 753","753","40","T 2 3/10","2.94","3.4","0.2","ARRI ALEXA 35"
"15:31:01:08","A_0019C004_250528_152715_h1EI5","COOKE S4 753","753","40","T 2 3/10","2.936","3.2","0.2","ARRI ALEXA 35"
"15:31:01:09","A_0019C004_250528_152715_h1EI5","COOKE S4 753","753","40","T 2 3/10","2.933","3.2","0.2","ARRI ALEXA 35"
"15:31:01:10","A_0019C004_250528_152715_h1EI5","COOKE S4 753","753","40","T 2 3/10","2.93","3.2","0.2","ARRI ALEXA 35"
"15:31:01:11","A_0019C004_250528_152715_h1EI5","COOKE S4 753","753","40","T 2 3/10","2.93","3.2","0.2","ARRI ALEXA 35"
"15:31:01:12","A_0019C004_250528_152715_h1EI5","COOKE S4 753","753","40","T 2 3/10","2.927","3.2","0.2","ARRI ALEXA 35"
"15:31:01:13","A_0019C004_250528_152715_h1EI5","COOKE S4 753","753","40","T 2 3/10","2.927","3.2","0.2","ARRI ALEXA 35"
"15:31:01:14","A_0019C004_250528_152715_h1EI5","COOKE S4 753","753","40","T 2 3/10","2.927","3.2","0.2","ARRI ALEXA 35"
"15:31:01:15","A_0019C004_250528_152715_h1EI5","COOKE S4 753","753","40","T 2 3/10","2.927","3.2","0.2","ARRI ALEXA 35"
"15:31:01:16","A_0019C004_250528_152715_h1EI5","COOKE S4 753","753","40","T 2 3/10","2.927","3.2","0.2","ARRI ALEXA 35"
"15:31:01:17","A_0019C004_250528_152715_h1EI5","COOKE S4 753","753","40","T 2 3/10","2.927","3.2","0.2","ARRI ALEXA 35"
"15:31:01:18","A_0019C004_250528_152715_h1EI5","COOKE S4 753","753","40","T 2 3/10","2.927","3.2","0.2","ARRI ALEXA 35"
"15:31:01:19","A_0019C004_250528_152715_h1EI5","COOKE S4 753","753","40","T 2 3/10","2.927","3.2","0.2","ARRI ALEXA 35"
"15:31:01:20","A_0019C004_250528_152715_h1EI5","COOKE S4 753","753","40","T 2 3/10","2.927","3.2","0.2","ARRI ALEXA 35"
"15:31:01:21","A_0019C004_250528_152715_h1EI5","COOKE S4 753","753","40","T 2 3/10","2.927","3.2","0.2","ARRI ALEXA 35"
"15:31:01:22","A_0019C004_250528_152715_h1EI5","COOKE S4 753","753","40","T 2 3/10","2.927","3.2","0.2","ARRI ALEXA 35"
"15:31:01:23","A_0019C004_250528_152715_h1EI5","COOKE S4 753","753","40","T 2 3/10","2.927","3.2","0.2","ARRI ALEXA 35"
"15:31:02:00","A_0019C004_250528_152715_h1EI5","COOKE S4 753","753","40","T 2 3/10","2.927","3.2","0.2","ARRI ALEXA 35"
"15:31:02:01","A_0019C004_250528_152715_h1EI5","COOKE S4 753","753","40","T 2 3/10","2.927","3.2","0.2","ARRI ALEXA 35"
"15:31:02:02","A_0019C004_250528_152715_h1EI5","COOKE S4 753","753","40","T 2 3/10","2.927","3.2","0.2","ARRI ALEXA 35"
"15:31:02:03","A_0019C004_250528_152715_h1EI5","COOKE S4 753","753","40","T 2 3/10","2.927","3.2","0.2","ARRI ALEXA 35"
"15:31:02:04","A_0019C004_250528_152715_h1EI5","COOKE S4 753","753","40","T 2 3/10","2.927","3.2","0.2","ARRI ALEXA 35"
"15:31:02:05","A_0019C004_250528_152715_h1EI5","COOKE S4 753","753","40","T 2 3/10","2.927","3.2","0.2","ARRI ALEXA 35"
"15:31:02:06","A_0019C004_250528_152715_h1EI5","COOKE S4 753","753","40","T 2 3/10","2.927","3.2","0.2","ARRI ALEXA 35"
"15:31:02:07","A_0019C004_250528_152715_h1EI5","COOKE S4 753","753","40","T 2 3/10","2.927","3.2","0.2","ARRI ALEXA 35"
"15:31:02:08","A_0019C004_250528_152715_h1EI5","COOKE S4 753","753","40","T 2 3/10","2.927","3.2","0.2","ARRI ALEXA 35"
"15:31:02:09","A_0019C004_250528_152715_h1EI5","COOKE S4 753","753","40","T 2 3/10","2.927","3.2","0.2","ARRI ALEXA 35"
"15:31:02:10","A_0019C004_250528_152715_h1EI5","COOKE S4 753","753","40","T 2 3/10","2.927","3.2","0.2","ARRI ALEXA 35"
"15:31:02:11","A_0019C004_250528_152715_h1EI5","COOKE S4 753","753","40","T 2 3/10","2.927","3.2","0.2","ARRI ALEXA 35"
"15:31:02:12","A_0019C004_250528_152715_h1EI5","COOKE S4 753","753","40","T 2 3/10","2.927","3.2","0.2","ARRI ALEXA 35"
"15:31:02:13","A_0019C004_250528_152715_h1EI5","COOKE S4 753","753","40","T 2 3/10","2.927","3.2","0.2","ARRI ALEXA 35"
"15:31:02:14","A_0019C004_250528_152715_h1EI5","COOKE S4 753","753","40","T 2 3/10","2.936","3.2","0.2","ARRI ALEXA 35"
"15:31:02:15","A_0019C004_250528_152715_h1EI5","COOKE S4 753","753","40","T 2 3/10","2.94","3.2","0.2","ARRI ALEXA 35"
"15:31:02:16","A_0019C004_250528_152715_h1EI5","COOKE S4 753","753","40","T 2 3/10","2.94","3.2","0.2","ARRI ALEXA 35"
"15:31:02:17","A_0019C004_250528_152715_h1EI5","COOKE S4 753","753","40","T 2 3/10","2.943","3.2","0.2","ARRI ALEXA 35"
"15:31:02:18","A_0019C004_250528_152715_h1EI5","COOKE S4 753","753","40","T 2 3/10","2.943","3.2","0.2","ARRI ALEXA 35"
"15:31:02:19","A_0019C004_250528_152715_h1EI5","COOKE S4 753","753","40","T 2 3/10","2.943","3.2","0.2","ARRI ALEXA 35"
"15:31:02:20","A_0019C004_250528_152715_h1EI5","COOKE S4 753","753","40","T 2 3/10","2.943","3.2","0.2","ARRI ALEXA 35"
"15:31:02:21","A_0019C004_250528_152715_h1EI5","COOKE S4 753","753","40","T 2 3/10","2.943","3.2","0.2","ARRI ALEXA 35"
"15:31:02:22","A_0019C004_250528_152715_h1EI5","COOKE S4 753","753","40","T 2 3/10","2.943","3.2","0.2","ARRI ALEXA 35"
"15:31:02:23","A_0019C004_250528_152715_h1EI5","COOKE S4 753","753","40","T 2 3/10","2.943","3.2","0.2","ARRI ALEXA 35"
"15:31:03:00","A_0019C004_250528_152715_h1EI5","COOKE S4 753","753","40","T 2 3/10","2.943","3.2","0.2","ARRI ALEXA 35"
"15:31:03:01","A_0019C004_250528_152715_h1EI5","COOKE S4 753","753","40","T 2 3/10","2.943","3.2","0.2","ARRI ALEXA 35"
"15:31:03:02","A_0019C004_250528_152715_h1EI5","COOKE S4 753","753","40","T 2 3/10","2.943","3.2","0.2","ARRI ALEXA 35"
"15:31:03:03","A_0019C004_250528_152715_h1EI5","COOKE S4 753","753","40","T 2 3/10","2.943","3.2","0.2","ARRI ALEXA 35"
"15:31:03:04","A_0019C004_250528_152715_h1EI5","COOKE S4 753","753","40","T 2 3/10","2.943","3.2","0.2","ARRI ALEXA 35"
"15:31:03:05","A_0019C004_250528_152715_h1EI5","COOKE S4 753","753","40","T 2 3/10","2.943","3.2","0.2","ARRI ALEXA 35"
"15:31:03:06","A_0019C004_250528_152715_h1EI5","COOKE S4 753","753","40","T 2 3/10","2.943","3.2","0.2","ARRI ALEXA 35"
"15:31:03:07","A_0019C004_250528_152715_h1EI5","COOKE S4 753","753","40","T 2 3/10","2.943","3.2","0.2","ARRI ALEXA 35"
"15:31:03:08","A_0019C004_250528_152715_h1EI5","COOKE S4 753","753","40","T 2 3/10","2.943","3.2","0.2","ARRI ALEXA 35"
"15:31:03:09","A_0019C004_250528_152715_h1EI5","COOKE S4 753","753","40","T 2 3/10","2.943","3.2","0.2","ARRI ALEXA 35"
"15:31:03:10","A_0019C004_250528_152715_h1EI5","COOKE S4 753","753","40","T 2 3/10","2.943","3.2","0.2","ARRI ALEXA 35"
"15:31:03:11","A_0019C004_250528_152715_h1EI5","COOKE S4 753","753","40","T 2 3/10","2.943","3.2","0.2","ARRI ALEXA 35"
"15:31:03:12","A_0019C004_250528_152715_h1EI5","COOKE S4 753","753","40","T 2 3/10","2.943","3.2","0.2","ARRI ALEXA 35"
"15:31:03:13","A_0019C004_250528_152715_h1EI5","COOKE S4 753","753","40","T 2 3/10","2.943","3.2","0.2","ARRI ALEXA 35"
"15:31:03:14","A_0019C004_250528_152715_h1EI5","COOKE S4 753","753","40","T 2 3/10","2.943","3.2","0.2","ARRI ALEXA 35"
"15:31:03:15","A_0019C004_250528_152715_h1EI5","COOKE S4 753","753","40","T 2 3/10","2.943","3.2","0.2","ARRI ALEXA 35"
"15:31:03:16","A_0019C004_250528_152715_h1EI5","COOKE S4 753","753","40","T 2 3/10","2.943","3.2","0.2","ARRI ALEXA 35"
"15:31:03:17","A_0019C004_250528_152715_h1EI5","COOKE S4 753","753","40","T 2 3/10","2.943","3.2","0.2","ARRI ALEXA 35"
"15:31:03:18","A_0019C004_250528_152715_h1EI5","COOKE S4 753","753","40","T 2 3/10","2.943","3.2","0.2","ARRI ALEXA 35"
"15:31:03:19","A_0019C004_250528_152715_h1EI5","COOKE S4 753","753","40","T 2 3/10","2.943","3.2","0.2","ARRI ALEXA 35"
"15:31:03:20","A_0019C004_250528_152715_h1EI5","COOKE S4 753","753","40","T 2 3/10","2.943","3.2","0.2","ARRI ALEXA 35"
"15:31:03:21","A_0019C004_250528_152715_h1EI5","COOKE S4 753","753","40","T 2 3/10","2.943","3.2","0.2","ARRI ALEXA 35"
"15:31:03:22","A_0019C004_250528_152715_h1EI5","COOKE S4 753","753","40","T 2 3/10","2.943","3.2","0.2","ARRI ALEXA 35"
"15:31:03:23","A_0019C004_250528_152715_h1EI5","COOKE S4 753","753","40","T 2 3/10","2.943","3.2","0.2","ARRI ALEXA 35"
"15:31:04:00","A_0019C004_250528_152715_h1EI5","COOKE S4 753","753","40","T 2 3/10","2.943","3.2","0.2","ARRI ALEXA 35"
"15:31:04:01","A_0019C004_250528_152715_h1EI5","COOKE S4 753","753","40","T 2 3/10","2.943","3.2","0.2","ARRI ALEXA 35"
"15:31:04:02","A_0019C004_250528_152715_h1EI5","COOKE S4 753","753","40","T 2 3/10","2.943","3.2","0.2","ARRI ALEXA 35"
"15:31:04:03","A_0019C004_250528_152715_h1EI5","COOKE S4 753","753","40","T 2 3/10","2.943","3.2","0.2","ARRI ALEXA 35"
"15:31:04:04","A_0019C004_250528_152715_h1EI5","COOKE S4 753","753","40","T 2 3/10","2.943","3.2","0.2","ARRI ALEXA 35"
"15:31:04:05","A_0019C004_250528_152715_h1EI5","COOKE S4 753","753","40","T 2 3/10","2.943","3.2","0.2","ARRI ALEXA 35"
"15:31:04:06","A_0019C004_250528_152715_h1EI5","COOKE S4 753","753","40","T 2 3/10","2.943","3.2","0.2","ARRI ALEXA 35"
"15:31:04:07","A_0019C004_250528_152715_h1EI5","COOKE S4 753","753","40","T 2 3/10","2.943","3.2","0.2","ARRI ALEXA 35"
"15:31:04:08","A_0019C004_250528_152715_h1EI5","COOKE S4 753","753","40","T 2 3/10","2.943","3.2","0.2","ARRI ALEXA 35"
"15:31:04:09","A_0019C004_250528_152715_h1EI5","COOKE S4 753","753","40","T 2 3/10","2.943","3.2","0.2","ARRI ALEXA 35"
"15:31:04:10","A_0019C004_250528_152715_h1EI5","COOKE S4 753","753","40","T 2 3/10","2.943","3.2","0.2","ARRI ALEXA 35"
"15:31:04:11","A_0019C004_250528_152715_h1EI5","COOKE S4 753","753","40","T 2 3/10","2.943","3.2","0.2","ARRI ALEXA 35"
"15:31:04:12","A_0019C004_250528_152715_h1EI5","COOKE S4 753","753","40","T 2 3/10","2.943","3.2","0.2","ARRI ALEXA 35"
"15:31:04:13","A_0019C004_250528_152715_h1EI5","COOKE S4 753","753","40","T 2 3/10","2.943","3.2","0.2","ARRI ALEXA 35"
"15:31:04:14","A_0019C004_250528_152715_h1EI5","COOKE S4 753","753","40","T 2 3/10","2.943","3.2","0.2","ARRI ALEXA 35"
"15:31:04:15","A_0019C004_250528_152715_h1EI5","COOKE S4 753","753","40","T 2 3/10","2.946","3.2","0.2","ARRI ALEXA 35"
"15:31:04:16","A_0019C004_250528_152715_h1EI5","COOKE S4 753","753","40","T 2 3/10","2.946","3.2","0.2","ARRI ALEXA 35"
"15:31:04:17","A_0019C004_250528_152715_h1EI5","COOKE S4 753","753","40","T 2 3/10","2.946","3.2","0.2","ARRI ALEXA 35"
"15:31:04:18","A_0019C004_250528_152715_h1EI5","COOKE S4 753","753","40","T 2 3/10","2.946","3.2","0.2","ARRI ALEXA 35"
"15:31:04:19","A_0019C004_250528_152715_h1EI5","COOKE S4 753","753","40","T 2 3/10","2.946","3.2","0.2","ARRI ALEXA 35"
"15:31:04:20","A_0019C004_250528_152715_h1EI5","COOKE S4 753","753","40","T 2 3/10","2.946","3.2","0.2","ARRI ALEXA 35"
"15:31:04:21","A_0019C004_250528_152715_h1EI5","COOKE S4 753","753","40","T 2 3/10","2.946","3.2","0.2","ARRI ALEXA 35"
"15:31:04:22","A_0019C004_250528_152715_h1EI5","COOKE S4 753","753","40","T 2 3/10","2.946","3.2","0.2","ARRI ALEXA 35"
"15:31:04:23","A_0019C004_250528_152715_h1EI5","COOKE S4 753","753","40","T 2 3/10","2.946","3.2","0.2","ARRI ALEXA 35"
"15:31:05:00","A_0019C004_250528_152715_h1EI5","COOKE S4 753","753","40","T 2 3/10","2.946","3.2","0.2","ARRI ALEXA 35"
"15:31:05:01","A_0019C004_250528_152715_h1EI5","COOKE S4 753","753","40","T 2 3/10","2.946","3.2","0.2","ARRI ALEXA 35"
"15:31:05:02","A_0019C004_250528_152715_h1EI5","COOKE S4 753","753","40","T 2 3/10","2.946","3.2","0.2","ARRI ALEXA 35"
"15:31:05:03","A_0019C004_250528_152715_h1EI5","COOKE S4 753","753","40","T 2 3/10","2.946","3.2","0.2","ARRI ALEXA 35"
"15:31:05:04","A_0019C004_250528_152715_h1EI5","COOKE S4 753","753","40","T 2 3/10","2.946","3.2","0.2","ARRI ALEXA 35"
"15:31:05:05","A_0019C004_250528_152715_h1EI5","COOKE S4 753","753","40","T 2 3/10","2.946","3.2","0.2","ARRI ALEXA 35"
"15:31:05:06","A_0019C004_250528_152715_h1EI5","COOKE S4 753","753","40","T 2 3/10","2.946","3.2","0.2","ARRI ALEXA 35"
"15:31:05:07","A_0019C004_250528_152715_h1EI5","COOKE S4 753","753","40","T 2 3/10","2.946","3.2","0.2","ARRI ALEXA 35"
"15:31:05:08","A_0019C004_250528_152715_h1EI5","COOKE S4 753","753","40","T 2 3/10","2.946","3.2","0.2","ARRI ALEXA 35"
"15:31:05:09","A_0019C004_250528_152715_h1EI5","COOKE S4 753","753","40","T 2 3/10","2.946","3.2","0.2","ARRI ALEXA 35"
"15:31:05:10","A_0019C004_250528_152715_h1EI5","COOKE S4 753","753","40","T 2 3/10","2.946","3.2","0.2","ARRI ALEXA 35"
"15:31:05:11","A_0019C004_250528_152715_h1EI5","COOKE S4 753","753","40","T 2 3/10","2.946","3.2","0.2","ARRI ALEXA 35"
"15:31:05:12","A_0019C004_250528_152715_h1EI5","COOKE S4 753","753","40","T 2 3/10","2.946","3.2","0.2","ARRI ALEXA 35"
"15:31:05:13","A_0019C004_250528_152715_h1EI5","COOKE S4 753","753","40","T 2 3/10","2.946","3.2","0.2","ARRI ALEXA 35"
"15:31:05:14","A_0019C004_250528_152715_h1EI5","COOKE S4 753","753","40","T 2 3/10","2.946","3.2","0.2","ARRI ALEXA 35"
"15:31:05:15","A_0019C004_250528_152715_h1EI5","COOKE S4 753","753","40","T 2 3/10","2.946","3.2","0.2","ARRI ALEXA 35"
"15:31:05:16","A_0019C004_250528_152715_h1EI5","COOKE S4 753","753","40","T 2 3/10","2.946","3.2","0.2","ARRI ALEXA 35"
"15:31:05:17","A_0019C004_250528_152715_h1EI5","COOKE S4 753","753","40","T 2 3/10","2.946","3.2","0.2","ARRI ALEXA 35"
"15:31:05:18","A_0019C004_250528_152715_h1EI5","COOKE S4 753","753","40","T 2 3/10","2.946","3.2","0.2","ARRI ALEXA 35"
"15:31:05:19","A_0019C004_250528_152715_h1EI5","COOKE S4 753","753","40","T 2 3/10","2.946","3.2","0.2","ARRI ALEXA 35"
"15:31:05:20","A_0019C004_250528_152715_h1EI5","COOKE S4 753","753","40","T 2 3/10","2.946","3.2","0.2","ARRI ALEXA 35"
"15:31:05:21","A_0019C004_250528_152715_h1EI5","COOKE S4 753","753","40","T 2 3/10","2.946","3.2","0.2","ARRI ALEXA 35"
"15:31:05:22","A_0019C004_250528_152715_h1EI5","COOKE S4 753","753","40","T 2 3/10","2.946","3.2","0.2","ARRI ALEXA 35"
"15:31:05:23","A_0019C004_250528_152715_h1EI5","COOKE S4 753","753","40","T 2 3/10","2.946","3.2","0.2","ARRI ALEXA 35"
"15:31:06:00","A_0019C004_250528_152715_h1EI5","COOKE S4 753","753","40","T 2 3/10","2.946","3.2","0.2","ARRI ALEXA 35"
"15:31:06:01","A_0019C004_250528_152715_h1EI5","COOKE S4 753","753","40","T 2 3/10","2.946","3.2","0.2","ARRI ALEXA 35"
"15:31:06:02","A_0019C004_250528_152715_h1EI5","COOKE S4 753","753","40","T 2 3/10","2.946","3.2","0.2","ARRI ALEXA 35"
"15:31:06:03","A_0019C004_250528_152715_h1EI5","COOKE S4 753","753","40","T 2 3/10","2.946","3.2","0.2","ARRI ALEXA 35"
"15:31:06:04","A_0019C004_250528_152715_h1EI5","COOKE S4 753","753","40","T 2 3/10","2.946","3.2","0.2","ARRI ALEXA 35"
"15:31:06:05","A_0019C004_250528_152715_h1EI5","COOKE S4 753","753","40","T 2 3/10","2.946","3.2","0.2","ARRI ALEXA 35"
"15:31:06:06","A_0019C004_250528_152715_h1EI5","COOKE S4 753","753","40","T 2 3/10","2.946","3.2","0.2","ARRI ALEXA 35"
"15:31:06:07","A_0019C004_250528_152715_h1EI5","COOKE S4 753","753","40","T 2 3/10","2.946","3.2","0.2","ARRI ALEXA 35"
"15:31:06:08","A_0019C004_250528_152715_h1EI5","COOKE S4 753","753","40","T 2 3/10","2.946","3.2","0.2","ARRI ALEXA 35"
"15:31:06:09","A_0019C004_250528_152715_h1EI5","COOKE S4 753","753","40","T 2 3/10","2.946","3.2","0.2","ARRI ALEXA 35"
"15:31:06:10","A_0019C004_250528_152715_h1EI5","COOKE S4 753","753","40","T 2 3/10","2.946","3.2","0.2","ARRI ALEXA 35"
"15:31:06:11","A_0019C004_250528_152715_h1EI5","COOKE S4 753","753","40","T 2 3/10","2.946","3.2","0.2","ARRI ALEXA 35"
"15:31:06:12","A_0019C004_250528_152715_h1EI5","COOKE S4 753","753","40","T 2 3/10","2.946","3.2","0.2","ARRI ALEXA 35"
"15:31:06:13","A_0019C004_250528_152715_h1EI5","COOKE S4 753","753","40","T 2 3/10","2.946","3.2","0.2","ARRI ALEXA 35"
"15:31:06:14","A_0019C004_250528_152715_h1EI5","COOKE S4 753","753","40","T 2 3/10","2.946","3.2","0.2","ARRI ALEXA 35"
"15:31:06:15","A_0019C004_250528_152715_h1EI5","COOKE S4 753","753","40","T 2 3/10","2.946","3.2","0.2","ARRI ALEXA 35"
"15:31:06:16","A_0019C004_250528_152715_h1EI5","COOKE S4 753","753","40","T 2 3/10","2.946","3.2","0.2","ARRI ALEXA 35"
"15:31:06:17","A_0019C004_250528_152715_h1EI5","COOKE S4 753","753","40","T 2 3/10","2.946","3.2","0.2","ARRI ALEXA 35"
"15:31:06:18","A_0019C004_250528_152715_h1EI5","COOKE S4 753","753","40","T 2 3/10","2.946","3.2","0.2","ARRI ALEXA 35"
"15:31:06:19","A_0019C004_250528_152715_h1EI5","COOKE S4 753","753","40","T 2 3/10","2.946","3.2","0.2","ARRI ALEXA 35"
"15:31:06:20","A_0019C004_250528_152715_h1EI5","COOKE S4 753","753","40","T 2 3/10","2.946","3.2","0.2","ARRI ALEXA 35"
"15:31:06:21","A_0019C004_250528_152715_h1EI5","COOKE S4 753","753","40","T 2 3/10","2.946","3.2","0.2","ARRI ALEXA 35"
"15:31:06:22","A_0019C004_250528_152715_h1EI5","COOKE S4 753","753","40","T 2 3/10","2.946","3.2","0.2","ARRI ALEXA 35"
"15:31:06:23","A_0019C004_250528_152715_h1EI5","COOKE S4 753","753","40","T 2 3/10","2.946","3.2","0.2","ARRI ALEXA 35"
"15:31:07:00","A_0019C004_250528_152715_h1EI5","COOKE S4 753","753","40","T 2 3/10","2.946","3.2","0.2","ARRI ALEXA 35"
"15:31:07:01","A_0019C004_250528_152715_h1EI5","COOKE S4 753","753","40","T 2 3/10","2.946","3.2","0.2","ARRI ALEXA 35"
"15:31:07:02","A_0019C004_250528_152715_h1EI5","COOKE S4 753","753","40","T 2 3/10","2.946","3.2","0.2","ARRI ALEXA 35"
"15:31:07:03","A_0019C004_250528_152715_h1EI5","COOKE S4 753","753","40","T 2 3/10","2.946","3.2","0.2","ARRI ALEXA 35"
"15:31:07:04","A_0019C004_250528_152715_h1EI5","COOKE S4 753","753","40","T 2 3/10","2.946","3.2","0.2","ARRI ALEXA 35"
"15:31:07:05","A_0019C004_250528_152715_h1EI5","COOKE S4 753","753","40","T 2 3/10","2.946","3.2","0.2","ARRI ALEXA 35"
"15:31:07:06","A_0019C004_250528_152715_h1EI5","COOKE S4 753","753","40","T 2 3/10","2.949","3.2","0.2","ARRI ALEXA 35"
"15:31:07:07","A_0019C004_250528_152715_h1EI5","COOKE S4 753","753","40","T 2 3/10","2.949","3.2","0.2","ARRI ALEXA 35"
"15:31:07:08","A_0019C004_250528_152715_h1EI5","COOKE S4 753","753","40","T 2 3/10","2.953","3.2","0.2","ARRI ALEXA 35"
"15:31:07:09","A_0019C004_250528_152715_h1EI5","COOKE S4 753","753","40","T 2 3/10","2.956","3.2","0.2","ARRI ALEXA 35"
"15:31:07:10","A_0019C004_250528_152715_h1EI5","COOKE S4 753","753","40","T 2 3/10","2.956","3.2","0.2","ARRI ALEXA 35"
"15:31:07:11","A_0019C004_250528_152715_h1EI5","COOKE S4 753","753","40","T 2 3/10","2.956","3.2","0.2","ARRI ALEXA 35"
"15:31:07:12","A_0019C004_250528_152715_h1EI5","COOKE S4 753","753","40","T 2 3/10","2.956","3.2","0.2","ARRI ALEXA 35"
"15:31:07:13","A_0019C004_250528_152715_h1EI5","COOKE S4 753","753","40","T 2 3/10","2.956","3.2","0.2","ARRI ALEXA 35"
"15:31:07:14","A_0019C004_250528_152715_h1EI5","COOKE S4 753","753","40","T 2 3/10","2.956","3.2","0.2","ARRI ALEXA 35"
"15:31:07:15","A_0019C004_250528_152715_h1EI5","COOKE S4 753","753","40","T 2 3/10","2.956","3.2","0.2","ARRI ALEXA 35"
"15:31:07:16","A_0019C004_250528_152715_h1EI5","COOKE S4 753","753","40","T 2 3/10","2.956","3.2","0.2","ARRI ALEXA 35"
"15:31:07:17","A_0019C004_250528_152715_h1EI5","COOKE S4 753","753","40","T 2 3/10","2.956","3.2","0.2","ARRI ALEXA 35"
"15:31:07:18","A_0019C004_250528_152715_h1EI5","COOKE S4 753","753","40","T 2 3/10","2.956","3.2","0.2","ARRI ALEXA 35"
"15:31:07:19","A_0019C004_250528_152715_h1EI5","COOKE S4 753","753","40","T 2 3/10","2.956","3.2","0.2","ARRI ALEXA 35"
"15:31:07:20","A_0019C004_250528_152715_h1EI5","COOKE S4 753","753","40","T 2 3/10","2.956","3.2","0.2","ARRI ALEXA 35"
"15:31:07:21","A_0019C004_250528_152715_h1EI5","COOKE S4 753","753","40","T 2 3/10","2.956","3.2","0.2","ARRI ALEXA 35"
"15:31:07:22","A_0019C004_250528_152715_h1EI5","COOKE S4 753","753","40","T 2 3/10","2.956","3.2","0.2","ARRI ALEXA 35"
"15:31:07:23","A_0019C004_250528_152715_h1EI5","COOKE S4 753","753","40","T 2 3/10","2.956","3.2","0.2","ARRI ALEXA 35"
"15:31:08:00","A_0019C004_250528_152715_h1EI5","COOKE S4 753","753","40","T 2 3/10","2.956","3.2","0.2","ARRI ALEXA 35"
"15:31:08:01","A_0019C004_250528_152715_h1EI5","COOKE S4 753","753","40","T 2 3/10","2.956","3.2","0.2","ARRI ALEXA 35"
"15:31:08:02","A_0019C004_250528_152715_h1EI5","COOKE S4 753","753","40","T 2 3/10","2.956","3.2","0.2","ARRI ALEXA 35"
"15:31:08:03","A_0019C004_250528_152715_h1EI5","COOKE S4 753","753","40","T 2 3/10","2.956","3.2","0.2","ARRI ALEXA 35"
"15:31:08:04","A_0019C004_250528_152715_h1EI5","COOKE S4 753","753","40","T 2 3/10","2.956","3.2","0.2","ARRI ALEXA 35"
"15:31:08:05","A_0019C004_250528_152715_h1EI5","COOKE S4 753","753","40","T 2 3/10","2.966","3.2","0.2","ARRI ALEXA 35"
"15:31:08:06","A_0019C004_250528_152715_h1EI5","COOKE S4 753","753","40","T 2 3/10","2.969","3.2","0.2","ARRI ALEXA 35"
"15:31:08:07","A_0019C004_250528_152715_h1EI5","COOKE S4 753","753","40","T 2 3/10","2.976","3.2","0.2","ARRI ALEXA 35"
"15:31:08:08","A_0019C004_250528_152715_h1EI5","COOKE S4 753","753","40","T 2 3/10","2.982","3.2","0.2","ARRI ALEXA 35"
"15:31:08:09","A_0019C004_250528_152715_h1EI5","COOKE S4 753","753","40","T 2 3/10","2.982","3.2","0.2","ARRI ALEXA 35"
"15:31:08:10","A_0019C004_250528_152715_h1EI5","COOKE S4 753","753","40","T 2 3/10","2.986","3.2","0.2","ARRI ALEXA 35"
"15:31:08:11","A_0019C004_250528_152715_h1EI5","COOKE S4 753","753","40","T 2 3/10","2.989","3.2","0.2","ARRI ALEXA 35"
"15:31:08:12","A_0019C004_250528_152715_h1EI5","COOKE S4 753","753","40","T 2 3/10","2.992","3.2","0.2","ARRI ALEXA 35"
"15:31:08:13","A_0019C004_250528_152715_h1EI5","COOKE S4 753","753","40","T 2 3/10","2.992","3.2","0.2","ARRI ALEXA 35"
"15:31:08:14","A_0019C004_250528_152715_h1EI5","COOKE S4 753","753","40","T 2 3/10","2.992","3.2","0.2","ARRI ALEXA 35"
"15:31:08:15","A_0019C004_250528_152715_h1EI5","COOKE S4 753","753","40","T 2 3/10","2.992","3.2","0.2","ARRI ALEXA 35"
"15:31:08:16","A_0019C004_250528_152715_h1EI5","COOKE S4 753","753","40","T 2 3/10","2.992","3.2","0.2","ARRI ALEXA 35"
"15:31:08:17","A_0019C004_250528_152715_h1EI5","COOKE S4 753","753","40","T 2 3/10","2.992","3.2","0.2","ARRI ALEXA 35"
"15:31:08:18","A_0019C004_250528_152715_h1EI5","COOKE S4 753","753","40","T 2 3/10","2.992","3.2","0.2","ARRI ALEXA 35"
"15:31:08:19","A_0019C004_250528_152715_h1EI5","COOKE S4 753","753","40","T 2 3/10","2.992","3.2","0.2","ARRI ALEXA 35"
"15:31:08:20","A_0019C004_250528_152715_h1EI5","COOKE S4 753","753","40","T 2 3/10","2.992","3.2","0.2","ARRI ALEXA 35"
"15:31:08:21","A_0019C004_250528_152715_h1EI5","COOKE S4 753","753","40","T 2 3/10","2.992","3.2","0.2","ARRI ALEXA 35"
"15:31:08:22","A_0019C004_250528_152715_h1EI5","COOKE S4 753","753","40","T 2 3/10","2.992","3.2","0.2","ARRI ALEXA 35"
"15:31:08:23","A_0019C004_250528_152715_h1EI5","COOKE S4 753","753","40","T 2 3/10","2.992","3.2","0.2","ARRI ALEXA 35"
"15:31:09:00","A_0019C004_250528_152715_h1EI5","COOKE S4 753","753","40","T 2 3/10","2.992","3.2","0.2","ARRI ALEXA 35"
"15:31:09:01","A_0019C004_250528_152715_h1EI5","COOKE S4 753","753","40","T 2 3/10","2.992","3.2","0.2","ARRI ALEXA 35"
"15:31:09:02","A_0019C004_250528_152715_h1EI5","COOKE S4 753","753","40","T 2 3/10","2.992","3.2","0.2","ARRI ALEXA 35"
"15:31:09:03","A_0019C004_250528_152715_h1EI5","COOKE S4 753","753","40","T 2 3/10","2.992","3.2","0.2","ARRI ALEXA 35"
"15:31:09:04","A_0019C004_250528_152715_h1EI5","COOKE S4 753","753","40","T 2 3/10","2.992","3.2","0.2","ARRI ALEXA 35"
"15:31:09:05","A_0019C004_250528_152715_h1EI5","COOKE S4 753","753","40","T 2 3/10","2.992","3.2","0.2","ARRI ALEXA 35"
"15:31:09:06","A_0019C004_250528_152715_h1EI5","COOKE S4 753","753","40","T 2 3/10","2.992","3.2","0.2","ARRI ALEXA 35"
"15:31:09:07","A_0019C004_250528_152715_h1EI5","COOKE S4 753","753","40","T 2 3/10","2.992","3.2","0.2","ARRI ALEXA 35"
"15:31:09:08","A_0019C004_250528_152715_h1EI5","COOKE S4 753","753","40","T 2 3/10","2.986","3.2","0.2","ARRI ALEXA 35"
"15:31:09:09","A_0019C004_250528_152715_h1EI5","COOKE S4 753","753","40","T 2 3/10","2.982","3.2","0.2","ARRI ALEXA 35"
"15:31:09:10","A_0019C004_250528_152715_h1EI5","COOKE S4 753","753","40","T 2 3/10","2.982","3.2","0.2","ARRI ALEXA 35"
"15:31:09:11","A_0019C004_250528_152715_h1EI5","COOKE S4 753","753","40","T 2 3/10","2.976","3.2","0.2","ARRI ALEXA 35"
"15:31:09:12","A_0019C004_250528_152715_h1EI5","COOKE S4 753","753","40","T 2 3/10","2.976","3.2","0.2","ARRI ALEXA 35"
"15:31:09:13","A_0019C004_250528_152715_h1EI5","COOKE S4 753","753","40","T 2 3/10","2.969","3.2","0.2","ARRI ALEXA 35"
"15:31:09:14","A_0019C004_250528_152715_h1EI5","COOKE S4 753","753","40","T 2 3/10","2.963","3.2","0.2","ARRI ALEXA 35"
"15:31:09:15","A_0019C004_250528_152715_h1EI5","COOKE S4 753","753","40","T 2 3/10","2.963","3.2","0.2","ARRI ALEXA 35"
"15:31:09:16","A_0019C004_250528_152715_h1EI5","COOKE S4 753","753","40","T 2 3/10","2.963","3.2","0.2","ARRI ALEXA 35"
"15:31:09:17","A_0019C004_250528_152715_h1EI5","COOKE S4 753","753","40","T 2 3/10","2.959","3.2","0.2","ARRI ALEXA 35"
"15:31:09:18","A_0019C004_250528_152715_h1EI5","COOKE S4 753","753","40","T 2 3/10","2.959","3.2","0.2","ARRI ALEXA 35"
"15:31:09:19","A_0019C004_250528_152715_h1EI5","COOKE S4 753","753","40","T 2 3/10","2.959","3.2","0.2","ARRI ALEXA 35"
"15:31:09:20","A_0019C004_250528_152715_h1EI5","COOKE S4 753","753","40","T 2 3/10","2.959","3.2","0.2","ARRI ALEXA 35"
"15:31:09:21","A_0019C004_250528_152715_h1EI5","COOKE S4 753","753","40","T 2 3/10","2.959","3.2","0.2","ARRI ALEXA 35"
"15:31:09:22","A_0019C004_250528_152715_h1EI5","COOKE S4 753","753","40","T 2 3/10","2.959","3.2","0.2","ARRI ALEXA 35"
"15:31:09:23","A_0019C004_250528_152715_h1EI5","COOKE S4 753","753","40","T 2 3/10","2.959","3.2","0.2","ARRI ALEXA 35"
"15:31:10:00","A_0019C004_250528_152715_h1EI5","COOKE S4 753","753","40","T 2 3/10","2.959","3.2","0.2","ARRI ALEXA 35"
"15:31:10:01","A_0019C004_250528_152715_h1EI5","COOKE S4 753","753","40","T 2 3/10","2.959","3.2","0.2","ARRI ALEXA 35"
"15:31:10:02","A_0019C004_250528_152715_h1EI5","COOKE S4 753","753","40","T 2 3/10","2.959","3.2","0.2","ARRI ALEXA 35"
"15:31:10:03","A_0019C004_250528_152715_h1EI5","COOKE S4 753","753","40","T 2 3/10","2.959","3.2","0.2","ARRI ALEXA 35"
"15:31:10:04","A_0019C004_250528_152715_h1EI5","COOKE S4 753","753","40","T 2 3/10","2.959","3.2","0.2","ARRI ALEXA 35"
"15:31:10:05","A_0019C004_250528_152715_h1EI5","COOKE S4 753","753","40","T 2 3/10","2.959","3.2","0.2","ARRI ALEXA 35"
"15:31:10:06","A_0019C004_250528_152715_h1EI5","COOKE S4 753","753","40","T 2 3/10","2.959","3.2","0.2","ARRI ALEXA 35"
"15:31:10:07","A_0019C004_250528_152715_h1EI5","COOKE S4 753","753","40","T 2 3/10","2.959","3.2","0.2","ARRI ALEXA 35"
"15:31:10:08","A_0019C004_250528_152715_h1EI5","COOKE S4 753","753","40","T 2 3/10","2.959","3.2","0.2","ARRI ALEXA 35"
"15:31:10:09","A_0019C004_250528_152715_h1EI5","COOKE S4 753","753","40","T 2 3/10","2.959","3.2","0.2","ARRI ALEXA 35"
"15:31:10:10","A_0019C004_250528_152715_h1EI5","COOKE S4 753","753","40","T 2 3/10","2.959","3.2","0.2","ARRI ALEXA 35"
"15:31:10:11","A_0019C004_250528_152715_h1EI5","COOKE S4 753","753","40","T 2 3/10","2.959","3.2","0.2","ARRI ALEXA 35"
"15:31:10:12","A_0019C004_250528_152715_h1EI5","COOKE S4 753","753","40","T 2 3/10","2.959","3.2","0.2","ARRI ALEXA 35"
"15:31:10:13","A_0019C004_250528_152715_h1EI5","COOKE S4 753","753","40","T 2 3/10","2.959","3.2","0.2","ARRI ALEXA 35"
"15:31:10:14","A_0019C004_250528_152715_h1EI5","COOKE S4 753","753","40","T 2 3/10","2.959","3.2","0.2","ARRI ALEXA 35"
"15:31:10:15","A_0019C004_250528_152715_h1EI5","COOKE S4 753","753","40","T 2 3/10","2.959","3.2","0.2","ARRI ALEXA 35"
"15:31:10:16","A_0019C004_250528_152715_h1EI5","COOKE S4 753","753","40","T 2 3/10","2.959","3.2","0.2","ARRI ALEXA 35"
"15:31:10:17","A_0019C004_250528_152715_h1EI5","COOKE S4 753","753","40","T 2 3/10","2.949","3.2","0.2","ARRI ALEXA 35"
"15:31:10:18","A_0019C004_250528_152715_h1EI5","COOKE S4 753","753","40","T 2 3/10","2.946","3.2","0.2","ARRI ALEXA 35"
"15:31:10:19","A_0019C004_250528_152715_h1EI5","COOKE S4 753","753","40","T 2 3/10","2.943","3.2","0.2","ARRI ALEXA 35"
"15:31:10:20","A_0019C004_250528_152715_h1EI5","COOKE S4 753","753","40","T 2 3/10","2.943","3.2","0.2","ARRI ALEXA 35"
"15:31:10:21","A_0019C004_250528_152715_h1EI5","COOKE S4 753","753","40","T 2 3/10","2.943","3.2","0.2","ARRI ALEXA 35"
"15:31:10:22","A_0019C004_250528_152715_h1EI5","COOKE S4 753","753","40","T 2 3/10","2.94","3.2","0.2","ARRI ALEXA 35"
"15:31:10:23","A_0019C004_250528_152715_h1EI5","COOKE S4 753","753","40","T 2 3/10","2.94","3.2","0.2","ARRI ALEXA 35"
"15:31:11:00","A_0019C004_250528_152715_h1EI5","COOKE S4 753","753","40","T 2 3/10","2.94","3.2","0.2","ARRI ALEXA 35"
"15:31:11:01","A_0019C004_250528_152715_h1EI5","COOKE S4 753","753","40","T 2 3/10","2.94","3.2","0.2","ARRI ALEXA 35"
"15:31:11:02","A_0019C004_250528_152715_h1EI5","COOKE S4 753","753","40","T 2 3/10","2.94","3.2","0.2","ARRI ALEXA 35"
"15:31:11:03","A_0019C004_250528_152715_h1EI5","COOKE S4 753","753","40","T 2 3/10","2.946","3.2","0.2","ARRI ALEXA 35"
"15:31:11:04","A_0019C004_250528_152715_h1EI5","COOKE S4 753","753","40","T 2 3/10","2.953","3.2","0.2","ARRI ALEXA 35"
"15:31:11:05","A_0019C004_250528_152715_h1EI5","COOKE S4 753","753","40","T 2 3/10","2.956","3.2","0.2","ARRI ALEXA 35"
"15:31:11:06","A_0019C004_250528_152715_h1EI5","COOKE S4 753","753","40","T 2 3/10","2.956","3.2","0.2","ARRI ALEXA 35"
"15:31:11:07","A_0019C004_250528_152715_h1EI5","COOKE S4 753","753","40","T 2 3/10","2.956","3.2","0.2","ARRI ALEXA 35"
"15:31:11:08","A_0019C004_250528_152715_h1EI5","COOKE S4 753","753","40","T 2 3/10","2.956","3.2","0.2","ARRI ALEXA 35"
"15:31:11:09","A_0019C004_250528_152715_h1EI5","COOKE S4 753","753","40","T 2 3/10","2.956","3.2","0.2","ARRI ALEXA 35"
"15:31:11:10","A_0019C004_250528_152715_h1EI5","COOKE S4 753","753","40","T 2 3/10","2.956","3.2","0.2","ARRI ALEXA 35"
"15:31:11:11","A_0019C004_250528_152715_h1EI5","COOKE S4 753","753","40","T 2 3/10","2.959","3.2","0.2","ARRI ALEXA 35"
"15:31:11:12","A_0019C004_250528_152715_h1EI5","COOKE S4 753","753","40","T 2 3/10","2.959","3.2","0.2","ARRI ALEXA 35"
"15:31:11:13","A_0019C004_250528_152715_h1EI5","COOKE S4 753","753","40","T 2 3/10","2.959","3.2","0.2","ARRI ALEXA 35"
"15:31:11:14","A_0019C004_250528_152715_h1EI5","COOKE S4 753","753","40","T 2 3/10","2.959","3.3","0.2","ARRI ALEXA 35"
"15:31:11:15","A_0019C004_250528_152715_h1EI5","COOKE S4 753","753","40","T 2 3/10","2.959","3.3","0.2","ARRI ALEXA 35"
"15:31:11:16","A_0019C004_250528_152715_h1EI5","COOKE S4 753","753","40","T 2 3/10","2.959","3.3","0.2","ARRI ALEXA 35"
"15:31:11:17","A_0019C004_250528_152715_h1EI5","COOKE S4 753","753","40","T 2 3/10","2.959","3.3","0.2","ARRI ALEXA 35"
"15:31:11:18","A_0019C004_250528_152715_h1EI5","COOKE S4 753","753","40","T 2 3/10","2.959","3.3","0.2","ARRI ALEXA 35"
"15:31:11:19","A_0019C004_250528_152715_h1EI5","COOKE S4 753","753","40","T 2 3/10","2.959","3.3","0.2","ARRI ALEXA 35"
"15:31:11:20","A_0019C004_250528_152715_h1EI5","COOKE S4 753","753","40","T 2 3/10","2.959","3.3","0.2","ARRI ALEXA 35"
"15:31:11:21","A_0019C004_250528_152715_h1EI5","COOKE S4 753","753","40","T 2 3/10","2.959","3.3","0.2","ARRI ALEXA 35"
"15:31:11:22","A_0019C004_250528_152715_h1EI5","COOKE S4 753","753","40","T 2 3/10","2.963","3.3","0.2","ARRI ALEXA 35"
"15:31:11:23","A_0019C004_250528_152715_h1EI5","COOKE S4 753","753","40","T 2 3/10","2.963","3.3","0.2","ARRI ALEXA 35"
"15:31:12:00","A_0019C004_250528_152715_h1EI5","COOKE S4 753","753","40","T 2 3/10","2.963","3.3","0.2","ARRI ALEXA 35"
"15:31:12:01","A_0019C004_250528_152715_h1EI5","COOKE S4 753","753","40","T 2 3/10","2.963","3.3","0.2","ARRI ALEXA 35"
"15:31:12:02","A_0019C004_250528_152715_h1EI5","COOKE S4 753","753","40","T 2 3/10","2.963","3.3","0.2","ARRI ALEXA 35"
"15:31:12:03","A_0019C004_250528_152715_h1EI5","COOKE S4 753","753","40","T 2 3/10","2.963","3.3","0.2","ARRI ALEXA 35"
"15:31:12:04","A_0019C004_250528_152715_h1EI5","COOKE S4 753","753","40","T 2 3/10","2.963","3.3","0.2","ARRI ALEXA 35"
"15:31:12:05","A_0019C004_250528_152715_h1EI5","COOKE S4 753","753","40","T 2 3/10","2.966","3.3","0.2","ARRI ALEXA 35"
"15:31:12:06","A_0019C004_250528_152715_h1EI5","COOKE S4 753","753","40","T 2 3/10","2.966","3.3","0.2","ARRI ALEXA 35"
"15:31:12:07","A_0019C004_250528_152715_h1EI5","COOKE S4 753","753","40","T 2 3/10","2.966","3.3","0.2","ARRI ALEXA 35"
"15:31:12:08","A_0019C004_250528_152715_h1EI5","COOKE S4 753","753","40","T 2 3/10","2.966","3.3","0.2","ARRI ALEXA 35"
"15:31:12:09","A_0019C004_250528_152715_h1EI5","COOKE S4 753","753","40","T 2 3/10","2.966","3.3","0.2","ARRI ALEXA 35"
"15:31:12:10","A_0019C004_250528_152715_h1EI5","COOKE S4 753","753","40","T 2 3/10","2.966","3.3","0.2","ARRI ALEXA 35"
"15:31:12:11","A_0019C004_250528_152715_h1EI5","COOKE S4 753","753","40","T 2 3/10","2.966","3.3","0.2","ARRI ALEXA 35"
"15:31:12:12","A_0019C004_250528_152715_h1EI5","COOKE S4 753","753","40","T 2 3/10","2.966","3.3","0.2","ARRI ALEXA 35"
"15:31:12:13","A_0019C004_250528_152715_h1EI5","COOKE S4 753","753","40","T 2 3/10","2.966","3.3","0.2","ARRI ALEXA 35"
"15:31:12:14","A_0019C004_250528_152715_h1EI5","COOKE S4 753","753","40","T 2 3/10","2.966","3.3","0.2","ARRI ALEXA 35"
"15:31:12:15","A_0019C004_250528_152715_h1EI5","COOKE S4 753","753","40","T 2 3/10","2.966","3.3","0.2","ARRI ALEXA 35"
"15:31:12:16","A_0019C004_250528_152715_h1EI5","COOKE S4 753","753","40","T 2 3/10","2.966","3.3","0.2","ARRI ALEXA 35"
"15:31:12:17","A_0019C004_250528_152715_h1EI5","COOKE S4 753","753","40","T 2 3/10","2.966","3.3","0.2","ARRI ALEXA 35"
"15:31:12:18","A_0019C004_250528_152715_h1EI5","COOKE S4 753","753","40","T 2 3/10","2.966","3.3","0.2","ARRI ALEXA 35"
"15:31:12:19","A_0019C004_250528_152715_h1EI5","COOKE S4 753","753","40","T 2 3/10","2.966","3.3","0.2","ARRI ALEXA 35"
"15:31:12:20","A_0019C004_250528_152715_h1EI5","COOKE S4 753","753","40","T 2 3/10","2.969","3.3","0.2","ARRI ALEXA 35"
"15:31:12:21","A_0019C004_250528_152715_h1EI5","COOKE S4 753","753","40","T 2 3/10","2.969","3.3","0.2","ARRI ALEXA 35"
"15:31:12:22","A_0019C004_250528_152715_h1EI5","COOKE S4 753","753","40","T 2 3/10","2.969","3.3","0.2","ARRI ALEXA 35"
"15:31:12:23","A_0019C004_250528_152715_h1EI5","COOKE S4 753","753","40","T 2 3/10","2.969","3.3","0.2","ARRI ALEXA 35"
"15:31:13:00","A_0019C004_250528_152715_h1EI5","COOKE S4 753","753","40","T 2 3/10","2.969","3.3","0.2","ARRI ALEXA 35"
"15:31:13:01","A_0019C004_250528_152715_h1EI5","COOKE S4 753","753","40","T 2 3/10","2.969","3.3","0.2","ARRI ALEXA 35"
"15:31:13:02","A_0019C004_250528_152715_h1EI5","COOKE S4 753","753","40","T 2 3/10","2.969","3.3","0.2","ARRI ALEXA 35"
"15:31:13:03","A_0019C004_250528_152715_h1EI5","COOKE S4 753","753","40","T 2 3/10","2.969","3.3","0.2","ARRI ALEXA 35"
"15:31:13:04","A_0019C004_250528_152715_h1EI5","COOKE S4 753","753","40","T 2 3/10","2.969","3.3","0.2","ARRI ALEXA 35"
"15:31:13:05","A_0019C004_250528_152715_h1EI5","COOKE S4 753","753","40","T 2 3/10","2.969","3.3","0.2","ARRI ALEXA 35"
"15:31:13:06","A_0019C004_250528_152715_h1EI5","COOKE S4 753","753","40","T 2 3/10","2.969","3.3","0.2","ARRI ALEXA 35"
"15:31:13:07","A_0019C004_250528_152715_h1EI5","COOKE S4 753","753","40","T 2 3/10","2.969","3.3","0.2","ARRI ALEXA 35"
"15:31:13:08","A_0019C004_250528_152715_h1EI5","COOKE S4 753","753","40","T 2 3/10","2.969","3.3","0.2","ARRI ALEXA 35"
"15:31:13:09","A_0019C004_250528_152715_h1EI5","COOKE S4 753","753","40","T 2 3/10","2.969","3.3","0.2","ARRI ALEXA 35"
"15:31:13:10","A_0019C004_250528_152715_h1EI5","COOKE S4 753","753","40","T 2 3/10","2.969","3.3","0.2","ARRI ALEXA 35"
"15:31:13:11","A_0019C004_250528_152715_h1EI5","COOKE S4 753","753","40","T 2 3/10","2.969","3.3","0.2","ARRI ALEXA 35"
"15:31:13:12","A_0019C004_250528_152715_h1EI5","COOKE S4 753","753","40","T 2 3/10","2.976","3.3","0.2","ARRI ALEXA 35"
"15:31:13:13","A_0019C004_250528_152715_h1EI5","COOKE S4 753","753","40","T 2 3/10","2.986","3.3","0.2","ARRI ALEXA 35"
"15:31:13:14","A_0019C004_250528_152715_h1EI5","COOKE S4 753","753","40","T 2 3/10","2.989","3.3","0.2","ARRI ALEXA 35"
"15:31:13:15","A_0019C004_250528_152715_h1EI5","COOKE S4 753","753","40","T 2 3/10","2.989","3.3","0.2","ARRI ALEXA 35"
"15:31:13:16","A_0019C004_250528_152715_h1EI5","COOKE S4 753","753","40","T 2 3/10","2.989","3.3","0.2","ARRI ALEXA 35"
"15:31:13:17","A_0019C004_250528_152715_h1EI5","COOKE S4 753","753","40","T 2 3/10","2.989","3.3","0.2","ARRI ALEXA 35"
"15:31:13:18","A_0019C004_250528_152715_h1EI5","COOKE S4 753","753","40","T 2 3/10","2.989","3.3","0.2","ARRI ALEXA 35"
"15:31:13:19","A_0019C004_250528_152715_h1EI5","COOKE S4 753","753","40","T 2 3/10","2.989","3.3","0.2","ARRI ALEXA 35"
"15:31:13:20","A_0019C004_250528_152715_h1EI5","COOKE S4 753","753","40","T 2 3/10","2.989","3.3","0.2","ARRI ALEXA 35"
"15:31:13:21","A_0019C004_250528_152715_h1EI5","COOKE S4 753","753","40","T 2 3/10","2.989","3.3","0.2","ARRI ALEXA 35"
"15:31:13:22","A_0019C004_250528_152715_h1EI5","COOKE S4 753","753","40","T 2 3/10","2.989","3.3","0.2","ARRI ALEXA 35"
"15:31:13:23","A_0019C004_250528_152715_h1EI5","COOKE S4 753","753","40","T 2 3/10","2.989","3.3","0.2","ARRI ALEXA 35"
"15:31:14:00","A_0019C004_250528_152715_h1EI5","COOKE S4 753","753","40","T 2 3/10","2.989","3.3","0.2","ARRI ALEXA 35"
"15:31:14:01","A_0019C004_250528_152715_h1EI5","COOKE S4 753","753","40","T 2 3/10","2.989","3.3","0.2","ARRI ALEXA 35"
"15:31:14:02","A_0019C004_250528_152715_h1EI5","COOKE S4 753","753","40","T 2 3/10","2.989","3.3","0.2","ARRI ALEXA 35"
"15:31:14:03","A_0019C004_250528_152715_h1EI5","COOKE S4 753","753","40","T 2 3/10","2.989","3.3","0.2","ARRI ALEXA 35"
"15:31:14:04","A_0019C004_250528_152715_h1EI5","COOKE S4 753","753","40","T 2 3/10","2.989","3.3","0.2","ARRI ALEXA 35"
"15:31:14:05","A_0019C004_250528_152715_h1EI5","COOKE S4 753","753","40","T 2 3/10","2.989","3.3","0.2","ARRI ALEXA 35"
"15:31:14:06","A_0019C004_250528_152715_h1EI5","COOKE S4 753","753","40","T 2 3/10","2.989","3.3","0.2","ARRI ALEXA 35"
"15:31:14:07","A_0019C004_250528_152715_h1EI5","COOKE S4 753","753","40","T 2 3/10","2.989","3.3","0.2","ARRI ALEXA 35"
"15:31:14:08","A_0019C004_250528_152715_h1EI5","COOKE S4 753","753","40","T 2 3/10","2.989","3.3","0.2","ARRI ALEXA 35"
"15:31:14:09","A_0019C004_250528_152715_h1EI5","COOKE S4 753","753","40","T 2 3/10","2.989","3.3","0.2","ARRI ALEXA 35"
"15:31:14:10","A_0019C004_250528_152715_h1EI5","COOKE S4 753","753","40","T 2 3/10","2.989","3.3","0.2","ARRI ALEXA 35"
"15:31:14:11","A_0019C004_250528_152715_h1EI5","COOKE S4 753","753","40","T 2 3/10","2.989","3.3","0.2","ARRI ALEXA 35"
"15:31:14:12","A_0019C004_250528_152715_h1EI5","COOKE S4 753","753","40","T 2 3/10","2.986","3.3","0.2","ARRI ALEXA 35"
"15:31:14:13","A_0019C004_250528_152715_h1EI5","COOKE S4 753","753","40","T 2 3/10","2.986","3.3","0.2","ARRI ALEXA 35"
"15:31:14:14","A_0019C004_250528_152715_h1EI5","COOKE S4 753","753","40","T 2 3/10","2.986","3.3","0.2","ARRI ALEXA 35"
"15:31:14:15","A_0019C004_250528_152715_h1EI5","COOKE S4 753","753","40","T 2 3/10","2.982","3.3","0.2","ARRI ALEXA 35"
"15:31:14:16","A_0019C004_250528_152715_h1EI5","COOKE S4 753","753","40","T 2 3/10","2.982","3.3","0.2","ARRI ALEXA 35"
"15:31:14:17","A_0019C004_250528_152715_h1EI5","COOKE S4 753","753","40","T 2 3/10","2.982","3.3","0.2","ARRI ALEXA 35"
"15:31:14:18","A_0019C004_250528_152715_h1EI5","COOKE S4 753","753","40","T 2 3/10","2.982","3.3","0.2","ARRI ALEXA 35"
"15:31:14:19","A_0019C004_250528_152715_h1EI5","COOKE S4 753","753","40","T 2 3/10","2.982","3.3","0.2","ARRI ALEXA 35"
"15:31:14:20","A_0019C004_250528_152715_h1EI5","COOKE S4 753","753","40","T 2 3/10","2.982","3.3","0.2","ARRI ALEXA 35"
"15:31:14:21","A_0019C004_250528_152715_h1EI5","COOKE S4 753","753","40","T 2 3/10","2.982","3.3","0.2","ARRI ALEXA 35"
"15:31:14:22","A_0019C004_250528_152715_h1EI5","COOKE S4 753","753","40","T 2 3/10","2.982","3.3","0.2","ARRI ALEXA 35"
"15:31:14:23","A_0019C004_250528_152715_h1EI5","COOKE S4 753","753","40","T 2 3/10","2.982","3.3","0.2","ARRI ALEXA 35"
"15:31:15:00","A_0019C004_250528_152715_h1EI5","COOKE S4 753","753","40","T 2 3/10","2.982","3.3","0.2","ARRI ALEXA 35"
"15:31:15:01","A_0019C004_250528_152715_h1EI5","COOKE S4 753","753","40","T 2 3/10","2.979","3.3","0.2","ARRI ALEXA 35"
"15:31:15:02","A_0019C004_250528_152715_h1EI5","COOKE S4 753","753","40","T 2 3/10","2.979","3.4","0.2","ARRI ALEXA 35"
"15:31:15:03","A_0019C004_250528_152715_h1EI5","COOKE S4 753","753","40","T 2 3/10","2.979","3.4","0.2","ARRI ALEXA 35"
"15:31:15:04","A_0019C004_250528_152715_h1EI5","COOKE S4 753","753","40","T 2 3/10","2.976","3.4","0.2","ARRI ALEXA 35"
"15:31:15:05","A_0019C004_250528_152715_h1EI5","COOKE S4 753","753","40","T 2 3/10","2.976","3.4","0.2","ARRI ALEXA 35"
"15:31:15:06","A_0019C004_250528_152715_h1EI5","COOKE S4 753","753","40","T 2 3/10","2.976","3.4","0.2","ARRI ALEXA 35"
"15:31:15:07","A_0019C004_250528_152715_h1EI5","COOKE S4 753","753","40","T 2 3/10","2.972","3.4","0.2","ARRI ALEXA 35"
"15:31:15:08","A_0019C004_250528_152715_h1EI5","COOKE S4 753","753","40","T 2 3/10","2.969","3.4","0.2","ARRI ALEXA 35"
"15:31:15:09","A_0019C004_250528_152715_h1EI5","COOKE S4 753","753","40","T 2 3/10","2.966","3.4","0.2","ARRI ALEXA 35"
"15:31:15:10","A_0019C004_250528_152715_h1EI5","COOKE S4 753","753","40","T 2 3/10","2.963","3.4","0.2","ARRI ALEXA 35"
"15:31:15:11","A_0019C004_250528_152715_h1EI5","COOKE S4 753","753","40","T 2 3/10","2.959","3.4","0.2","ARRI ALEXA 35"
"15:31:15:12","A_0019C004_250528_152715_h1EI5","COOKE S4 753","753","40","T 2 3/10","2.956","3.4","0.2","ARRI ALEXA 35"
"15:31:15:13","A_0019C004_250528_152715_h1EI5","COOKE S4 753","753","40","T 2 3/10","2.956","3.5","0.2","ARRI ALEXA 35"
"15:31:15:14","A_0019C004_250528_152715_h1EI5","COOKE S4 753","753","40","T 2 3/10","2.956","3.5","0.2","ARRI ALEXA 35"
"15:31:15:15","A_0019C004_250528_152715_h1EI5","COOKE S4 753","753","40","T 2 3/10","2.956","3.5","0.2","ARRI ALEXA 35"
"15:31:15:16","A_0019C004_250528_152715_h1EI5","COOKE S4 753","753","40","T 2 3/10","2.956","3.5","0.2","ARRI ALEXA 35"
"15:31:15:17","A_0019C004_250528_152715_h1EI5","COOKE S4 753","753","40","T 2 3/10","2.956","3.5","0.2","ARRI ALEXA 35"
"15:31:15:18","A_0019C004_250528_152715_h1EI5","COOKE S4 753","753","40","T 2 3/10","2.956","3.5","0.2","ARRI ALEXA 35"
"15:31:15:19","A_0019C004_250528_152715_h1EI5","COOKE S4 753","753","40","T 2 3/10","2.956","3.5","0.2","ARRI ALEXA 35"
"15:31:15:20","A_0019C004_250528_152715_h1EI5","COOKE S4 753","753","40","T 2 3/10","2.956","3.5","0.2","ARRI ALEXA 35"
"15:31:15:21","A_0019C004_250528_152715_h1EI5","COOKE S4 753","753","40","T 2 3/10","2.956","3.5","0.2","ARRI ALEXA 35"
"15:31:15:22","A_0019C004_250528_152715_h1EI5","COOKE S4 753","753","40","T 2 3/10","2.956","3.5","0.2","ARRI ALEXA 35"
"15:31:15:23","A_0019C004_250528_152715_h1EI5","COOKE S4 753","753","40","T 2 3/10","2.956","3.5","0.2","ARRI ALEXA 35"
"15:31:16:00","A_0019C004_250528_152715_h1EI5","COOKE S4 753","753","40","T 2 3/10","2.956","3.5","0.2","ARRI ALEXA 35"
"15:31:16:01","A_0019C004_250528_152715_h1EI5","COOKE S4 753","753","40","T 2 3/10","2.956","3.5","0.2","ARRI ALEXA 35"
"15:31:16:02","A_0019C004_250528_152715_h1EI5","COOKE S4 753","753","40","T 2 3/10","2.959","3.5","0.2","ARRI ALEXA 35"
"15:31:16:03","A_0019C004_250528_152715_h1EI5","COOKE S4 753","753","40","T 2 3/10","2.963","3.5","0.2","ARRI ALEXA 35"
"15:31:16:04","A_0019C004_250528_152715_h1EI5","COOKE S4 753","753","40","T 2 3/10","2.963","3.5","0.2","ARRI ALEXA 35"
"15:31:16:05","A_0019C004_250528_152715_h1EI5","COOKE S4 753","753","40","T 2 3/10","2.963","3.5","0.2","ARRI ALEXA 35"
"15:31:16:06","A_0019C004_250528_152715_h1EI5","COOKE S4 753","753","40","T 2 3/10","2.963","3.5","0.2","ARRI ALEXA 35"
"15:31:16:07","A_0019C004_250528_152715_h1EI5","COOKE S4 753","753","40","T 2 3/10","2.963","3.5","0.2","ARRI ALEXA 35"
"15:31:16:08","A_0019C004_250528_152715_h1EI5","COOKE S4 753","753","40","T 2 3/10","2.963","3.5","0.2","ARRI ALEXA 35"
"15:31:16:09","A_0019C004_250528_152715_h1EI5","COOKE S4 753","753","40","T 2 3/10","2.963","3.5","0.2","ARRI ALEXA 35"
"15:31:16:10","A_0019C004_250528_152715_h1EI5","COOKE S4 753","753","40","T 2 3/10","2.963","3.5","0.2","ARRI ALEXA 35"
"15:31:16:11","A_0019C004_250528_152715_h1EI5","COOKE S4 753","753","40","T 2 3/10","2.963","3.5","0.2","ARRI ALEXA 35"
"15:31:16:12","A_0019C004_250528_152715_h1EI5","COOKE S4 753","753","40","T 2 3/10","2.963","3.3","0.2","ARRI ALEXA 35"
"15:31:16:13","A_0019C004_250528_152715_h1EI5","COOKE S4 753","753","40","T 2 3/10","2.963","3.3","0.2","ARRI ALEXA 35"
"15:31:16:14","A_0019C004_250528_152715_h1EI5","COOKE S4 753","753","40","T 2 3/10","2.963","3.3","0.2","ARRI ALEXA 35"
"15:31:16:15","A_0019C004_250528_152715_h1EI5","COOKE S4 753","753","40","T 2 3/10","2.963","3.3","0.2","ARRI ALEXA 35"
"15:31:16:16","A_0019C004_250528_152715_h1EI5","COOKE S4 753","753","40","T 2 3/10","2.963","3.3","0.2","ARRI ALEXA 35"
"15:31:16:17","A_0019C004_250528_152715_h1EI5","COOKE S4 753","753","40","T 2 3/10","2.963","3.3","0.2","ARRI ALEXA 35"
"15:31:16:18","A_0019C004_250528_152715_h1EI5","COOKE S4 753","753","40","T 2 3/10","2.963","3.3","0.2","ARRI ALEXA 35"
"15:31:16:19","A_0019C004_250528_152715_h1EI5","COOKE S4 753","753","40","T 2 3/10","2.963","3.3","0.2","ARRI ALEXA 35"
"15:31:16:20","A_0019C004_250528_152715_h1EI5","COOKE S4 753","753","40","T 2 3/10","2.963","3.3","0.2","ARRI ALEXA 35"
"15:31:16:21","A_0019C004_250528_152715_h1EI5","COOKE S4 753","753","40","T 2 3/10","2.963","3.3","0.2","ARRI ALEXA 35"
"15:31:16:22","A_0019C004_250528_152715_h1EI5","COOKE S4 753","753","40","T 2 3/10","2.963","3.3","0.2","ARRI ALEXA 35"
"15:31:16:23","A_0019C004_250528_152715_h1EI5","COOKE S4 753","753","40","T 2 3/10","2.963","3.3","0.2","ARRI ALEXA 35"
"15:31:17:00","A_0019C004_250528_152715_h1EI5","COOKE S4 753","753","40","T 2 3/10","2.963","3.3","0.2","ARRI ALEXA 35"
"15:31:17:01","A_0019C004_250528_152715_h1EI5","COOKE S4 753","753","40","T 2 3/10","2.963","3.3","0.2","ARRI ALEXA 35"
"15:31:17:02","A_0019C004_250528_152715_h1EI5","COOKE S4 753","753","40","T 2 3/10","2.963","3.3","0.2","ARRI ALEXA 35"
"15:31:17:03","A_0019C004_250528_152715_h1EI5","COOKE S4 753","753","40","T 2 3/10","2.963","3.3","0.2","ARRI ALEXA 35"
"15:31:17:04","A_0019C004_250528_152715_h1EI5","COOKE S4 753","753","40","T 2 3/10","2.963","3.3","0.2","ARRI ALEXA 35"
"15:31:17:05","A_0019C004_250528_152715_h1EI5","COOKE S4 753","753","40","T 2 3/10","2.963","3.3","0.2","ARRI ALEXA 35"
"15:31:17:06","A_0019C004_250528_152715_h1EI5","COOKE S4 753","753","40","T 2 3/10","2.963","3.3","0.2","ARRI ALEXA 35"
"15:31:17:07","A_0019C004_250528_152715_h1EI5","COOKE S4 753","753","40","T 2 3/10","2.963","3.3","0.2","ARRI ALEXA 35"
"15:31:17:08","A_0019C004_250528_152715_h1EI5","COOKE S4 753","753","40","T 2 3/10","2.963","3.3","0.2","ARRI ALEXA 35"
"15:31:17:09","A_0019C004_250528_152715_h1EI5","COOKE S4 753","753","40","T 2 3/10","2.963","3.3","0.2","ARRI ALEXA 35"
"15:31:17:10","A_0019C004_250528_152715_h1EI5","COOKE S4 753","753","40","T 2 3/10","2.963","3.3","0.2","ARRI ALEXA 35"
"15:31:17:11","A_0019C004_250528_152715_h1EI5","COOKE S4 753","753","40","T 2 3/10","2.963","3.3","0.2","ARRI ALEXA 35"
"15:31:17:12","A_0019C004_250528_152715_h1EI5","COOKE S4 753","753","40","T 2 3/10","2.959","3.3","0.2","ARRI ALEXA 35"
"15:31:17:13","A_0019C004_250528_152715_h1EI5","COOKE S4 753","753","40","T 2 3/10","2.953","3.3","0.2","ARRI ALEXA 35"
"15:31:17:14","A_0019C004_250528_152715_h1EI5","COOKE S4 753","753","40","T 2 3/10","2.953","3.3","0.2","ARRI ALEXA 35"
"15:31:17:15","A_0019C004_250528_152715_h1EI5","COOKE S4 753","753","40","T 2 3/10","2.949","3.3","0.2","ARRI ALEXA 35"
"15:31:17:16","A_0019C004_250528_152715_h1EI5","COOKE S4 753","753","40","T 2 3/10","2.946","3.3","0.2","ARRI ALEXA 35"
"15:31:17:17","A_0019C004_250528_152715_h1EI5","COOKE S4 753","753","40","T 2 3/10","2.946","3.3","0.2","ARRI ALEXA 35"
"15:31:17:18","A_0019C004_250528_152715_h1EI5","COOKE S4 753","753","40","T 2 3/10","2.946","3.3","0.2","ARRI ALEXA 35"
"15:31:17:19","A_0019C004_250528_152715_h1EI5","COOKE S4 753","753","40","T 2 3/10","2.946","3.3","0.2","ARRI ALEXA 35"
"15:31:17:20","A_0019C004_250528_152715_h1EI5","COOKE S4 753","753","40","T 2 3/10","2.946","3.3","0.2","ARRI ALEXA 35"
"15:31:17:21","A_0019C004_250528_152715_h1EI5","COOKE S4 753","753","40","T 2 3/10","2.946","3.3","0.2","ARRI ALEXA 35"
"15:31:17:22","A_0019C004_250528_152715_h1EI5","COOKE S4 753","753","40","T 2 3/10","2.946","3.3","0.2","ARRI ALEXA 35"
"15:31:17:23","A_0019C004_250528_152715_h1EI5","COOKE S4 753","753","40","T 2 3/10","2.953","3.3","0.2","ARRI ALEXA 35"
"15:31:18:00","A_0019C004_250528_152715_h1EI5","COOKE S4 753","753","40","T 2 3/10","2.959","3.3","0.2","ARRI ALEXA 35"
"15:31:18:01","A_0019C004_250528_152715_h1EI5","COOKE S4 753","753","40","T 2 3/10","2.959","3.3","0.2","ARRI ALEXA 35"
"15:31:18:02","A_0019C004_250528_152715_h1EI5","COOKE S4 753","753","40","T 2 3/10","2.959","3.3","0.2","ARRI ALEXA 35"
"15:31:18:03","A_0019C004_250528_152715_h1EI5","COOKE S4 753","753","40","T 2 3/10","2.959","3.3","0.2","ARRI ALEXA 35"
"15:31:18:04","A_0019C004_250528_152715_h1EI5","COOKE S4 753","753","40","T 2 3/10","2.959","3.3","0.2","ARRI ALEXA 35"
"15:31:18:05","A_0019C004_250528_152715_h1EI5","COOKE S4 753","753","40","T 2 3/10","2.959","3.3","0.2","ARRI ALEXA 35"
"15:31:18:06","A_0019C004_250528_152715_h1EI5","COOKE S4 753","753","40","T 2 3/10","2.959","3.3","0.2","ARRI ALEXA 35"
"15:31:18:07","A_0019C004_250528_152715_h1EI5","COOKE S4 753","753","40","T 2 3/10","2.959","3.3","0.2","ARRI ALEXA 35"
"15:31:18:08","A_0019C004_250528_152715_h1EI5","COOKE S4 753","753","40","T 2 3/10","2.959","3.3","0.2","ARRI ALEXA 35"
"15:31:18:09","A_0019C004_250528_152715_h1EI5","COOKE S4 753","753","40","T 2 3/10","2.959","3.3","0.2","ARRI ALEXA 35"
"15:31:18:10","A_0019C004_250528_152715_h1EI5","COOKE S4 753","753","40","T 2 3/10","2.959","3.3","0.2","ARRI ALEXA 35"
"15:31:18:11","A_0019C004_250528_152715_h1EI5","COOKE S4 753","753","40","T 2 3/10","2.959","3.3","0.2","ARRI ALEXA 35"
"15:31:18:12","A_0019C004_250528_152715_h1EI5","COOKE S4 753","753","40","T 2 3/10","2.959","3.3","0.2","ARRI ALEXA 35"
"15:31:18:13","A_0019C004_250528_152715_h1EI5","COOKE S4 753","753","40","T 2 3/10","2.959","3.3","0.2","ARRI ALEXA 35"
"15:31:18:14","A_0019C004_250528_152715_h1EI5","COOKE S4 753","753","40","T 2 3/10","2.963","3.3","0.2","ARRI ALEXA 35"
"15:31:18:15","A_0019C004_250528_152715_h1EI5","COOKE S4 753","753","40","T 2 3/10","2.966","3.3","0.2","ARRI ALEXA 35"
"15:31:18:16","A_0019C004_250528_152715_h1EI5","COOKE S4 753","753","40","T 2 3/10","2.966","3.3","0.2","ARRI ALEXA 35"
"15:31:18:17","A_0019C004_250528_152715_h1EI5","COOKE S4 753","753","40","T 2 3/10","2.969","3.3","0.2","ARRI ALEXA 35"
"15:31:18:18","A_0019C004_250528_152715_h1EI5","COOKE S4 753","753","40","T 2 3/10","2.972","3.3","0.2","ARRI ALEXA 35"
"15:31:18:19","A_0019C004_250528_152715_h1EI5","COOKE S4 753","753","40","T 2 3/10","2.972","3.3","0.2","ARRI ALEXA 35"
"15:31:18:20","A_0019C004_250528_152715_h1EI5","COOKE S4 753","753","40","T 2 3/10","2.972","3.3","0.2","ARRI ALEXA 35"
"15:31:18:21","A_0019C004_250528_152715_h1EI5","COOKE S4 753","753","40","T 2 3/10","2.972","3.3","0.2","ARRI ALEXA 35"
"15:31:18:22","A_0019C004_250528_152715_h1EI5","COOKE S4 753","753","40","T 2 3/10","2.972","3.3","0.2","ARRI ALEXA 35"
"15:31:18:23","A_0019C004_250528_152715_h1EI5","COOKE S4 753","753","40","T 2 3/10","2.972","3.3","0.2","ARRI ALEXA 35"
"15:31:19:00","A_0019C004_250528_152715_h1EI5","COOKE S4 753","753","40","T 2 3/10","2.972","3.3","0.2","ARRI ALEXA 35"
"15:31:19:01","A_0019C004_250528_152715_h1EI5","COOKE S4 753","753","40","T 2 3/10","2.972","3.4","0.2","ARRI ALEXA 35"
"15:31:19:02","A_0019C004_250528_152715_h1EI5","COOKE S4 753","753","40","T 2 3/10","2.972","3.4","0.2","ARRI ALEXA 35"
"15:31:19:03","A_0019C004_250528_152715_h1EI5","COOKE S4 753","753","40","T 2 3/10","2.972","3.4","0.2","ARRI ALEXA 35"
"15:31:19:04","A_0019C004_250528_152715_h1EI5","COOKE S4 753","753","40","T 2 3/10","2.972","3.4","0.2","ARRI ALEXA 35"
"15:31:19:05","A_0019C004_250528_152715_h1EI5","COOKE S4 753","753","40","T 2 3/10","2.972","3.4","0.2","ARRI ALEXA 35"
"15:31:19:06","A_0019C004_250528_152715_h1EI5","COOKE S4 753","753","40","T 2 3/10","2.969","3.4","0.2","ARRI ALEXA 35"
"15:31:19:07","A_0019C004_250528_152715_h1EI5","COOKE S4 753","753","40","T 2 3/10","2.969","3.4","0.2","ARRI ALEXA 35"
"15:31:19:08","A_0019C004_250528_152715_h1EI5","COOKE S4 753","753","40","T 2 3/10","2.966","3.4","0.2","ARRI ALEXA 35"
"15:31:19:09","A_0019C004_250528_152715_h1EI5","COOKE S4 753","753","40","T 2 3/10","2.966","3.4","0.2","ARRI ALEXA 35"
"15:31:19:10","A_0019C004_250528_152715_h1EI5","COOKE S4 753","753","40","T 2 3/10","2.966","3.4","0.2","ARRI ALEXA 35"
"15:31:19:11","A_0019C004_250528_152715_h1EI5","COOKE S4 753","753","40","T 2 3/10","2.966","3.4","0.2","ARRI ALEXA 35"
"15:31:19:12","A_0019C004_250528_152715_h1EI5","COOKE S4 753","753","40","T 2 3/10","2.966","3.4","0.2","ARRI ALEXA 35"
"15:31:19:13","A_0019C004_250528_152715_h1EI5","COOKE S4 753","753","40","T 2 3/10","2.966","3.4","0.2","ARRI ALEXA 35"
"15:31:19:14","A_0019C004_250528_152715_h1EI5","COOKE S4 753","753","40","T 2 3/10","2.966","3.4","0.2","ARRI ALEXA 35"
"15:31:19:15","A_0019C004_250528_152715_h1EI5","COOKE S4 753","753","40","T 2 3/10","2.966","3.4","0.2","ARRI ALEXA 35"
"15:31:19:16","A_0019C004_250528_152715_h1EI5","COOKE S4 753","753","40","T 2 3/10","2.966","3.4","0.2","ARRI ALEXA 35"
"15:31:19:17","A_0019C004_250528_152715_h1EI5","COOKE S4 753","753","40","T 2 3/10","2.966","3.4","0.2","ARRI ALEXA 35"
"15:31:19:18","A_0019C004_250528_152715_h1EI5","COOKE S4 753","753","40","T 2 3/10","2.966","3.5","0.2","ARRI ALEXA 35"
"15:31:19:19","A_0019C004_250528_152715_h1EI5","COOKE S4 753","753","40","T 2 3/10","2.966","3.5","0.2","ARRI ALEXA 35"
"15:31:19:20","A_0019C004_250528_152715_h1EI5","COOKE S4 753","753","40","T 2 3/10","2.966","3.5","0.2","ARRI ALEXA 35"
"15:31:19:21","A_0019C004_250528_152715_h1EI5","COOKE S4 753","753","40","T 2 3/10","2.966","3.5","0.2","ARRI ALEXA 35"
"15:31:19:22","A_0019C004_250528_152715_h1EI5","COOKE S4 753","753","40","T 2 3/10","2.966","3.5","0.2","ARRI ALEXA 35"
"15:31:19:23","A_0019C004_250528_152715_h1EI5","COOKE S4 753","753","40","T 2 3/10","2.966","3.5","0.2","ARRI ALEXA 35"
"15:31:20:00","A_0019C004_250528_152715_h1EI5","COOKE S4 753","753","40","T 2 3/10","2.966","3.5","0.2","ARRI ALEXA 35"
"15:31:20:01","A_0019C004_250528_152715_h1EI5","COOKE S4 753","753","40","T 2 3/10","2.966","3.6","0.2","ARRI ALEXA 35"
"15:31:20:02","A_0019C004_250528_152715_h1EI5","COOKE S4 753","753","40","T 2 3/10","2.966","3.6","0.2","ARRI ALEXA 35"
"15:31:20:03","A_0019C004_250528_152715_h1EI5","COOKE S4 753","753","40","T 2 3/10","2.963","3.6","0.2","ARRI ALEXA 35"
"15:31:20:04","A_0019C004_250528_152715_h1EI5","COOKE S4 753","753","40","T 2 3/10","2.963","3.6","0.2","ARRI ALEXA 35"
"15:31:20:05","A_0019C004_250528_152715_h1EI5","COOKE S4 753","753","40","T 2 3/10","2.963","3.6","0.2","ARRI ALEXA 35"
"15:31:20:06","A_0019C004_250528_152715_h1EI5","COOKE S4 753","753","40","T 2 3/10","2.963","3.6","0.2","ARRI ALEXA 35"
"15:31:20:07","A_0019C004_250528_152715_h1EI5","COOKE S4 753","753","40","T 2 3/10","2.963","3.6","0.2","ARRI ALEXA 35"
"15:31:20:08","A_0019C004_250528_152715_h1EI5","COOKE S4 753","753","40","T 2 3/10","2.963","3.6","0.2","ARRI ALEXA 35"
"15:31:20:09","A_0019C004_250528_152715_h1EI5","COOKE S4 753","753","40","T 2 3/10","2.963","3.6","0.2","ARRI ALEXA 35"
"15:31:20:10","A_0019C004_250528_152715_h1EI5","COOKE S4 753","753","40","T 2 3/10","2.963","3.7","0.2","ARRI ALEXA 35"
"15:31:20:11","A_0019C004_250528_152715_h1EI5","COOKE S4 753","753","40","T 2 3/10","2.963","3.7","0.2","ARRI ALEXA 35"
"15:31:20:12","A_0019C004_250528_152715_h1EI5","COOKE S4 753","753","40","T 2 3/10","2.956","3.7","0.2","ARRI ALEXA 35"
"15:31:20:13","A_0019C004_250528_152715_h1EI5","COOKE S4 753","753","40","T 2 3/10","2.946","3.7","0.2","ARRI ALEXA 35"
"15:31:20:14","A_0019C004_250528_152715_h1EI5","COOKE S4 753","753","40","T 2 3/10","2.94","3.7","0.2","ARRI ALEXA 35"
"15:31:20:15","A_0019C004_250528_152715_h1EI5","COOKE S4 753","753","40","T 2 3/10","2.936","3.7","0.2","ARRI ALEXA 35"
"15:31:20:16","A_0019C004_250528_152715_h1EI5","COOKE S4 753","753","40","T 2 3/10","2.936","3.7","0.2","ARRI ALEXA 35"
"15:31:20:17","A_0019C004_250528_152715_h1EI5","COOKE S4 753","753","40","T 2 3/10","2.93","3.7","0.2","ARRI ALEXA 35"
"15:31:20:18","A_0019C004_250528_152715_h1EI5","COOKE S4 753","753","40","T 2 3/10","2.93","3.8","0.2","ARRI ALEXA 35"
"15:31:20:19","A_0019C004_250528_152715_h1EI5","COOKE S4 753","753","40","T 2 3/10","2.93","3.8","0.2","ARRI ALEXA 35"
"15:31:20:20","A_0019C004_250528_152715_h1EI5","COOKE S4 753","753","40","T 2 3/10","2.927","3.8","0.2","ARRI ALEXA 35"
"15:31:20:21","A_0019C004_250528_152715_h1EI5","COOKE S4 753","753","40","T 2 3/10","2.923","3.8","0.2","ARRI ALEXA 35"
"15:31:20:22","A_0019C004_250528_152715_h1EI5","COOKE S4 753","753","40","T 2 3/10","2.923","3.8","0.2","ARRI ALEXA 35"
"15:31:20:23","A_0019C004_250528_152715_h1EI5","COOKE S4 753","753","40","T 2 3/10","2.92","3.8","0.2","ARRI ALEXA 35"
"15:31:21:00","A_0019C004_250528_152715_h1EI5","COOKE S4 753","753","40","T 2 3/10","2.92","3.8","0.2","ARRI ALEXA 35"
"15:31:21:01","A_0019C004_250528_152715_h1EI5","COOKE S4 753","753","40","T 2 3/10","2.92","3.8","0.2","ARRI ALEXA 35"
"15:31:21:02","A_0019C004_250528_152715_h1EI5","COOKE S4 753","753","40","T 2 3/10","2.92","3.8","0.2","ARRI ALEXA 35"
"15:31:21:03","A_0019C004_250528_152715_h1EI5","COOKE S4 753","753","40","T 2 3/10","2.92","3.8","0.2","ARRI ALEXA 35"
"15:31:21:04","A_0019C004_250528_152715_h1EI5","COOKE S4 753","753","40","T 2 3/10","2.92","3.8","0.2","ARRI ALEXA 35"
"15:31:21:05","A_0019C004_250528_152715_h1EI5","COOKE S4 753","753","40","T 2 3/10","2.92","3.8","0.2","ARRI ALEXA 35"
"15:31:21:06","A_0019C004_250528_152715_h1EI5","COOKE S4 753","753","40","T 2 3/10","2.92","3.8","0.2","ARRI ALEXA 35"
"15:31:21:07","A_0019C004_250528_152715_h1EI5","COOKE S4 753","753","40","T 2 3/10","2.92","3.8","0.2","ARRI ALEXA 35"
"15:31:21:08","A_0019C004_250528_152715_h1EI5","COOKE S4 753","753","40","T 2 3/10","2.92","3.8","0.2","ARRI ALEXA 35"
"15:31:21:09","A_0019C004_250528_152715_h1EI5","COOKE S4 753","753","40","T 2 3/10","2.92","3.8","0.2","ARRI ALEXA 35"
"15:31:21:10","A_0019C004_250528_152715_h1EI5","COOKE S4 753","753","40","T 2 3/10","2.923","3.8","0.2","ARRI ALEXA 35"
"15:31:21:11","A_0019C004_250528_152715_h1EI5","COOKE S4 753","753","40","T 2 3/10","2.927","3.8","0.2","ARRI ALEXA 35"
"15:31:21:12","A_0019C004_250528_152715_h1EI5","COOKE S4 753","753","40","T 2 3/10","2.93","3.8","0.2","ARRI ALEXA 35"
"15:31:21:13","A_0019C004_250528_152715_h1EI5","COOKE S4 753","753","40","T 2 3/10","2.93","3.9","0.2","ARRI ALEXA 35"
"15:31:21:14","A_0019C004_250528_152715_h1EI5","COOKE S4 753","753","40","T 2 3/10","2.93","3.9","0.2","ARRI ALEXA 35"
"15:31:21:15","A_0019C004_250528_152715_h1EI5","COOKE S4 753","753","40","T 2 3/10","2.93","3.9","0.2","ARRI ALEXA 35"
"15:31:21:16","A_0019C004_250528_152715_h1EI5","COOKE S4 753","753","40","T 2 3/10","2.93","3.9","0.2","ARRI ALEXA 35"
"15:31:21:17","A_0019C004_250528_152715_h1EI5","COOKE S4 753","753","40","T 2 3/10","2.93","3.9","0.2","ARRI ALEXA 35"
"15:31:21:18","A_0019C004_250528_152715_h1EI5","COOKE S4 753","753","40","T 2 3/10","2.93","3.9","0.2","ARRI ALEXA 35"
"15:31:21:19","A_0019C004_250528_152715_h1EI5","COOKE S4 753","753","40","T 2 3/10","2.93","3.9","0.2","ARRI ALEXA 35"
"15:31:21:20","A_0019C004_250528_152715_h1EI5","COOKE S4 753","753","40","T 2 3/10","2.93","3.9","0.2","ARRI ALEXA 35"
"15:31:21:21","A_0019C004_250528_152715_h1EI5","COOKE S4 753","753","40","T 2 3/10","2.93","3.9","0.2","ARRI ALEXA 35"
"15:31:21:22","A_0019C004_250528_152715_h1EI5","COOKE S4 753","753","40","T 2 3/10","2.93","3.9","0.2","ARRI ALEXA 35"
"15:31:21:23","A_0019C004_250528_152715_h1EI5","COOKE S4 753","753","40","T 2 3/10","2.93","3.9","0.2","ARRI ALEXA 35"
"15:31:22:00","A_0019C004_250528_152715_h1EI5","COOKE S4 753","753","40","T 2 3/10","2.93","3.9","0.2","ARRI ALEXA 35"
"15:31:22:01","A_0019C004_250528_152715_h1EI5","COOKE S4 753","753","40","T 2 3/10","2.933","3.9","0.2","ARRI ALEXA 35"
"15:31:22:02","A_0019C004_250528_152715_h1EI5","COOKE S4 753","753","40","T 2 3/10","2.933","3.9","0.2","ARRI ALEXA 35"
"15:31:22:03","A_0019C004_250528_152715_h1EI5","COOKE S4 753","753","40","T 2 3/10","2.933","3.9","0.2","ARRI ALEXA 35"
"15:31:22:04","A_0019C004_250528_152715_h1EI5","COOKE S4 753","753","40","T 2 3/10","2.933","3.9","0.2","ARRI ALEXA 35"
"15:31:22:05","A_0019C004_250528_152715_h1EI5","COOKE S4 753","753","40","T 2 3/10","2.933","3.9","0.2","ARRI ALEXA 35"
"15:31:22:06","A_0019C004_250528_152715_h1EI5","COOKE S4 753","753","40","T 2 3/10","2.933","3.9","0.2","ARRI ALEXA 35"
"15:31:22:07","A_0019C004_250528_152715_h1EI5","COOKE S4 753","753","40","T 2 3/10","2.933","3.9","0.2","ARRI ALEXA 35"
"15:31:22:08","A_0019C004_250528_152715_h1EI5","COOKE S4 753","753","40","T 2 3/10","2.94","3.9","0.2","ARRI ALEXA 35"
"15:31:22:09","A_0019C004_250528_152715_h1EI5","COOKE S4 753","753","40","T 2 3/10","2.943","3.9","0.2","ARRI ALEXA 35"
"15:31:22:10","A_0019C004_250528_152715_h1EI5","COOKE S4 753","753","40","T 2 3/10","2.943","3.9","0.2","ARRI ALEXA 35"
"15:31:22:11","A_0019C004_250528_152715_h1EI5","COOKE S4 753","753","40","T 2 3/10","2.943","3.9","0.2","ARRI ALEXA 35"
"15:31:22:12","A_0019C004_250528_152715_h1EI5","COOKE S4 753","753","40","T 2 3/10","2.943","3.9","0.2","ARRI ALEXA 35"
"15:31:22:13","A_0019C004_250528_152715_h1EI5","COOKE S4 753","753","40","T 2 3/10","2.943","3.9","0.2","ARRI ALEXA 35"
"15:31:22:14","A_0019C004_250528_152715_h1EI5","COOKE S4 753","753","40","T 2 3/10","2.943","3.9","0.2","ARRI ALEXA 35"
"15:31:22:15","A_0019C004_250528_152715_h1EI5","COOKE S4 753","753","40","T 2 3/10","2.943","3.9","0.2","ARRI ALEXA 35"
"15:31:22:16","A_0019C004_250528_152715_h1EI5","COOKE S4 753","753","40","T 2 3/10","2.943","3.9","0.2","ARRI ALEXA 35"
"15:31:22:17","A_0019C004_250528_152715_h1EI5","COOKE S4 753","753","40","T 2 3/10","2.943","3.9","0.2","ARRI ALEXA 35"
"15:31:22:18","A_0019C004_250528_152715_h1EI5","COOKE S4 753","753","40","T 2 3/10","2.946","3.9","0.2","ARRI ALEXA 35"
"15:31:22:19","A_0019C004_250528_152715_h1EI5","COOKE S4 753","753","40","T 2 3/10","2.946","3.9","0.2","ARRI ALEXA 35"
"15:31:22:20","A_0019C004_250528_152715_h1EI5","COOKE S4 753","753","40","T 2 3/10","2.949","3.9","0.2","ARRI ALEXA 35"
"15:31:22:21","A_0019C004_250528_152715_h1EI5","COOKE S4 753","753","40","T 2 3/10","2.956","3.9","0.2","ARRI ALEXA 35"
"15:31:22:22","A_0019C004_250528_152715_h1EI5","COOKE S4 753","753","40","T 2 3/10","2.959","3.9","0.2","ARRI ALEXA 35"
"15:31:22:23","A_0019C004_250528_152715_h1EI5","COOKE S4 753","753","40","T 2 3/10","2.963","3.9","0.2","ARRI ALEXA 35"
"15:31:23:00","A_0019C004_250528_152715_h1EI5","COOKE S4 753","753","40","T 2 3/10","2.963","3.9","0.2","ARRI ALEXA 35"
"15:31:23:01","A_0019C004_250528_152715_h1EI5","COOKE S4 753","753","40","T 2 3/10","2.963","3.9","0.2","ARRI ALEXA 35"
"15:31:23:02","A_0019C004_250528_152715_h1EI5","COOKE S4 753","753","40","T 2 3/10","2.963","3.9","0.2","ARRI ALEXA 35"
"15:31:23:03","A_0019C004_250528_152715_h1EI5","COOKE S4 753","753","40","T 2 3/10","2.963","3.9","0.2","ARRI ALEXA 35"
"15:31:23:04","A_0019C004_250528_152715_h1EI5","COOKE S4 753","753","40","T 2 3/10","2.963","3.9","0.2","ARRI ALEXA 35"
"15:31:23:05","A_0019C004_250528_152715_h1EI5","COOKE S4 753","753","40","T 2 3/10","2.963","3.9","0.2","ARRI ALEXA 35"
"15:31:23:06","A_0019C004_250528_152715_h1EI5","COOKE S4 753","753","40","T 2 3/10","2.963","3.9","0.2","ARRI ALEXA 35"
"15:31:23:07","A_0019C004_250528_152715_h1EI5","COOKE S4 753","753","40","T 2 3/10","2.963","3.9","0.2","ARRI ALEXA 35"
"15:31:23:08","A_0019C004_250528_152715_h1EI5","COOKE S4 753","753","40","T 2 3/10","2.963","3.9","0.2","ARRI ALEXA 35"
"15:31:23:09","A_0019C004_250528_152715_h1EI5","COOKE S4 753","753","40","T 2 3/10","2.963","3.9","0.2","ARRI ALEXA 35"
"15:31:23:10","A_0019C004_250528_152715_h1EI5","COOKE S4 753","753","40","T 2 3/10","2.963","3.9","0.2","ARRI ALEXA 35"
"15:31:23:11","A_0019C004_250528_152715_h1EI5","COOKE S4 753","753","40","T 2 3/10","2.963","3.9","0.2","ARRI ALEXA 35"
"15:31:23:12","A_0019C004_250528_152715_h1EI5","COOKE S4 753","753","40","T 2 3/10","2.963","3.9","0.2","ARRI ALEXA 35"
"15:31:23:13","A_0019C004_250528_152715_h1EI5","COOKE S4 753","753","40","T 2 3/10","2.963","3.9","0.2","ARRI ALEXA 35"
"15:31:23:14","A_0019C004_250528_152715_h1EI5","COOKE S4 753","753","40","T 2 3/10","2.963","3.9","0.2","ARRI ALEXA 35"
"15:31:23:15","A_0019C004_250528_152715_h1EI5","COOKE S4 753","753","40","T 2 3/10","2.963","3.9","0.2","ARRI ALEXA 35"
"15:31:23:16","A_0019C004_250528_152715_h1EI5","COOKE S4 753","753","40","T 2 3/10","2.963","3.9","0.2","ARRI ALEXA 35"
"15:31:23:17","A_0019C004_250528_152715_h1EI5","COOKE S4 753","753","40","T 2 3/10","2.963","3.9","0.2","ARRI ALEXA 35"
"15:31:23:18","A_0019C004_250528_152715_h1EI5","COOKE S4 753","753","40","T 2 3/10","2.963","3.9","0.2","ARRI ALEXA 35"
"15:31:23:19","A_0019C004_250528_152715_h1EI5","COOKE S4 753","753","40","T 2 3/10","2.963","3.9","0.2","ARRI ALEXA 35"
"15:31:23:20","A_0019C004_250528_152715_h1EI5","COOKE S4 753","753","40","T 2 3/10","2.963","3.9","0.2","ARRI ALEXA 35"
"15:31:23:21","A_0019C004_250528_152715_h1EI5","COOKE S4 753","753","40","T 2 3/10","2.963","3.9","0.2","ARRI ALEXA 35"
"15:31:23:22","A_0019C004_250528_152715_h1EI5","COOKE S4 753","753","40","T 2 3/10","2.963","3.9","0.2","ARRI ALEXA 35"
"15:31:23:23","A_0019C004_250528_152715_h1EI5","COOKE S4 753","753","40","T 2 3/10","2.963","3.9","0.2","ARRI ALEXA 35"
"15:31:24:00","A_0019C004_250528_152715_h1EI5","COOKE S4 753","753","40","T 2 3/10","2.963","3.9","0.2","ARRI ALEXA 35"
"15:31:24:01","A_0019C004_250528_152715_h1EI5","COOKE S4 753","753","40","T 2 3/10","2.963","3.9","0.2","ARRI ALEXA 35"
"15:31:24:02","A_0019C004_250528_152715_h1EI5","COOKE S4 753","753","40","T 2 3/10","2.963","3.9","0.2","ARRI ALEXA 35"
"15:31:24:03","A_0019C004_250528_152715_h1EI5","COOKE S4 753","753","40","T 2 3/10","2.963","3.9","0.2","ARRI ALEXA 35"
"15:31:24:04","A_0019C004_250528_152715_h1EI5","COOKE S4 753","753","40","T 2 3/10","2.963","3.9","0.2","ARRI ALEXA 35"
"15:31:24:05","A_0019C004_250528_152715_h1EI5","COOKE S4 753","753","40","T 2 3/10","2.963","3.9","0.2","ARRI ALEXA 35"
"15:31:24:06","A_0019C004_250528_152715_h1EI5","COOKE S4 753","753","40","T 2 3/10","2.963","3.9","0.2","ARRI ALEXA 35"
"15:31:24:07","A_0019C004_250528_152715_h1EI5","COOKE S4 753","753","40","T 2 3/10","2.963","3.9","0.2","ARRI ALEXA 35"
"15:31:24:08","A_0019C004_250528_152715_h1EI5","COOKE S4 753","753","40","T 2 3/10","2.963","3.9","0.2","ARRI ALEXA 35"
"15:31:24:09","A_0019C004_250528_152715_h1EI5","COOKE S4 753","753","40","T 2 3/10","2.963","3.9","0.2","ARRI ALEXA 35"
"15:31:24:10","A_0019C004_250528_152715_h1EI5","COOKE S4 753","753","40","T 2 3/10","2.963","3.9","0.2","ARRI ALEXA 35"
"15:31:24:11","A_0019C004_250528_152715_h1EI5","COOKE S4 753","753","40","T 2 3/10","2.963","3.9","0.2","ARRI ALEXA 35"
"15:31:24:12","A_0019C004_250528_152715_h1EI5","COOKE S4 753","753","40","T 2 3/10","2.963","3.9","0.2","ARRI ALEXA 35"
"15:31:24:13","A_0019C004_250528_152715_h1EI5","COOKE S4 753","753","40","T 2 3/10","2.963","3.9","0.2","ARRI ALEXA 35"
"15:31:24:14","A_0019C004_250528_152715_h1EI5","COOKE S4 753","753","40","T 2 3/10","2.963","3.9","0.2","ARRI ALEXA 35"
"15:31:24:15","A_0019C004_250528_152715_h1EI5","COOKE S4 753","753","40","T 2 3/10","2.963","3.9","0.2","ARRI ALEXA 35"
"15:31:24:16","A_0019C004_250528_152715_h1EI5","COOKE S4 753","753","40","T 2 3/10","2.963","3.9","0.2","ARRI ALEXA 35"
"15:31:24:17","A_0019C004_250528_152715_h1EI5","COOKE S4 753","753","40","T 2 3/10","2.963","3.9","0.2","ARRI ALEXA 35"
"15:31:24:18","A_0019C004_250528_152715_h1EI5","COOKE S4 753","753","40","T 2 3/10","2.963","3.9","0.2","ARRI ALEXA 35"
"15:31:24:19","A_0019C004_250528_152715_h1EI5","COOKE S4 753","753","40","T 2 3/10","2.963","3.9","0.2","ARRI ALEXA 35"
"15:31:24:20","A_0019C004_250528_152715_h1EI5","COOKE S4 753","753","40","T 2 3/10","2.966","3.9","0.2","ARRI ALEXA 35"
"15:31:24:21","A_0019C004_250528_152715_h1EI5","COOKE S4 753","753","40","T 2 3/10","2.966","3.9","0.2","ARRI ALEXA 35"
"15:31:24:22","A_0019C004_250528_152715_h1EI5","COOKE S4 753","753","40","T 2 3/10","2.966","3.9","0.2","ARRI ALEXA 35"
"15:31:24:23","A_0019C004_250528_152715_h1EI5","COOKE S4 753","753","40","T 2 3/10","2.966","3.9","0.2","ARRI ALEXA 35"
"15:31:25:00","A_0019C004_250528_152715_h1EI5","COOKE S4 753","753","40","T 2 3/10","2.966","3.9","0.2","ARRI ALEXA 35"
"15:31:25:01","A_0019C004_250528_152715_h1EI5","COOKE S4 753","753","40","T 2 3/10","2.966","3.9","0.2","ARRI ALEXA 35"
"15:31:25:02","A_0019C004_250528_152715_h1EI5","COOKE S4 753","753","40","T 2 3/10","2.966","3.9","0.2","ARRI ALEXA 35"
"15:31:25:03","A_0019C004_250528_152715_h1EI5","COOKE S4 753","753","40","T 2 3/10","2.966","3.9","0.2","ARRI ALEXA 35"
"15:31:25:04","A_0019C004_250528_152715_h1EI5","COOKE S4 753","753","40","T 2 3/10","2.966","3.9","0.2","ARRI ALEXA 35"
"15:31:25:05","A_0019C004_250528_152715_h1EI5","COOKE S4 753","753","40","T 2 3/10","2.966","3.9","0.2","ARRI ALEXA 35"
"15:31:25:06","A_0019C004_250528_152715_h1EI5","COOKE S4 753","753","40","T 2 3/10","2.966","3.9","0.2","ARRI ALEXA 35"
"15:31:25:07","A_0019C004_250528_152715_h1EI5","COOKE S4 753","753","40","T 2 3/10","2.966","3.9","0.2","ARRI ALEXA 35"
"15:31:25:08","A_0019C004_250528_152715_h1EI5","COOKE S4 753","753","40","T 2 3/10","2.966","3.9","0.2","ARRI ALEXA 35"
"15:31:25:09","A_0019C004_250528_152715_h1EI5","COOKE S4 753","753","40","T 2 3/10","2.966","3.9","0.2","ARRI ALEXA 35"
"15:31:25:10","A_0019C004_250528_152715_h1EI5","COOKE S4 753","753","40","T 2 3/10","2.966","3.9","0.2","ARRI ALEXA 35"
"15:31:25:11","A_0019C004_250528_152715_h1EI5","COOKE S4 753","753","40","T 2 3/10","2.966","3.9","0.2","ARRI ALEXA 35"
"15:31:25:12","A_0019C004_250528_152715_h1EI5","COOKE S4 753","753","40","T 2 3/10","2.966","3.9","0.2","ARRI ALEXA 35"
"15:31:25:13","A_0019C004_250528_152715_h1EI5","COOKE S4 753","753","40","T 2 3/10","2.966","3.9","0.2","ARRI ALEXA 35"
"15:31:25:14","A_0019C004_250528_152715_h1EI5","COOKE S4 753","753","40","T 2 3/10","2.966","3.9","0.2","ARRI ALEXA 35"
"15:31:25:15","A_0019C004_250528_152715_h1EI5","COOKE S4 753","753","40","T 2 3/10","2.966","3.9","0.2","ARRI ALEXA 35"
"15:31:25:16","A_0019C004_250528_152715_h1EI5","COOKE S4 753","753","40","T 2 3/10","2.966","3.9","0.2","ARRI ALEXA 35"
"15:31:25:17","A_0019C004_250528_152715_h1EI5","COOKE S4 753","753","40","T 2 3/10","2.966","3.9","0.2","ARRI ALEXA 35"
"15:31:25:18","A_0019C004_250528_152715_h1EI5","COOKE S4 753","753","40","T 2 3/10","2.966","3.9","0.2","ARRI ALEXA 35"
"15:31:25:19","A_0019C004_250528_152715_h1EI5","COOKE S4 753","753","40","T 2 3/10","2.966","3.9","0.2","ARRI ALEXA 35"
"15:31:25:20","A_0019C004_250528_152715_h1EI5","COOKE S4 753","753","40","T 2 3/10","2.966","3.9","0.2","ARRI ALEXA 35"
"15:31:25:21","A_0019C004_250528_152715_h1EI5","COOKE S4 753","753","40","T 2 3/10","2.966","3.9","0.2","ARRI ALEXA 35"
"15:31:25:22","A_0019C004_250528_152715_h1EI5","COOKE S4 753","753","40","T 2 3/10","2.966","4","0.2","ARRI ALEXA 35"
"15:31:25:23","A_0019C004_250528_152715_h1EI5","COOKE S4 753","753","40","T 2 3/10","2.966","4","0.2","ARRI ALEXA 35"
"15:31:26:00","A_0019C004_250528_152715_h1EI5","COOKE S4 753","753","40","T 2 3/10","2.966","4","0.2","ARRI ALEXA 35"
"15:31:26:01","A_0019C004_250528_152715_h1EI5","COOKE S4 753","753","40","T 2 3/10","2.966","4","0.2","ARRI ALEXA 35"
"15:31:26:02","A_0019C004_250528_152715_h1EI5","COOKE S4 753","753","40","T 2 3/10","2.966","4","0.2","ARRI ALEXA 35"
"15:31:26:03","A_0019C004_250528_152715_h1EI5","COOKE S4 753","753","40","T 2 3/10","2.966","4","0.2","ARRI ALEXA 35"
"15:31:26:04","A_0019C004_250528_152715_h1EI5","COOKE S4 753","753","40","T 2 3/10","2.966","4","0.2","ARRI ALEXA 35"
"15:31:26:05","A_0019C004_250528_152715_h1EI5","COOKE S4 753","753","40","T 2 3/10","2.966","4","0.2","ARRI ALEXA 35"
"15:31:26:06","A_0019C004_250528_152715_h1EI5","COOKE S4 753","753","40","T 2 3/10","2.966","4","0.2","ARRI ALEXA 35"
"15:31:26:07","A_0019C004_250528_152715_h1EI5","COOKE S4 753","753","40","T 2 3/10","2.966","4","0.2","ARRI ALEXA 35"
"15:31:26:08","A_0019C004_250528_152715_h1EI5","COOKE S4 753","753","40","T 2 3/10","2.966","4","0.2","ARRI ALEXA 35"
"15:31:26:09","A_0019C004_250528_152715_h1EI5","COOKE S4 753","753","40","T 2 3/10","2.966","4","0.2","ARRI ALEXA 35"
"15:31:26:10","A_0019C004_250528_152715_h1EI5","COOKE S4 753","753","40","T 2 3/10","2.966","4","0.2","ARRI ALEXA 35"
"15:31:26:11","A_0019C004_250528_152715_h1EI5","COOKE S4 753","753","40","T 2 3/10","2.966","4","0.2","ARRI ALEXA 35"
"15:31:26:12","A_0019C004_250528_152715_h1EI5","COOKE S4 753","753","40","T 2 3/10","2.966","4","0.2","ARRI ALEXA 35"
"15:31:26:13","A_0019C004_250528_152715_h1EI5","COOKE S4 753","753","40","T 2 3/10","2.966","4","0.2","ARRI ALEXA 35"
"15:31:26:14","A_0019C004_250528_152715_h1EI5","COOKE S4 753","753","40","T 2 3/10","2.966","4","0.2","ARRI ALEXA 35"
"15:31:26:15","A_0019C004_250528_152715_h1EI5","COOKE S4 753","753","40","T 2 3/10","2.966","4","0.2","ARRI ALEXA 35"
"15:31:26:16","A_0019C004_250528_152715_h1EI5","COOKE S4 753","753","40","T 2 3/10","2.966","4","0.2","ARRI ALEXA 35"
"15:31:26:17","A_0019C004_250528_152715_h1EI5","COOKE S4 753","753","40","T 2 3/10","2.966","4","0.2","ARRI ALEXA 35"
"15:31:26:18","A_0019C004_250528_152715_h1EI5","COOKE S4 753","753","40","T 2 3/10","2.966","4","0.2","ARRI ALEXA 35"
"15:31:26:19","A_0019C004_250528_152715_h1EI5","COOKE S4 753","753","40","T 2 3/10","2.966","4","0.2","ARRI ALEXA 35"
"15:31:26:20","A_0019C004_250528_152715_h1EI5","COOKE S4 753","753","40","T 2 3/10","2.966","4","0.2","ARRI ALEXA 35"
"15:31:26:21","A_0019C004_250528_152715_h1EI5","COOKE S4 753","753","40","T 2 3/10","2.966","4","0.2","ARRI ALEXA 35"
"15:31:26:22","A_0019C004_250528_152715_h1EI5","COOKE S4 753","753","40","T 2 3/10","2.966","4","0.2","ARRI ALEXA 35"
"15:31:26:23","A_0019C004_250528_152715_h1EI5","COOKE S4 753","753","40","T 2 3/10","2.966","4","0.2","ARRI ALEXA 35"
"15:31:27:00","A_0019C004_250528_152715_h1EI5","COOKE S4 753","753","40","T 2 3/10","2.966","4","0.2","ARRI ALEXA 35"
"15:31:27:01","A_0019C004_250528_152715_h1EI5","COOKE S4 753","753","40","T 2 3/10","2.966","4","0.2","ARRI ALEXA 35"
"15:31:27:02","A_0019C004_250528_152715_h1EI5","COOKE S4 753","753","40","T 2 3/10","2.966","4","0.2","ARRI ALEXA 35"
"15:31:27:03","A_0019C004_250528_152715_h1EI5","COOKE S4 753","753","40","T 2 3/10","2.966","4","0.2","ARRI ALEXA 35"
"15:31:27:04","A_0019C004_250528_152715_h1EI5","COOKE S4 753","753","40","T 2 3/10","2.966","4","0.2","ARRI ALEXA 35"
"15:31:27:05","A_0019C004_250528_152715_h1EI5","COOKE S4 753","753","40","T 2 3/10","2.966","4","0.2","ARRI ALEXA 35"
"15:31:27:06","A_0019C004_250528_152715_h1EI5","COOKE S4 753","753","40","T 2 3/10","2.966","4","0.2","ARRI ALEXA 35"
"15:31:27:07","A_0019C004_250528_152715_h1EI5","COOKE S4 753","753","40","T 2 3/10","2.966","4","0.2","ARRI ALEXA 35"
"15:31:27:08","A_0019C004_250528_152715_h1EI5","COOKE S4 753","753","40","T 2 3/10","2.966","4","0.2","ARRI ALEXA 35"
"15:31:27:09","A_0019C004_250528_152715_h1EI5","COOKE S4 753","753","40","T 2 3/10","2.966","4","0.2","ARRI ALEXA 35"
"15:31:27:10","A_0019C004_250528_152715_h1EI5","COOKE S4 753","753","40","T 2 3/10","2.966","4","0.2","ARRI ALEXA 35"
"15:31:27:11","A_0019C004_250528_152715_h1EI5","COOKE S4 753","753","40","T 2 3/10","2.966","4","0.2","ARRI ALEXA 35"
"15:31:27:12","A_0019C004_250528_152715_h1EI5","COOKE S4 753","753","40","T 2 3/10","2.966","4","0.2","ARRI ALEXA 35"
"15:31:27:13","A_0019C004_250528_152715_h1EI5","COOKE S4 753","753","40","T 2 3/10","2.966","4","0.2","ARRI ALEXA 35"
"15:31:27:14","A_0019C004_250528_152715_h1EI5","COOKE S4 753","753","40","T 2 3/10","2.966","4","0.3","ARRI ALEXA 35"
"15:31:27:15","A_0019C004_250528_152715_h1EI5","COOKE S4 753","753","40","T 2 3/10","2.966","4","0.3","ARRI ALEXA 35"
"15:31:27:16","A_0019C004_250528_152715_h1EI5","COOKE S4 753","753","40","T 2 3/10","2.966","4","0.3","ARRI ALEXA 35"
"15:31:27:17","A_0019C004_250528_152715_h1EI5","COOKE S4 753","753","40","T 2 3/10","2.966","4","0.3","ARRI ALEXA 35"
"15:31:27:18","A_0019C004_250528_152715_h1EI5","COOKE S4 753","753","40","T 2 3/10","2.966","4","0.3","ARRI ALEXA 35"
"15:31:27:19","A_0019C004_250528_152715_h1EI5","COOKE S4 753","753","40","T 2 3/10","2.966","4","0.3","ARRI ALEXA 35"
"15:31:27:20","A_0019C004_250528_152715_h1EI5","COOKE S4 753","753","40","T 2 3/10","2.966","4","0.3","ARRI ALEXA 35"
"15:31:27:21","A_0019C004_250528_152715_h1EI5","COOKE S4 753","753","40","T 2 3/10","2.966","4","0.1","ARRI ALEXA 35"
"15:31:27:22","A_0019C004_250528_152715_h1EI5","COOKE S4 753","753","40","T 2 3/10","2.966","4.1","0.1","ARRI ALEXA 35"
"15:31:27:23","A_0019C004_250528_152715_h1EI5","COOKE S4 753","753","40","T 2 3/10","2.966","4.1","0.1","ARRI ALEXA 35"
"15:31:28:00","A_0019C004_250528_152715_h1EI5","COOKE S4 753","753","40","T 2 3/10","2.966","4.1","0.1","ARRI ALEXA 35"
"15:31:28:01","A_0019C004_250528_152715_h1EI5","COOKE S4 753","753","40","T 2 3/10","2.966","4.1","0.1","ARRI ALEXA 35"
"15:31:28:02","A_0019C004_250528_152715_h1EI5","COOKE S4 753","753","40","T 2 3/10","2.966","4.1","0.1","ARRI ALEXA 35"
"15:31:28:03","A_0019C004_250528_152715_h1EI5","COOKE S4 753","753","40","T 2 3/10","2.966","4.1","0.1","ARRI ALEXA 35"
"15:31:28:04","A_0019C004_250528_152715_h1EI5","COOKE S4 753","753","40","T 2 3/10","2.966","4.1","0.1","ARRI ALEXA 35"
"15:31:28:05","A_0019C004_250528_152715_h1EI5","COOKE S4 753","753","40","T 2 3/10","2.966","4.1","0.1","ARRI ALEXA 35"
"15:31:28:06","A_0019C004_250528_152715_h1EI5","COOKE S4 753","753","40","T 2 3/10","2.966","4.1","0.1","ARRI ALEXA 35"
"15:31:28:07","A_0019C004_250528_152715_h1EI5","COOKE S4 753","753","40","T 2 3/10","2.966","4.1","0.1","ARRI ALEXA 35"
"15:31:28:08","A_0019C004_250528_152715_h1EI5","COOKE S4 753","753","40","T 2 3/10","2.966","4.1","0.1","ARRI ALEXA 35"
"15:31:28:09","A_0019C004_250528_152715_h1EI5","COOKE S4 753","753","40","T 2 3/10","2.966","4.1","0.1","ARRI ALEXA 35"
"15:31:28:10","A_0019C004_250528_152715_h1EI5","COOKE S4 753","753","40","T 2 3/10","2.966","4.1","0.1","ARRI ALEXA 35"
"15:31:28:11","A_0019C004_250528_152715_h1EI5","COOKE S4 753","753","40","T 2 3/10","2.966","4.1","0.1","ARRI ALEXA 35"
"15:31:28:12","A_0019C004_250528_152715_h1EI5","COOKE S4 753","753","40","T 2 3/10","2.966","4.1","0.1","ARRI ALEXA 35"
"15:31:28:13","A_0019C004_250528_152715_h1EI5","COOKE S4 753","753","40","T 2 3/10","2.966","4.1","0.1","ARRI ALEXA 35"
"15:31:28:14","A_0019C004_250528_152715_h1EI5","COOKE S4 753","753","40","T 2 3/10","2.966","4.1","0.1","ARRI ALEXA 35"
"15:31:28:15","A_0019C004_250528_152715_h1EI5","COOKE S4 753","753","40","T 2 3/10","2.966","4.1","0.1","ARRI ALEXA 35"
"15:31:28:16","A_0019C004_250528_152715_h1EI5","COOKE S4 753","753","40","T 2 3/10","2.966","4.1","0.1","ARRI ALEXA 35"
"15:31:28:17","A_0019C004_250528_152715_h1EI5","COOKE S4 753","753","40","T 2 3/10","2.966","4.1","0.1","ARRI ALEXA 35"
"15:31:28:18","A_0019C004_250528_152715_h1EI5","COOKE S4 753","753","40","T 2 3/10","2.966","4.1","0.1","ARRI ALEXA 35"
"15:31:28:19","A_0019C004_250528_152715_h1EI5","COOKE S4 753","753","40","T 2 3/10","2.966","4.1","0.1","ARRI ALEXA 35"
"15:31:28:20","A_0019C004_250528_152715_h1EI5","COOKE S4 753","753","40","T 2 3/10","2.966","4.1","0.1","ARRI ALEXA 35"
"15:31:28:21","A_0019C004_250528_152715_h1EI5","COOKE S4 753","753","40","T 2 3/10","2.966","4.1","0.1","ARRI ALEXA 35"
"15:31:28:22","A_0019C004_250528_152715_h1EI5","COOKE S4 753","753","40","T 2 3/10","2.966","4.1","0.1","ARRI ALEXA 35"
"15:31:28:23","A_0019C004_250528_152715_h1EI5","COOKE S4 753","753","40","T 2 3/10","2.966","4.1","0.1","ARRI ALEXA 35"
"15:31:29:00","A_0019C004_250528_152715_h1EI5","COOKE S4 753","753","40","T 2 3/10","2.976","4.1","0.1","ARRI ALEXA 35"
"15:31:29:01","A_0019C004_250528_152715_h1EI5","COOKE S4 753","753","40","T 2 3/10","2.979","4.1","0.1","ARRI ALEXA 35"
"15:31:29:02","A_0019C004_250528_152715_h1EI5","COOKE S4 753","753","40","T 2 3/10","2.986","4.1","0.1","ARRI ALEXA 35"
"15:31:29:03","A_0019C004_250528_152715_h1EI5","COOKE S4 753","753","40","T 2 3/10","2.995","4.1","0.1","ARRI ALEXA 35"
"15:31:29:04","A_0019C004_250528_152715_h1EI5","COOKE S4 753","753","40","T 2 3/10","3.002","4.1","0.1","ARRI ALEXA 35"
"15:31:29:05","A_0019C004_250528_152715_h1EI5","COOKE S4 753","753","40","T 2 3/10","3.005","4.1","0.1","ARRI ALEXA 35"
"15:31:29:06","A_0019C004_250528_152715_h1EI5","COOKE S4 753","753","40","T 2 3/10","3.009","4.1","0.1","ARRI ALEXA 35"
"15:31:29:07","A_0019C004_250528_152715_h1EI5","COOKE S4 753","753","40","T 2 3/10","3.012","4.1","0.1","ARRI ALEXA 35"
"15:31:29:08","A_0019C004_250528_152715_h1EI5","COOKE S4 753","753","40","T 2 3/10","3.012","4.1","0.1","ARRI ALEXA 35"
"15:31:29:09","A_0019C004_250528_152715_h1EI5","COOKE S4 753","753","40","T 2 3/10","3.012","4.1","0.1","ARRI ALEXA 35"
"15:31:29:10","A_0019C004_250528_152715_h1EI5","COOKE S4 753","753","40","T 2 3/10","3.012","4.1","0.1","ARRI ALEXA 35"
"15:31:29:11","A_0019C004_250528_152715_h1EI5","COOKE S4 753","753","40","T 2 3/10","3.012","4.1","0.1","ARRI ALEXA 35"
"15:31:29:12","A_0019C004_250528_152715_h1EI5","COOKE S4 753","753","40","T 2 3/10","3.012","4.1","0.1","ARRI ALEXA 35"
"15:31:29:13","A_0019C004_250528_152715_h1EI5","COOKE S4 753","753","40","T 2 3/10","3.012","4.1","0.1","ARRI ALEXA 35"
"15:31:29:14","A_0019C004_250528_152715_h1EI5","COOKE S4 753","753","40","T 2 3/10","3.012","4.1","0.1","ARRI ALEXA 35"
"15:31:29:15","A_0019C004_250528_152715_h1EI5","COOKE S4 753","753","40","T 2 3/10","3.012","4.1","0.1","ARRI ALEXA 35"
"15:31:29:16","A_0019C004_250528_152715_h1EI5","COOKE S4 753","753","40","T 2 3/10","3.012","4.1","0.1","ARRI ALEXA 35"
"15:31:29:17","A_0019C004_250528_152715_h1EI5","COOKE S4 753","753","40","T 2 3/10","3.012","4.1","0.1","ARRI ALEXA 35"
"15:31:29:18","A_0019C004_250528_152715_h1EI5","COOKE S4 753","753","40","T 2 3/10","3.012","4.1","0.1","ARRI ALEXA 35"
"15:31:29:19","A_0019C004_250528_152715_h1EI5","COOKE S4 753","753","40","T 2 3/10","3.012","4.1","0.1","ARRI ALEXA 35"
"15:31:29:20","A_0019C004_250528_152715_h1EI5","COOKE S4 753","753","40","T 2 3/10","3.012","4.1","0.1","ARRI ALEXA 35"
"15:31:29:21","A_0019C004_250528_152715_h1EI5","COOKE S4 753","753","40","T 2 3/10","3.012","4.1","0.1","ARRI ALEXA 35"
"15:31:29:22","A_0019C004_250528_152715_h1EI5","COOKE S4 753","753","40","T 2 3/10","3.012","4.1","0.1","ARRI ALEXA 35"
"15:31:29:23","A_0019C004_250528_152715_h1EI5","COOKE S4 753","753","40","T 2 3/10","3.012","4.1","0.1","ARRI ALEXA 35"
"15:31:30:00","A_0019C004_250528_152715_h1EI5","COOKE S4 753","753","40","T 2 3/10","3.012","4.1","0.1","ARRI ALEXA 35"
"15:31:30:01","A_0019C004_250528_152715_h1EI5","COOKE S4 753","753","40","T 2 3/10","3.012","4.1","0.1","ARRI ALEXA 35"
"15:31:30:02","A_0019C004_250528_152715_h1EI5","COOKE S4 753","753","40","T 2 3/10","3.012","4.1","0.1","ARRI ALEXA 35"
"15:31:30:03","A_0019C004_250528_152715_h1EI5","COOKE S4 753","753","40","T 2 3/10","3.012","4.1","0.1","ARRI ALEXA 35"
"15:31:30:04","A_0019C004_250528_152715_h1EI5","COOKE S4 753","753","40","T 2 3/10","3.012","4.1","0.1","ARRI ALEXA 35"
"15:31:30:05","A_0019C004_250528_152715_h1EI5","COOKE S4 753","753","40","T 2 3/10","3.012","4.1","0.1","ARRI ALEXA 35"
"15:31:30:06","A_0019C004_250528_152715_h1EI5","COOKE S4 753","753","40","T 2 3/10","3.012","4.1","0.1","ARRI ALEXA 35"
"15:31:30:07","A_0019C004_250528_152715_h1EI5","COOKE S4 753","753","40","T 2 3/10","3.012","4.1","0.1","ARRI ALEXA 35"
"15:31:30:08","A_0019C004_250528_152715_h1EI5","COOKE S4 753","753","40","T 2 3/10","3.012","4.1","0.1","ARRI ALEXA 35"
"15:31:30:09","A_0019C004_250528_152715_h1EI5","COOKE S4 753","753","40","T 2 3/10","3.012","4.1","0.1","ARRI ALEXA 35"
"15:31:30:10","A_0019C004_250528_152715_h1EI5","COOKE S4 753","753","40","T 2 3/10","3.012","4.1","0.1","ARRI ALEXA 35"
"15:31:30:11","A_0019C004_250528_152715_h1EI5","COOKE S4 753","753","40","T 2 3/10","3.012","4.1","0.1","ARRI ALEXA 35"
"15:31:30:12","A_0019C004_250528_152715_h1EI5","COOKE S4 753","753","40","T 2 3/10","3.012","4.1","0.1","ARRI ALEXA 35"
"15:31:30:13","A_0019C004_250528_152715_h1EI5","COOKE S4 753","753","40","T 2 3/10","3.012","4.1","0.1","ARRI ALEXA 35"
"15:31:30:14","A_0019C004_250528_152715_h1EI5","COOKE S4 753","753","40","T 2 3/10","3.012","4.1","0.1","ARRI ALEXA 35"
"15:31:30:15","A_0019C004_250528_152715_h1EI5","COOKE S4 753","753","40","T 2 3/10","3.012","4.1","0.1","ARRI ALEXA 35"
"15:31:30:16","A_0019C004_250528_152715_h1EI5","COOKE S4 753","753","40","T 2 3/10","3.012","4.1","0.1","ARRI ALEXA 35"
"15:31:30:17","A_0019C004_250528_152715_h1EI5","COOKE S4 753","753","40","T 2 3/10","3.012","4.1","0.1","ARRI ALEXA 35"
"15:31:30:18","A_0019C004_250528_152715_h1EI5","COOKE S4 753","753","40","T 2 3/10","3.012","4.1","0.1","ARRI ALEXA 35"
"15:31:30:19","A_0019C004_250528_152715_h1EI5","COOKE S4 753","753","40","T 2 3/10","3.012","4.1","0.1","ARRI ALEXA 35"
"15:31:30:20","A_0019C004_250528_152715_h1EI5","COOKE S4 753","753","40","T 2 3/10","3.012","4.1","0.1","ARRI ALEXA 35"
"15:31:30:21","A_0019C004_250528_152715_h1EI5","COOKE S4 753","753","40","T 2 3/10","3.012","4.1","0.1","ARRI ALEXA 35"
"15:31:30:22","A_0019C004_250528_152715_h1EI5","COOKE S4 753","753","40","T 2 3/10","3.012","4.1","0.1","ARRI ALEXA 35"
"15:31:30:23","A_0019C004_250528_152715_h1EI5","COOKE S4 753","753","40","T 2 3/10","3.012","4.1","0.1","ARRI ALEXA 35"
"15:31:31:00","A_0019C004_250528_152715_h1EI5","COOKE S4 753","753","40","T 2 3/10","3.012","4.1","0.1","ARRI ALEXA 35"
"15:31:31:01","A_0019C004_250528_152715_h1EI5","COOKE S4 753","753","40","T 2 3/10","3.012","4.1","0.1","ARRI ALEXA 35"
"15:31:31:02","A_0019C004_250528_152715_h1EI5","COOKE S4 753","753","40","T 2 3/10","3.012","4.1","0.1","ARRI ALEXA 35"
"15:31:31:03","A_0019C004_250528_152715_h1EI5","COOKE S4 753","753","40","T 2 3/10","3.012","4.1","0.1","ARRI ALEXA 35"
"15:31:31:04","A_0019C004_250528_152715_h1EI5","COOKE S4 753","753","40","T 2 3/10","3.012","4.1","0.1","ARRI ALEXA 35"
"15:31:31:05","A_0019C004_250528_152715_h1EI5","COOKE S4 753","753","40","T 2 3/10","3.012","4.1","0.1","ARRI ALEXA 35"
"15:31:31:06","A_0019C004_250528_152715_h1EI5","COOKE S4 753","753","40","T 2 3/10","3.012","4.1","0.1","ARRI ALEXA 35"
"15:31:31:07","A_0019C004_250528_152715_h1EI5","COOKE S4 753","753","40","T 2 3/10","3.012","4.1","0.1","ARRI ALEXA 35"
"15:31:31:08","A_0019C004_250528_152715_h1EI5","COOKE S4 753","753","40","T 2 3/10","3.012","4.1","0.1","ARRI ALEXA 35"
"15:31:31:09","A_0019C004_250528_152715_h1EI5","COOKE S4 753","753","40","T 2 3/10","3.012","4.1","0.1","ARRI ALEXA 35"
"15:31:31:10","A_0019C004_250528_152715_h1EI5","COOKE S4 753","753","40","T 2 3/10","3.012","4.1","0.1","ARRI ALEXA 35"
"15:31:31:11","A_0019C004_250528_152715_h1EI5","COOKE S4 753","753","40","T 2 3/10","3.012","4.1","0.1","ARRI ALEXA 35"
"15:31:31:12","A_0019C004_250528_152715_h1EI5","COOKE S4 753","753","40","T 2 3/10","3.012","4.1","0.1","ARRI ALEXA 35"
"15:31:31:13","A_0019C004_250528_152715_h1EI5","COOKE S4 753","753","40","T 2 3/10","3.012","4.1","0.1","ARRI ALEXA 35"
"15:31:31:14","A_0019C004_250528_152715_h1EI5","COOKE S4 753","753","40","T 2 3/10","3.012","4.1","0.1","ARRI ALEXA 35"
"15:31:31:15","A_0019C004_250528_152715_h1EI5","COOKE S4 753","753","40","T 2 3/10","3.012","4.1","0.1","ARRI ALEXA 35"
"15:31:31:16","A_0019C004_250528_152715_h1EI5","COOKE S4 753","753","40","T 2 3/10","3.012","4.1","0.1","ARRI ALEXA 35"
"15:31:31:17","A_0019C004_250528_152715_h1EI5","COOKE S4 753","753","40","T 2 3/10","3.012","4.1","0.1","ARRI ALEXA 35"
"15:31:31:18","A_0019C004_250528_152715_h1EI5","COOKE S4 753","753","40","T 2 3/10","3.012","4.1","0.1","ARRI ALEXA 35"
"15:31:31:19","A_0019C004_250528_152715_h1EI5","COOKE S4 753","753","40","T 2 3/10","3.012","4.1","0.1","ARRI ALEXA 35"
"15:31:31:20","A_0019C004_250528_152715_h1EI5","COOKE S4 753","753","40","T 2 3/10","3.012","4.1","0.1","ARRI ALEXA 35"
"15:31:31:21","A_0019C004_250528_152715_h1EI5","COOKE S4 753","753","40","T 2 3/10","3.012","4.1","0.2","ARRI ALEXA 35"
"15:31:31:22","A_0019C004_250528_152715_h1EI5","COOKE S4 753","753","40","T 2 3/10","3.012","4.1","0.2","ARRI ALEXA 35"
"15:31:31:23","A_0019C004_250528_152715_h1EI5","COOKE S4 753","753","40","T 2 3/10","3.012","4.1","0.2","ARRI ALEXA 35"
"15:31:32:00","A_0019C004_250528_152715_h1EI5","COOKE S4 753","753","40","T 2 3/10","3.012","4.1","0.2","ARRI ALEXA 35"
"15:31:32:01","A_0019C004_250528_152715_h1EI5","COOKE S4 753","753","40","T 2 3/10","3.012","4.1","0.2","ARRI ALEXA 35"
"15:31:32:02","A_0019C004_250528_152715_h1EI5","COOKE S4 753","753","40","T 2 3/10","3.012","4.1","0.2","ARRI ALEXA 35"
"15:31:32:03","A_0019C004_250528_152715_h1EI5","COOKE S4 753","753","40","T 2 3/10","3.012","4.1","0.2","ARRI ALEXA 35"
"15:31:32:04","A_0019C004_250528_152715_h1EI5","COOKE S4 753","753","40","T 2 3/10","3.012","4.1","0.2","ARRI ALEXA 35"
"15:31:32:05","A_0019C004_250528_152715_h1EI5","COOKE S4 753","753","40","T 2 3/10","3.012","4.1","0","ARRI ALEXA 35"
"15:31:32:06","A_0019C004_250528_152715_h1EI5","COOKE S4 753","753","40","T 2 3/10","3.012","4.1","0","ARRI ALEXA 35"
"15:31:32:07","A_0019C004_250528_152715_h1EI5","COOKE S4 753","753","40","T 2 3/10","3.012","4.1","0","ARRI ALEXA 35"
"15:31:32:08","A_0019C004_250528_152715_h1EI5","COOKE S4 753","753","40","T 2 3/10","3.012","4.1","0","ARRI ALEXA 35"
"15:31:32:09","A_0019C004_250528_152715_h1EI5","COOKE S4 753","753","40","T 2 3/10","3.012","4.1","0","ARRI ALEXA 35"
"15:31:32:10","A_0019C004_250528_152715_h1EI5","COOKE S4 753","753","40","T 2 3/10","3.012","4.1","0","ARRI ALEXA 35"
"15:31:32:11","A_0019C004_250528_152715_h1EI5","COOKE S4 753","753","40","T 2 3/10","3.012","4.1","0","ARRI ALEXA 35"
"15:31:32:12","A_0019C004_250528_152715_h1EI5","COOKE S4 753","753","40","T 2 3/10","3.012","4.1","0","ARRI ALEXA 35"
"15:31:32:13","A_0019C004_250528_152715_h1EI5","COOKE S4 753","753","40","T 2 3/10","3.012","4.1","0","ARRI ALEXA 35"
"15:31:32:14","A_0019C004_250528_152715_h1EI5","COOKE S4 753","753","40","T 2 3/10","3.012","4.1","0","ARRI ALEXA 35"
"15:31:32:15","A_0019C004_250528_152715_h1EI5","COOKE S4 753","753","40","T 2 3/10","3.012","4.1","0","ARRI ALEXA 35"
"15:31:32:16","A_0019C004_250528_152715_h1EI5","COOKE S4 753","753","40","T 2 3/10","3.012","4.1","0","ARRI ALEXA 35"
"15:31:32:17","A_0019C004_250528_152715_h1EI5","COOKE S4 753","753","40","T 2 3/10","3.012","4.1","0","ARRI ALEXA 35"
"15:31:32:18","A_0019C004_250528_152715_h1EI5","COOKE S4 753","753","40","T 2 3/10","3.012","4.1","0","ARRI ALEXA 35"
"15:31:32:19","A_0019C004_250528_152715_h1EI5","COOKE S4 753","753","40","T 2 3/10","3.012","4.1","0","ARRI ALEXA 35"
"15:31:32:20","A_0019C004_250528_152715_h1EI5","COOKE S4 753","753","40","T 2 3/10","3.012","4.1","0","ARRI ALEXA 35"
"15:31:32:21","A_0019C004_250528_152715_h1EI5","COOKE S4 753","753","40","T 2 3/10","3.012","4.1","0","ARRI ALEXA 35"
"15:31:32:22","A_0019C004_250528_152715_h1EI5","COOKE S4 753","753","40","T 2 3/10","3.012","4.1","0","ARRI ALEXA 35"
"15:31:32:23","A_0019C004_250528_152715_h1EI5","COOKE S4 753","753","40","T 2 3/10","3.012","4.1","0","ARRI ALEXA 35"
"15:31:33:00","A_0019C004_250528_152715_h1EI5","COOKE S4 753","753","40","T 2 3/10","3.012","4.1","0","ARRI ALEXA 35"
"15:31:33:01","A_0019C004_250528_152715_h1EI5","COOKE S4 753","753","40","T 2 3/10","3.012","4.1","0","ARRI ALEXA 35"
"15:31:33:02","A_0019C004_250528_152715_h1EI5","COOKE S4 753","753","40","T 2 3/10","3.012","4.1","0","ARRI ALEXA 35"
"15:31:33:03","A_0019C004_250528_152715_h1EI5","COOKE S4 753","753","40","T 2 3/10","3.012","4.1","0","ARRI ALEXA 35"
"15:31:33:04","A_0019C004_250528_152715_h1EI5","COOKE S4 753","753","40","T 2 3/10","3.009","4.1","0","ARRI ALEXA 35"
"15:31:33:05","A_0019C004_250528_152715_h1EI5","COOKE S4 753","753","40","T 2 3/10","3.009","4.1","0","ARRI ALEXA 35"
"15:31:33:06","A_0019C004_250528_152715_h1EI5","COOKE S4 753","753","40","T 2 3/10","3.002","4.1","0","ARRI ALEXA 35"
"15:31:33:07","A_0019C004_250528_152715_h1EI5","COOKE S4 753","753","40","T 2 3/10","3.002","4.1","0","ARRI ALEXA 35"
"15:31:33:08","A_0019C004_250528_152715_h1EI5","COOKE S4 753","753","40","T 2 3/10","2.999","4.1","0","ARRI ALEXA 35"
"15:31:33:09","A_0019C004_250528_152715_h1EI5","COOKE S4 753","753","40","T 2 3/10","2.999","4.1","0","ARRI ALEXA 35"
"15:31:33:10","A_0019C004_250528_152715_h1EI5","COOKE S4 753","753","40","T 2 3/10","2.999","4.1","0","ARRI ALEXA 35"
"15:31:33:11","A_0019C004_250528_152715_h1EI5","COOKE S4 753","753","40","T 2 3/10","2.999","4.1","0","ARRI ALEXA 35"
"15:31:33:12","A_0019C004_250528_152715_h1EI5","COOKE S4 753","753","40","T 2 3/10","2.999","4.1","0","ARRI ALEXA 35"
"15:31:33:13","A_0019C004_250528_152715_h1EI5","COOKE S4 753","753","40","T 2 3/10","2.999","4.1","0","ARRI ALEXA 35"
"15:31:33:14","A_0019C004_250528_152715_h1EI5","COOKE S4 753","753","40","T 2 3/10","2.999","4.1","0","ARRI ALEXA 35"
"15:31:33:15","A_0019C004_250528_152715_h1EI5","COOKE S4 753","753","40","T 2 3/10","2.999","4.1","0","ARRI ALEXA 35"
"15:31:33:16","A_0019C004_250528_152715_h1EI5","COOKE S4 753","753","40","T 2 3/10","2.999","4.1","0","ARRI ALEXA 35"
"15:31:33:17","A_0019C004_250528_152715_h1EI5","COOKE S4 753","753","40","T 2 3/10","2.999","4.1","0","ARRI ALEXA 35"
"15:31:33:18","A_0019C004_250528_152715_h1EI5","COOKE S4 753","753","40","T 2 3/10","2.999","4.1","0","ARRI ALEXA 35"
"15:31:33:19","A_0019C004_250528_152715_h1EI5","COOKE S4 753","753","40","T 2 3/10","2.999","4.1","0","ARRI ALEXA 35"
"15:31:33:20","A_0019C004_250528_152715_h1EI5","COOKE S4 753","753","40","T 2 3/10","2.999","4.1","0","ARRI ALEXA 35"
"15:31:33:21","A_0019C004_250528_152715_h1EI5","COOKE S4 753","753","40","T 2 3/10","2.999","4.1","-0.1","ARRI ALEXA 35"
"15:31:33:22","A_0019C004_250528_152715_h1EI5","COOKE S4 753","753","40","T 2 3/10","2.999","4.1","-0.1","ARRI ALEXA 35"
"15:31:33:23","A_0019C004_250528_152715_h1EI5","COOKE S4 753","753","40","T 2 3/10","2.999","4.1","-0.1","ARRI ALEXA 35"
"15:31:34:00","A_0019C004_250528_152715_h1EI5","COOKE S4 753","753","40","T 2 3/10","2.999","4.1","-0.1","ARRI ALEXA 35"
"15:31:34:01","A_0019C004_250528_152715_h1EI5","COOKE S4 753","753","40","T 2 3/10","2.999","4.1","-0.1","ARRI ALEXA 35"
"15:31:34:02","A_0019C004_250528_152715_h1EI5","COOKE S4 753","753","40","T 2 3/10","2.999","4.1","-0.1","ARRI ALEXA 35"
"15:31:34:03","A_0019C004_250528_152715_h1EI5","COOKE S4 753","753","40","T 2 3/10","2.999","4.1","-0.1","ARRI ALEXA 35"
"15:31:34:04","A_0019C004_250528_152715_h1EI5","COOKE S4 753","753","40","T 2 3/10","2.999","4.1","-0.1","ARRI ALEXA 35"
"15:31:34:05","A_0019C004_250528_152715_h1EI5","COOKE S4 753","753","40","T 2 3/10","2.999","4.1","-0.1","ARRI ALEXA 35"
"15:31:34:06","A_0019C004_250528_152715_h1EI5","COOKE S4 753","753","40","T 2 3/10","2.999","4.1","-0.1","ARRI ALEXA 35"
"15:31:34:07","A_0019C004_250528_152715_h1EI5","COOKE S4 753","753","40","T 2 3/10","2.999","4.1","-0.1","ARRI ALEXA 35"
"15:31:34:08","A_0019C004_250528_152715_h1EI5","COOKE S4 753","753","40","T 2 3/10","2.999","4.1","-0.1","ARRI ALEXA 35"
"15:31:34:09","A_0019C004_250528_152715_h1EI5","COOKE S4 753","753","40","T 2 3/10","2.999","4.1","-0.1","ARRI ALEXA 35"
"15:31:34:10","A_0019C004_250528_152715_h1EI5","COOKE S4 753","753","40","T 2 3/10","2.999","4.1","-0.1","ARRI ALEXA 35"
"15:31:34:11","A_0019C004_250528_152715_h1EI5","COOKE S4 753","753","40","T 2 3/10","2.999","4.1","-0.1","ARRI ALEXA 35"
"15:31:34:12","A_0019C004_250528_152715_h1EI5","COOKE S4 753","753","40","T 2 3/10","2.999","4.1","-0.2","ARRI ALEXA 35"
"15:31:34:13","A_0019C004_250528_152715_h1EI5","COOKE S4 753","753","40","T 2 3/10","2.999","4.1","-0.2","ARRI ALEXA 35"
"15:31:34:14","A_0019C004_250528_152715_h1EI5","COOKE S4 753","753","40","T 2 3/10","2.999","4.1","-0.2","ARRI ALEXA 35"
"15:31:34:15","A_0019C004_250528_152715_h1EI5","COOKE S4 753","753","40","T 2 3/10","2.999","4.1","-0.2","ARRI ALEXA 35"
"15:31:34:16","A_0019C004_250528_152715_h1EI5","COOKE S4 753","753","40","T 2 3/10","2.999","4.1","-0.2","ARRI ALEXA 35"
"15:31:34:17","A_0019C004_250528_152715_h1EI5","COOKE S4 753","753","40","T 2 3/10","2.999","4.1","-0.2","ARRI ALEXA 35"
"15:31:34:18","A_0019C004_250528_152715_h1EI5","COOKE S4 753","753","40","T 2 3/10","2.999","4.1","-0.2","ARRI ALEXA 35"
"15:31:34:19","A_0019C004_250528_152715_h1EI5","COOKE S4 753","753","40","T 2 3/10","2.999","4.1","-0.2","ARRI ALEXA 35"
"15:31:34:20","A_0019C004_250528_152715_h1EI5","COOKE S4 753","753","40","T 2 3/10","2.999","4.1","-0.2","ARRI ALEXA 35"
"15:31:34:21","A_0019C004_250528_152715_h1EI5","COOKE S4 753","753","40","T 2 3/10","2.999","4.1","-0.2","ARRI ALEXA 35"
"15:31:34:22","A_0019C004_250528_152715_h1EI5","COOKE S4 753","753","40","T 2 3/10","2.999","4.1","-0.2","ARRI ALEXA 35"
"15:31:34:23","A_0019C004_250528_152715_h1EI5","COOKE S4 753","753","40","T 2 3/10","2.999","4.1","-0.2","ARRI ALEXA 35"
"15:31:35:00","A_0019C004_250528_152715_h1EI5","COOKE S4 753","753","40","T 2 3/10","2.999","4.1","-0.2","ARRI ALEXA 35"
"15:31:35:01","A_0019C004_250528_152715_h1EI5","COOKE S4 753","753","40","T 2 3/10","2.999","4.1","-0.2","ARRI ALEXA 35"
"15:31:35:02","A_0019C004_250528_152715_h1EI5","COOKE S4 753","753","40","T 2 3/10","2.999","4.1","-0.2","ARRI ALEXA 35"
"15:31:35:03","A_0019C004_250528_152715_h1EI5","COOKE S4 753","753","40","T 2 3/10","2.999","4.1","-0.2","ARRI ALEXA 35"
"15:31:35:04","A_0019C004_250528_152715_h1EI5","COOKE S4 753","753","40","T 2 3/10","2.999","4.1","-0.2","ARRI ALEXA 35"
"15:31:35:05","A_0019C004_250528_152715_h1EI5","COOKE S4 753","753","40","T 2 3/10","2.999","4.1","-0.2","ARRI ALEXA 35"
"15:31:35:06","A_0019C004_250528_152715_h1EI5","COOKE S4 753","753","40","T 2 3/10","2.999","4.1","-0.2","ARRI ALEXA 35"
"15:31:35:07","A_0019C004_250528_152715_h1EI5","COOKE S4 753","753","40","T 2 3/10","2.999","4.1","-0.2","ARRI ALEXA 35"
"15:31:35:08","A_0019C004_250528_152715_h1EI5","COOKE S4 753","753","40","T 2 3/10","2.995","4.1","-0.2","ARRI ALEXA 35"
"15:31:35:09","A_0019C004_250528_152715_h1EI5","COOKE S4 753","753","40","T 2 3/10","2.995","4.1","-0.2","ARRI ALEXA 35"
"15:31:35:10","A_0019C004_250528_152715_h1EI5","COOKE S4 753","753","40","T 2 3/10","2.995","4.1","-0.2","ARRI ALEXA 35"
"15:31:35:11","A_0019C004_250528_152715_h1EI5","COOKE S4 753","753","40","T 2 3/10","2.995","4.1","-0.2","ARRI ALEXA 35"
"15:31:35:12","A_0019C004_250528_152715_h1EI5","COOKE S4 753","753","40","T 2 3/10","2.995","4.1","-0.2","ARRI ALEXA 35"
"15:31:35:13","A_0019C004_250528_152715_h1EI5","COOKE S4 753","753","40","T 2 3/10","2.995","4.1","-0.2","ARRI ALEXA 35"
"15:31:35:14","A_0019C004_250528_152715_h1EI5","COOKE S4 753","753","40","T 2 3/10","2.995","4.1","-0.2","ARRI ALEXA 35"
"15:31:35:15","A_0019C004_250528_152715_h1EI5","COOKE S4 753","753","40","T 2 3/10","2.995","4.1","-0.2","ARRI ALEXA 35"
"15:31:35:16","A_0019C004_250528_152715_h1EI5","COOKE S4 753","753","40","T 2 3/10","2.995","4.1","-0.2","ARRI ALEXA 35"
"15:31:35:17","A_0019C004_250528_152715_h1EI5","COOKE S4 753","753","40","T 2 3/10","2.995","4.1","-0.2","ARRI ALEXA 35"
"15:31:35:18","A_0019C004_250528_152715_h1EI5","COOKE S4 753","753","40","T 2 3/10","2.995","4.1","-0.2","ARRI ALEXA 35"
"15:31:35:19","A_0019C004_250528_152715_h1EI5","COOKE S4 753","753","40","T 2 3/10","2.995","4.1","-0.2","ARRI ALEXA 35"
"15:31:35:20","A_0019C004_250528_152715_h1EI5","COOKE S4 753","753","40","T 2 3/10","2.995","4.1","-0.2","ARRI ALEXA 35"
"15:31:35:21","A_0019C004_250528_152715_h1EI5","COOKE S4 753","753","40","T 2 3/10","2.982","4.1","-0.2","ARRI ALEXA 35"
"15:31:35:22","A_0019C004_250528_152715_h1EI5","COOKE S4 753","753","40","T 2 3/10","2.982","4.1","-0.2","ARRI ALEXA 35"
"15:31:35:23","A_0019C004_250528_152715_h1EI5","COOKE S4 753","753","40","T 2 3/10","2.979","4.1","-0.2","ARRI ALEXA 35"
"15:31:36:00","A_0019C004_250528_152715_h1EI5","COOKE S4 753","753","40","T 2 3/10","2.972","4.1","-0.2","ARRI ALEXA 35"
"15:31:36:01","A_0019C004_250528_152715_h1EI5","COOKE S4 753","753","40","T 2 3/10","2.972","4.1","-0.2","ARRI ALEXA 35"
"15:31:36:02","A_0019C004_250528_152715_h1EI5","COOKE S4 753","753","40","T 2 3/10","2.969","4.1","-0.2","ARRI ALEXA 35"
"15:31:36:03","A_0019C004_250528_152715_h1EI5","COOKE S4 753","753","40","T 2 3/10","2.966","4.1","-0.2","ARRI ALEXA 35"
"15:31:36:04","A_0019C004_250528_152715_h1EI5","COOKE S4 753","753","40","T 2 3/10","2.966","4.1","-0.2","ARRI ALEXA 35"
"15:31:36:05","A_0019C004_250528_152715_h1EI5","COOKE S4 753","753","40","T 2 3/10","2.966","4.1","-0.2","ARRI ALEXA 35"
"15:31:36:06","A_0019C004_250528_152715_h1EI5","COOKE S4 753","753","40","T 2 3/10","2.966","4.1","-0.2","ARRI ALEXA 35"
"15:31:36:07","A_0019C004_250528_152715_h1EI5","COOKE S4 753","753","40","T 2 3/10","2.963","4.1","-0.2","ARRI ALEXA 35"
"15:31:36:08","A_0019C004_250528_152715_h1EI5","COOKE S4 753","753","40","T 2 3/10","2.963","4.1","-0.2","ARRI ALEXA 35"
"15:31:36:09","A_0019C004_250528_152715_h1EI5","COOKE S4 753","753","40","T 2 3/10","2.963","4.1","-0.2","ARRI ALEXA 35"
"15:31:36:10","A_0019C004_250528_152715_h1EI5","COOKE S4 753","753","40","T 2 3/10","2.963","4.1","-0.2","ARRI ALEXA 35"
"15:31:36:11","A_0019C004_250528_152715_h1EI5","COOKE S4 753","753","40","T 2 3/10","2.963","4.1","-0.2","ARRI ALEXA 35"
"15:31:36:12","A_0019C004_250528_152715_h1EI5","COOKE S4 753","753","40","T 2 3/10","2.963","4.1","-0.2","ARRI ALEXA 35"
"15:31:36:13","A_0019C004_250528_152715_h1EI5","COOKE S4 753","753","40","T 2 3/10","2.963","4.1","-0.2","ARRI ALEXA 35"
"15:31:36:14","A_0019C004_250528_152715_h1EI5","COOKE S4 753","753","40","T 2 3/10","2.963","4.1","-0.2","ARRI ALEXA 35"
"15:31:36:15","A_0019C004_250528_152715_h1EI5","COOKE S4 753","753","40","T 2 3/10","2.963","4.1","-0.2","ARRI ALEXA 35"
"15:31:36:16","A_0019C004_250528_152715_h1EI5","COOKE S4 753","753","40","T 2 3/10","2.963","4.1","-0.2","ARRI ALEXA 35"
"15:31:36:17","A_0019C004_250528_152715_h1EI5","COOKE S4 753","753","40","T 2 3/10","2.963","4.1","-0.2","ARRI ALEXA 35"
"15:31:36:18","A_0019C004_250528_152715_h1EI5","COOKE S4 753","753","40","T 2 3/10","2.963","4.1","-0.2","ARRI ALEXA 35"
"15:31:36:19","A_0019C004_250528_152715_h1EI5","COOKE S4 753","753","40","T 2 3/10","2.963","4.1","-0.2","ARRI ALEXA 35"
"15:31:36:20","A_0019C004_250528_152715_h1EI5","COOKE S4 753","753","40","T 2 3/10","2.966","4.1","-0.2","ARRI ALEXA 35"
"15:31:36:21","A_0019C004_250528_152715_h1EI5","COOKE S4 753","753","40","T 2 3/10","2.969","4.1","-0.2","ARRI ALEXA 35"
"15:31:36:22","A_0019C004_250528_152715_h1EI5","COOKE S4 753","753","40","T 2 3/10","2.982","4.1","-0.2","ARRI ALEXA 35"
"15:31:36:23","A_0019C004_250528_152715_h1EI5","COOKE S4 753","753","40","T 2 3/10","2.982","4.1","-0.2","ARRI ALEXA 35"
"15:31:37:00","A_0019C004_250528_152715_h1EI5","COOKE S4 753","753","40","T 2 3/10","2.986","4.1","-0.2","ARRI ALEXA 35"
"15:31:37:01","A_0019C004_250528_152715_h1EI5","COOKE S4 753","753","40","T 2 3/10","2.992","4.1","-0.2","ARRI ALEXA 35"
"15:31:37:02","A_0019C004_250528_152715_h1EI5","COOKE S4 753","753","40","T 2 3/10","2.992","4.1","-0.2","ARRI ALEXA 35"
"15:31:37:03","A_0019C004_250528_152715_h1EI5","COOKE S4 753","753","40","T 2 3/10","2.995","4.1","-0.2","ARRI ALEXA 35"
"15:31:37:04","A_0019C004_250528_152715_h1EI5","COOKE S4 753","753","40","T 2 3/10","2.999","4.1","-0.2","ARRI ALEXA 35"
"15:31:37:05","A_0019C004_250528_152715_h1EI5","COOKE S4 753","753","40","T 2 3/10","3.002","4.1","-0.2","ARRI ALEXA 35"
"15:31:37:06","A_0019C004_250528_152715_h1EI5","COOKE S4 753","753","40","T 2 3/10","3.005","4.1","-0.2","ARRI ALEXA 35"
"15:31:37:07","A_0019C004_250528_152715_h1EI5","COOKE S4 753","753","40","T 2 3/10","3.005","4.1","-0.2","ARRI ALEXA 35"
"15:31:37:08","A_0019C004_250528_152715_h1EI5","COOKE S4 753","753","40","T 2 3/10","3.009","4.1","-0.2","ARRI ALEXA 35"
"15:31:37:09","A_0019C004_250528_152715_h1EI5","COOKE S4 753","753","40","T 2 3/10","3.012","4.1","-0.2","ARRI ALEXA 35"
"15:31:37:10","A_0019C004_250528_152715_h1EI5","COOKE S4 753","753","40","T 2 3/10","3.012","4.1","-0.2","ARRI ALEXA 35"
"15:31:37:11","A_0019C004_250528_152715_h1EI5","COOKE S4 753","753","40","T 2 3/10","3.015","4.1","-0.2","ARRI ALEXA 35"
"15:31:37:12","A_0019C004_250528_152715_h1EI5","COOKE S4 753","753","40","T 2 3/10","3.015","4.1","-0.2","ARRI ALEXA 35"
"15:31:37:13","A_0019C004_250528_152715_h1EI5","COOKE S4 753","753","40","T 2 3/10","3.018","4.1","-0.2","ARRI ALEXA 35"
"15:31:37:14","A_0019C004_250528_152715_h1EI5","COOKE S4 753","753","40","T 2 3/10","3.022","4.1","-0.2","ARRI ALEXA 35"
"15:31:37:15","A_0019C004_250528_152715_h1EI5","COOKE S4 753","753","40","T 2 3/10","3.025","4.1","-0.2","ARRI ALEXA 35"
"15:31:37:16","A_0019C004_250528_152715_h1EI5","COOKE S4 753","753","40","T 2 3/10","3.025","4.1","-0.4","ARRI ALEXA 35"
"15:31:37:17","A_0019C004_250528_152715_h1EI5","COOKE S4 753","753","40","T 2 3/10","3.031","4.1","-0.4","ARRI ALEXA 35"
"15:31:37:18","A_0019C004_250528_152715_h1EI5","COOKE S4 753","753","40","T 2 3/10","3.031","4.1","-0.4","ARRI ALEXA 35"
"15:31:37:19","A_0019C004_250528_152715_h1EI5","COOKE S4 753","753","40","T 2 3/10","3.035","4.1","-0.4","ARRI ALEXA 35"
"15:31:37:20","A_0019C004_250528_152715_h1EI5","COOKE S4 753","753","40","T 2 3/10","3.038","4.1","-0.4","ARRI ALEXA 35"
"15:31:37:21","A_0019C004_250528_152715_h1EI5","COOKE S4 753","753","40","T 2 3/10","3.041","4.1","-0.4","ARRI ALEXA 35"
"15:31:37:22","A_0019C004_250528_152715_h1EI5","COOKE S4 753","753","40","T 2 3/10","3.045","4.1","-0.4","ARRI ALEXA 35"
"15:31:37:23","A_0019C004_250528_152715_h1EI5","COOKE S4 753","753","40","T 2 3/10","3.045","4.1","-0.4","ARRI ALEXA 35"
"15:31:38:00","A_0019C004_250528_152715_h1EI5","COOKE S4 753","753","40","T 2 3/10","3.048","4.1","-0.4","ARRI ALEXA 35"
"15:31:38:01","A_0019C004_250528_152715_h1EI5","COOKE S4 753","753","40","T 2 3/10","3.048","4.1","-0.4","ARRI ALEXA 35"
"15:31:38:02","A_0019C004_250528_152715_h1EI5","COOKE S4 753","753","40","T 2 3/10","3.051","4.1","-0.4","ARRI ALEXA 35"
"15:31:38:03","A_0019C004_250528_152715_h1EI5","COOKE S4 753","753","40","T 2 3/10","3.051","4.1","-0.4","ARRI ALEXA 35"
"15:31:38:04","A_0019C004_250528_152715_h1EI5","COOKE S4 753","753","40","T 2 3/10","3.054","4.1","-0.4","ARRI ALEXA 35"
"15:31:38:05","A_0019C004_250528_152715_h1EI5","COOKE S4 753","753","40","T 2 3/10","3.058","4.1","-0.4","ARRI ALEXA 35"
"15:31:38:06","A_0019C004_250528_152715_h1EI5","COOKE S4 753","753","40","T 2 3/10","3.058","4.1","-0.4","ARRI ALEXA 35"
"15:31:38:07","A_0019C004_250528_152715_h1EI5","COOKE S4 753","753","40","T 2 3/10","3.058","4.1","-0.4","ARRI ALEXA 35"
"15:31:38:08","A_0019C004_250528_152715_h1EI5","COOKE S4 753","753","40","T 2 3/10","3.058","4.1","-0.4","ARRI ALEXA 35"
"15:31:38:09","A_0019C004_250528_152715_h1EI5","COOKE S4 753","753","40","T 2 3/10","3.058","4.1","-0.4","ARRI ALEXA 35"
"15:31:38:10","A_0019C004_250528_152715_h1EI5","COOKE S4 753","753","40","T 2 3/10","3.058","4.1","-0.4","ARRI ALEXA 35"
"15:31:38:11","A_0019C004_250528_152715_h1EI5","COOKE S4 753","753","40","T 2 3/10","3.058","4.1","-0.4","ARRI ALEXA 35"
"15:31:38:12","A_0019C004_250528_152715_h1EI5","COOKE S4 753","753","40","T 2 3/10","3.058","4.1","-0.4","ARRI ALEXA 35"
"15:31:38:13","A_0019C004_250528_152715_h1EI5","COOKE S4 753","753","40","T 2 3/10","3.058","4.1","-0.4","ARRI ALEXA 35"
"15:31:38:14","A_0019C004_250528_152715_h1EI5","COOKE S4 753","753","40","T 2 3/10","3.058","4.1","-0.4","ARRI ALEXA 35"
"15:31:38:15","A_0019C004_250528_152715_h1EI5","COOKE S4 753","753","40","T 2 3/10","3.058","4.1","-0.4","ARRI ALEXA 35"
"15:31:38:16","A_0019C004_250528_152715_h1EI5","COOKE S4 753","753","40","T 2 3/10","3.058","4.1","-0.4","ARRI ALEXA 35"
"15:31:38:17","A_0019C004_250528_152715_h1EI5","COOKE S4 753","753","40","T 2 3/10","3.058","4.1","-0.4","ARRI ALEXA 35"
"15:31:38:18","A_0019C004_250528_152715_h1EI5","COOKE S4 753","753","40","T 2 3/10","3.058","4.1","-0.4","ARRI ALEXA 35"
"15:31:38:19","A_0019C004_250528_152715_h1EI5","COOKE S4 753","753","40","T 2 3/10","3.058","4.1","-0.4","ARRI ALEXA 35"
"15:31:38:20","A_0019C004_250528_152715_h1EI5","COOKE S4 753","753","40","T 2 3/10","3.058","4.1","-0.4","ARRI ALEXA 35"
"15:31:38:21","A_0019C004_250528_152715_h1EI5","COOKE S4 753","753","40","T 2 3/10","3.058","4.1","-0.4","ARRI ALEXA 35"
"15:31:38:22","A_0019C004_250528_152715_h1EI5","COOKE S4 753","753","40","T 2 3/10","3.058","4.1","-0.4","ARRI ALEXA 35"
"15:31:38:23","A_0019C004_250528_152715_h1EI5","COOKE S4 753","753","40","T 2 3/10","3.058","4.1","-0.4","ARRI ALEXA 35"
"15:31:39:00","A_0019C004_250528_152715_h1EI5","COOKE S4 753","753","40","T 2 3/10","3.058","4.1","-0.4","ARRI ALEXA 35"
"15:31:39:01","A_0019C004_250528_152715_h1EI5","COOKE S4 753","753","40","T 2 3/10","3.058","4.1","-0.4","ARRI ALEXA 35"
"15:31:39:02","A_0019C004_250528_152715_h1EI5","COOKE S4 753","753","40","T 2 3/10","3.054","4.1","-0.4","ARRI ALEXA 35"
"15:31:39:03","A_0019C004_250528_152715_h1EI5","COOKE S4 753","753","40","T 2 3/10","3.054","4.1","-0.4","ARRI ALEXA 35"
"15:31:39:04","A_0019C004_250528_152715_h1EI5","COOKE S4 753","753","40","T 2 3/10","3.054","4.1","-0.4","ARRI ALEXA 35"
"15:31:39:05","A_0019C004_250528_152715_h1EI5","COOKE S4 753","753","40","T 2 3/10","3.054","4.1","-0.4","ARRI ALEXA 35"
"15:31:39:06","A_0019C004_250528_152715_h1EI5","COOKE S4 753","753","40","T 2 3/10","3.054","4.1","-0.4","ARRI ALEXA 35"
"15:31:39:07","A_0019C004_250528_152715_h1EI5","COOKE S4 753","753","40","T 2 3/10","3.054","4.1","-0.4","ARRI ALEXA 35"
"15:31:39:08","A_0019C004_250528_152715_h1EI5","COOKE S4 753","753","40","T 2 3/10","3.054","4.1","-0.4","ARRI ALEXA 35"
"15:31:39:09","A_0019C004_250528_152715_h1EI5","COOKE S4 753","753","40","T 2 3/10","3.054","4.1","-0.4","ARRI ALEXA 35"
"15:31:39:10","A_0019C004_250528_152715_h1EI5","COOKE S4 753","753","40","T 2 3/10","3.054","4.1","-0.4","ARRI ALEXA 35"
"15:31:39:11","A_0019C004_250528_152715_h1EI5","COOKE S4 753","753","40","T 2 3/10","3.054","4.1","-0.4","ARRI ALEXA 35"
"15:31:39:12","A_0019C004_250528_152715_h1EI5","COOKE S4 753","753","40","T 2 3/10","3.054","4.1","-0.4","ARRI ALEXA 35"
"15:31:39:13","A_0019C004_250528_152715_h1EI5","COOKE S4 753","753","40","T 2 3/10","3.054","4.1","-0.2","ARRI ALEXA 35"
"15:31:39:14","A_0019C004_250528_152715_h1EI5","COOKE S4 753","753","40","T 2 3/10","3.054","4.1","-0.2","ARRI ALEXA 35"
"15:31:39:15","A_0019C004_250528_152715_h1EI5","COOKE S4 753","753","40","T 2 3/10","3.054","4.1","-0.2","ARRI ALEXA 35"
"15:31:39:16","A_0019C004_250528_152715_h1EI5","COOKE S4 753","753","40","T 2 3/10","3.054","4.1","-0.2","ARRI ALEXA 35"
"15:31:39:17","A_0019C004_250528_152715_h1EI5","COOKE S4 753","753","40","T 2 3/10","3.054","4.1","-0.2","ARRI ALEXA 35"
"15:31:39:18","A_0019C004_250528_152715_h1EI5","COOKE S4 753","753","40","T 2 3/10","3.054","4.1","-0.2","ARRI ALEXA 35"
"15:31:39:19","A_0019C004_250528_152715_h1EI5","COOKE S4 753","753","40","T 2 3/10","3.054","4.1","-0.2","ARRI ALEXA 35"
"15:31:39:20","A_0019C004_250528_152715_h1EI5","COOKE S4 753","753","40","T 2 3/10","3.054","4.1","-0.2","ARRI ALEXA 35"
"15:31:39:21","A_0019C004_250528_152715_h1EI5","COOKE S4 753","753","40","T 2 3/10","3.054","4.1","-0.2","ARRI ALEXA 35"
"15:31:39:22","A_0019C004_250528_152715_h1EI5","COOKE S4 753","753","40","T 2 3/10","3.054","4.1","-0.2","ARRI ALEXA 35"
"15:31:39:23","A_0019C004_250528_152715_h1EI5","COOKE S4 753","753","40","T 2 3/10","3.054","4.1","-0.2","ARRI ALEXA 35"
"15:31:40:00","A_0019C004_250528_152715_h1EI5","COOKE S4 753","753","40","T 2 3/10","3.054","4.1","-0.2","ARRI ALEXA 35"
"15:31:40:01","A_0019C004_250528_152715_h1EI5","COOKE S4 753","753","40","T 2 3/10","3.054","4.1","-0.2","ARRI ALEXA 35"
"15:31:40:02","A_0019C004_250528_152715_h1EI5","COOKE S4 753","753","40","T 2 3/10","3.054","4.1","-0.2","ARRI ALEXA 35"
"15:31:40:03","A_0019C004_250528_152715_h1EI5","COOKE S4 753","753","40","T 2 3/10","3.054","4.1","-0.2","ARRI ALEXA 35"
"15:31:40:04","A_0019C004_250528_152715_h1EI5","COOKE S4 753","753","40","T 2 3/10","3.054","4.1","-0.2","ARRI ALEXA 35"
"15:31:40:05","A_0019C004_250528_152715_h1EI5","COOKE S4 753","753","40","T 2 3/10","3.054","4.1","-0.2","ARRI ALEXA 35"
"15:31:40:06","A_0019C004_250528_152715_h1EI5","COOKE S4 753","753","40","T 2 3/10","3.054","4.1","-0.2","ARRI ALEXA 35"
"15:31:40:07","A_0019C004_250528_152715_h1EI5","COOKE S4 753","753","40","T 2 3/10","3.054","4.1","-0.2","ARRI ALEXA 35"
"15:31:40:08","A_0019C004_250528_152715_h1EI5","COOKE S4 753","753","40","T 2 3/10","3.061","4.1","-0.2","ARRI ALEXA 35"
"15:31:40:09","A_0019C004_250528_152715_h1EI5","COOKE S4 753","753","40","T 2 3/10","3.061","4.1","-0.2","ARRI ALEXA 35"
"15:31:40:10","A_0019C004_250528_152715_h1EI5","COOKE S4 753","753","40","T 2 3/10","3.064","4.1","-0.2","ARRI ALEXA 35"
"15:31:40:11","A_0019C004_250528_152715_h1EI5","COOKE S4 753","753","40","T 2 3/10","3.064","4.1","-0.2","ARRI ALEXA 35"
"15:31:40:12","A_0019C004_250528_152715_h1EI5","COOKE S4 753","753","40","T 2 3/10","3.064","4.1","-0.3","ARRI ALEXA 35"
"15:31:40:13","A_0019C004_250528_152715_h1EI5","COOKE S4 753","753","40","T 2 3/10","3.064","4.1","-0.3","ARRI ALEXA 35"
"15:31:40:14","A_0019C004_250528_152715_h1EI5","COOKE S4 753","753","40","T 2 3/10","3.064","4.1","-0.3","ARRI ALEXA 35"
"15:31:40:15","A_0019C004_250528_152715_h1EI5","COOKE S4 753","753","40","T 2 3/10","3.064","4.1","-0.3","ARRI ALEXA 35"
"15:31:40:16","A_0019C004_250528_152715_h1EI5","COOKE S4 753","753","40","T 2 3/10","3.064","4.1","-0.3","ARRI ALEXA 35"
"15:31:40:17","A_0019C004_250528_152715_h1EI5","COOKE S4 753","753","40","T 2 3/10","3.064","4.1","-0.3","ARRI ALEXA 35"
"15:31:40:18","A_0019C004_250528_152715_h1EI5","COOKE S4 753","753","40","T 2 3/10","3.064","4.1","-0.3","ARRI ALEXA 35"
"15:31:40:19","A_0019C004_250528_152715_h1EI5","COOKE S4 753","753","40","T 2 3/10","3.064","4.1","-0.3","ARRI ALEXA 35"
"15:31:40:20","A_0019C004_250528_152715_h1EI5","COOKE S4 753","753","40","T 2 3/10","3.064","4.1","-0.3","ARRI ALEXA 35"
"15:31:40:21","A_0019C004_250528_152715_h1EI5","COOKE S4 753","753","40","T 2 3/10","3.064","4.1","-0.3","ARRI ALEXA 35"
"15:31:40:22","A_0019C004_250528_152715_h1EI5","COOKE S4 753","753","40","T 2 3/10","3.064","4.1","-0.3","ARRI ALEXA 35"
"15:31:40:23","A_0019C004_250528_152715_h1EI5","COOKE S4 753","753","40","T 2 3/10","3.064","4.1","-0.3","ARRI ALEXA 35"
"15:31:41:00","A_0019C004_250528_152715_h1EI5","COOKE S4 753","753","40","T 2 3/10","3.064","4.1","-0.3","ARRI ALEXA 35"
"15:31:41:01","A_0019C004_250528_152715_h1EI5","COOKE S4 753","753","40","T 2 3/10","3.064","4.1","-0.3","ARRI ALEXA 35"
"15:31:41:02","A_0019C004_250528_152715_h1EI5","COOKE S4 753","753","40","T 2 3/10","3.064","4.1","-0.3","ARRI ALEXA 35"
"15:31:41:03","A_0019C004_250528_152715_h1EI5","COOKE S4 753","753","40","T 2 3/10","3.064","4.1","-0.3","ARRI ALEXA 35"
"15:31:41:04","A_0019C004_250528_152715_h1EI5","COOKE S4 753","753","40","T 2 3/10","3.064","4.1","-0.3","ARRI ALEXA 35"
"15:31:41:05","A_0019C004_250528_152715_h1EI5","COOKE S4 753","753","40","T 2 3/10","3.064","4.1","-0.3","ARRI ALEXA 35"
"15:31:41:06","A_0019C004_250528_152715_h1EI5","COOKE S4 753","753","40","T 2 3/10","3.064","4.1","-0.3","ARRI ALEXA 35"
"15:31:41:07","A_0019C004_250528_152715_h1EI5","COOKE S4 753","753","40","T 2 3/10","3.077","4.1","-0.3","ARRI ALEXA 35"
"15:31:41:08","A_0019C004_250528_152715_h1EI5","COOKE S4 753","753","40","T 2 3/10","3.081","4.1","-0.3","ARRI ALEXA 35"
"15:31:41:09","A_0019C004_250528_152715_h1EI5","COOKE S4 753","753","40","T 2 3/10","3.081","4.1","-0.3","ARRI ALEXA 35"
"15:31:41:10","A_0019C004_250528_152715_h1EI5","COOKE S4 753","753","40","T 2 3/10","3.084","4.1","-0.3","ARRI ALEXA 35"
"15:31:41:11","A_0019C004_250528_152715_h1EI5","COOKE S4 753","753","40","T 2 3/10","3.087","4.1","-0.3","ARRI ALEXA 35"
"15:31:41:12","A_0019C004_250528_152715_h1EI5","COOKE S4 753","753","40","T 2 3/10","3.087","4.1","-0.3","ARRI ALEXA 35"
"15:31:41:13","A_0019C004_250528_152715_h1EI5","COOKE S4 753","753","40","T 2 3/10","3.087","4.1","-0.3","ARRI ALEXA 35"
"15:31:41:14","A_0019C004_250528_152715_h1EI5","COOKE S4 753","753","40","T 2 3/10","3.087","4.1","-0.3","ARRI ALEXA 35"
"15:31:41:15","A_0019C004_250528_152715_h1EI5","COOKE S4 753","753","40","T 2 3/10","3.087","4.1","-0.3","ARRI ALEXA 35"
"15:31:41:16","A_0019C004_250528_152715_h1EI5","COOKE S4 753","753","40","T 2 3/10","3.087","4.1","-0.3","ARRI ALEXA 35"
"15:31:41:17","A_0019C004_250528_152715_h1EI5","COOKE S4 753","753","40","T 2 3/10","3.087","4.1","-0.3","ARRI ALEXA 35"
"15:31:41:18","A_0019C004_250528_152715_h1EI5","COOKE S4 753","753","40","T 2 3/10","3.087","4.1","-0.3","ARRI ALEXA 35"
"15:31:41:19","A_0019C004_250528_152715_h1EI5","COOKE S4 753","753","40","T 2 3/10","3.087","4.1","-0.1","ARRI ALEXA 35"
"15:31:41:20","A_0019C004_250528_152715_h1EI5","COOKE S4 753","753","40","T 2 3/10","3.087","4.1","-0.1","ARRI ALEXA 35"
"15:31:41:21","A_0019C004_250528_152715_h1EI5","COOKE S4 753","753","40","T 2 3/10","3.087","4.1","-0.1","ARRI ALEXA 35"
"15:31:41:22","A_0019C004_250528_152715_h1EI5","COOKE S4 753","753","40","T 2 3/10","3.087","4.1","-0.1","ARRI ALEXA 35"
"15:31:41:23","A_0019C004_250528_152715_h1EI5","COOKE S4 753","753","40","T 2 3/10","3.087","4.1","-0.1","ARRI ALEXA 35"
"15:31:42:00","A_0019C004_250528_152715_h1EI5","COOKE S4 753","753","40","T 2 3/10","3.091","4.1","-0.1","ARRI ALEXA 35"
"15:31:42:01","A_0019C004_250528_152715_h1EI5","COOKE S4 753","753","40","T 2 3/10","3.097","4.1","-0.1","ARRI ALEXA 35"
"15:31:42:02","A_0019C004_250528_152715_h1EI5","COOKE S4 753","753","40","T 2 3/10","3.097","4.1","-0.1","ARRI ALEXA 35"
"15:31:42:03","A_0019C004_250528_152715_h1EI5","COOKE S4 753","753","40","T 2 3/10","3.097","4.1","-0.3","ARRI ALEXA 35"
"15:31:42:04","A_0019C004_250528_152715_h1EI5","COOKE S4 753","753","40","T 2 3/10","3.1","4.1","-0.3","ARRI ALEXA 35"
"15:31:42:05","A_0019C004_250528_152715_h1EI5","COOKE S4 753","753","40","T 2 3/10","3.1","4.1","-0.3","ARRI ALEXA 35"
"15:31:42:06","A_0019C004_250528_152715_h1EI5","COOKE S4 753","753","40","T 2 3/10","3.1","4.1","-0.3","ARRI ALEXA 35"
"15:31:42:07","A_0019C004_250528_152715_h1EI5","COOKE S4 753","753","40","T 2 3/10","3.1","4.1","-0.3","ARRI ALEXA 35"
"15:31:42:08","A_0019C004_250528_152715_h1EI5","COOKE S4 753","753","40","T 2 3/10","3.1","4.1","-0.3","ARRI ALEXA 35"
"15:31:42:09","A_0019C004_250528_152715_h1EI5","COOKE S4 753","753","40","T 2 3/10","3.1","4.1","-0.5","ARRI ALEXA 35"
"15:31:42:10","A_0019C004_250528_152715_h1EI5","COOKE S4 753","753","40","T 2 3/10","3.1","4.1","-0.5","ARRI ALEXA 35"
"15:31:42:11","A_0019C004_250528_152715_h1EI5","COOKE S4 753","753","40","T 2 3/10","3.1","4.1","-0.5","ARRI ALEXA 35"
"15:31:42:12","A_0019C004_250528_152715_h1EI5","COOKE S4 753","753","40","T 2 3/10","3.1","4.1","-0.5","ARRI ALEXA 35"
"15:31:42:13","A_0019C004_250528_152715_h1EI5","COOKE S4 753","753","40","T 2 3/10","3.1","4.1","-0.5","ARRI ALEXA 35"
"15:31:42:14","A_0019C004_250528_152715_h1EI5","COOKE S4 753","753","40","T 2 3/10","3.1","4.1","-0.5","ARRI ALEXA 35"
"15:31:42:15","A_0019C004_250528_152715_h1EI5","COOKE S4 753","753","40","T 2 3/10","3.1","4.1","-0.5","ARRI ALEXA 35"
"15:31:42:16","A_0019C004_250528_152715_h1EI5","COOKE S4 753","753","40","T 2 3/10","3.1","4.1","-0.5","ARRI ALEXA 35"
"15:31:42:17","A_0019C004_250528_152715_h1EI5","COOKE S4 753","753","40","T 2 3/10","3.1","3.9","-0.5","ARRI ALEXA 35"
"15:31:42:18","A_0019C004_250528_152715_h1EI5","COOKE S4 753","753","40","T 2 3/10","3.1","3.7","-0.5","ARRI ALEXA 35"
"15:31:42:19","A_0019C004_250528_152715_h1EI5","COOKE S4 753","753","40","T 2 3/10","3.1","3.7","-0.5","ARRI ALEXA 35"
"15:31:42:20","A_0019C004_250528_152715_h1EI5","COOKE S4 753","753","40","T 2 3/10","3.1","3.5","-0.5","ARRI ALEXA 35"
"15:31:42:21","A_0019C004_250528_152715_h1EI5","COOKE S4 753","753","40","T 2 3/10","3.1","3.5","-0.5","ARRI ALEXA 35"
"15:31:42:22","A_0019C004_250528_152715_h1EI5","COOKE S4 753","753","40","T 2 3/10","3.1","3.2","-0.5","ARRI ALEXA 35"
"15:31:42:23","A_0019C004_250528_152715_h1EI5","COOKE S4 753","753","40","T 2 3/10","3.1","3.2","-0.5","ARRI ALEXA 35"
"15:31:43:00","A_0019C004_250528_152715_h1EI5","COOKE S4 753","753","40","T 2 3/10","3.1","3.2","-0.3","ARRI ALEXA 35"
"15:31:43:01","A_0019C004_250528_152715_h1EI5","COOKE S4 753","753","40","T 2 3/10","3.1","3.2","-0.3","ARRI ALEXA 35"
"15:31:43:02","A_0019C004_250528_152715_h1EI5","COOKE S4 753","753","40","T 2 3/10","3.097","2.9","-0.3","ARRI ALEXA 35"
"15:31:43:03","A_0019C004_250528_152715_h1EI5","COOKE S4 753","753","40","T 2 3/10","3.097","2.9","-0.3","ARRI ALEXA 35"
"15:31:43:04","A_0019C004_250528_152715_h1EI5","COOKE S4 753","753","40","T 2 3/10","3.097","2.9","-0.3","ARRI ALEXA 35"
"15:31:43:05","A_0019C004_250528_152715_h1EI5","COOKE S4 753","753","40","T 2 3/10","3.097","2.9","-0.3","ARRI ALEXA 35"
"15:31:43:06","A_0019C004_250528_152715_h1EI5","COOKE S4 753","753","40","T 2 3/10","3.097","2.9","-0.3","ARRI ALEXA 35"
"15:31:43:07","A_0019C004_250528_152715_h1EI5","COOKE S4 753","753","40","T 2 3/10","3.097","2.7","-0.3","ARRI ALEXA 35"
"15:31:43:08","A_0019C004_250528_152715_h1EI5","COOKE S4 753","753","40","T 2 3/10","3.097","2.7","-0.3","ARRI ALEXA 35"
"15:31:43:09","A_0019C004_250528_152715_h1EI5","COOKE S4 753","753","40","T 2 3/10","3.097","2.7","-0.3","ARRI ALEXA 35"
"15:31:43:10","A_0019C004_250528_152715_h1EI5","COOKE S4 753","753","40","T 2 3/10","3.097","2.7","-0.3","ARRI ALEXA 35"
"15:31:43:11","A_0019C004_250528_152715_h1EI5","COOKE S4 753","753","40","T 2 3/10","3.097","2.7","-0.3","ARRI ALEXA 35"
"15:31:43:12","A_0019C004_250528_152715_h1EI5","COOKE S4 753","753","40","T 2 3/10","3.097","2.7","-0.3","ARRI ALEXA 35"
"15:31:43:13","A_0019C004_250528_152715_h1EI5","COOKE S4 753","753","40","T 2 3/10","3.097","2.7","-0.3","ARRI ALEXA 35"
"15:31:43:14","A_0019C004_250528_152715_h1EI5","COOKE S4 753","753","40","T 2 3/10","3.097","2.5","-0.3","ARRI ALEXA 35"
"15:31:43:15","A_0019C004_250528_152715_h1EI5","COOKE S4 753","753","40","T 2 3/10","3.097","2.5","-0.3","ARRI ALEXA 35"
"15:31:43:16","A_0019C004_250528_152715_h1EI5","COOKE S4 753","753","40","T 2 3/10","3.097","2.5","-0.3","ARRI ALEXA 35"
"15:31:43:17","A_0019C004_250528_152715_h1EI5","COOKE S4 753","753","40","T 2 3/10","3.097","2.5","-0.3","ARRI ALEXA 35"
"15:31:43:18","A_0019C004_250528_152715_h1EI5","COOKE S4 753","753","40","T 2 3/10","3.097","2.5","-0.3","ARRI ALEXA 35"
"15:31:43:19","A_0019C004_250528_152715_h1EI5","COOKE S4 753","753","40","T 2 3/10","3.097","2.5","-0.3","ARRI ALEXA 35"
"15:31:43:20","A_0019C004_250528_152715_h1EI5","COOKE S4 753","753","40","T 2 3/10","3.097","2.5","-0.4","ARRI ALEXA 35"
"15:31:43:21","A_0019C004_250528_152715_h1EI5","COOKE S4 753","753","40","T 2 3/10","3.097","2.5","-0.5","ARRI ALEXA 35"
"15:31:43:22","A_0019C004_250528_152715_h1EI5","COOKE S4 753","753","40","T 2 3/10","3.097","2.5","-0.5","ARRI ALEXA 35"
"15:31:43:23","A_0019C004_250528_152715_h1EI5","COOKE S4 753","753","40","T 2 3/10","3.097","2.5","-0.5","ARRI ALEXA 35"
"15:31:44:00","A_0019C004_250528_152715_h1EI5","COOKE S4 753","753","40","T 2 3/10","3.097","2.5","-0.5","ARRI ALEXA 35"
"15:31:44:01","A_0019C004_250528_152715_h1EI5","COOKE S4 753","753","40","T 2 3/10","3.097","2.5","-0.5","ARRI ALEXA 35"
"15:31:44:02","A_0019C004_250528_152715_h1EI5","COOKE S4 753","753","40","T 2 3/10","3.097","2.5","-0.5","ARRI ALEXA 35"
"15:31:44:03","A_0019C004_250528_152715_h1EI5","COOKE S4 753","753","40","T 2 3/10","3.097","2.5","-0.5","ARRI ALEXA 35"
"15:31:44:04","A_0019C004_250528_152715_h1EI5","COOKE S4 753","753","40","T 2 3/10","3.097","2.5","-0.5","ARRI ALEXA 35"
"15:31:44:05","A_0019C004_250528_152715_h1EI5","COOKE S4 753","753","40","T 2 3/10","3.097","2.5","-0.3","ARRI ALEXA 35"
"15:31:44:06","A_0019C004_250528_152715_h1EI5","COOKE S4 753","753","40","T 2 3/10","3.097","2.5","-0.3","ARRI ALEXA 35"
"15:31:44:07","A_0019C004_250528_152715_h1EI5","COOKE S4 753","753","40","T 2 3/10","3.097","2.5","-0.3","ARRI ALEXA 35"
"15:31:44:08","A_0019C004_250528_152715_h1EI5","COOKE S4 753","753","40","T 2 3/10","3.097","2.5","-0.3","ARRI ALEXA 35"
"15:31:44:09","A_0019C004_250528_152715_h1EI5","COOKE S4 753","753","40","T 2 3/10","3.097","2.5","-0.3","ARRI ALEXA 35"
"15:31:44:10","A_0019C004_250528_152715_h1EI5","COOKE S4 753","753","40","T 2 3/10","3.097","2.5","-0.3","ARRI ALEXA 35"
"15:31:44:11","A_0019C004_250528_152715_h1EI5","COOKE S4 753","753","40","T 2 3/10","3.097","2.5","-0.3","ARRI ALEXA 35"
"15:31:44:12","A_0019C004_250528_152715_h1EI5","COOKE S4 753","753","40","T 2 3/10","3.097","2.5","-0.3","ARRI ALEXA 35"
"15:31:44:13","A_0019C004_250528_152715_h1EI5","COOKE S4 753","753","40","T 2 3/10","3.097","2.5","-0.3","ARRI ALEXA 35"
"15:31:44:14","A_0019C004_250528_152715_h1EI5","COOKE S4 753","753","40","T 2 3/10","3.097","2.5","-0.3","ARRI ALEXA 35"
"15:31:44:15","A_0019C004_250528_152715_h1EI5","COOKE S4 753","753","40","T 2 3/10","3.097","2.5","-0.3","ARRI ALEXA 35"
"15:31:44:16","A_0019C004_250528_152715_h1EI5","COOKE S4 753","753","40","T 2 3/10","3.097","2.5","-0.3","ARRI ALEXA 35"
"15:31:44:17","A_0019C004_250528_152715_h1EI5","COOKE S4 753","753","40","T 2 3/10","3.097","2.5","-0.3","ARRI ALEXA 35"
"15:31:44:18","A_0019C004_250528_152715_h1EI5","COOKE S4 753","753","40","T 2 3/10","3.097","2.5","-0.3","ARRI ALEXA 35"
"15:31:44:19","A_0019C004_250528_152715_h1EI5","COOKE S4 753","753","40","T 2 3/10","3.097","2.5","-0.3","ARRI ALEXA 35"
"15:31:44:20","A_0019C004_250528_152715_h1EI5","COOKE S4 753","753","40","T 2 3/10","3.097","2.5","-0.3","ARRI ALEXA 35"
"15:31:44:21","A_0019C004_250528_152715_h1EI5","COOKE S4 753","753","40","T 2 3/10","3.097","2.5","-0.3","ARRI ALEXA 35"
"15:31:44:22","A_0019C004_250528_152715_h1EI5","COOKE S4 753","753","40","T 2 3/10","3.097","2.5","-0.3","ARRI ALEXA 35"
"15:31:44:23","A_0019C004_250528_152715_h1EI5","COOKE S4 753","753","40","T 2 3/10","3.097","2.5","-0.3","ARRI ALEXA 35"
"15:31:45:00","A_0019C004_250528_152715_h1EI5","COOKE S4 753","753","40","T 2 3/10","3.097","2.5","-0.3","ARRI ALEXA 35"
"15:31:45:01","A_0019C004_250528_152715_h1EI5","COOKE S4 753","753","40","T 2 3/10","3.097","2.5","-0.3","ARRI ALEXA 35"
"15:31:45:02","A_0019C004_250528_152715_h1EI5","COOKE S4 753","753","40","T 2 3/10","3.097","2.5","-0.3","ARRI ALEXA 35"
"15:31:45:03","A_0019C004_250528_152715_h1EI5","COOKE S4 753","753","40","T 2 3/10","3.097","2.6","-0.3","ARRI ALEXA 35"
"15:31:45:04","A_0019C004_250528_152715_h1EI5","COOKE S4 753","753","40","T 2 3/10","3.097","2.6","-0.3","ARRI ALEXA 35"
"15:31:45:05","A_0019C004_250528_152715_h1EI5","COOKE S4 753","753","40","T 2 3/10","3.097","2.6","-0.3","ARRI ALEXA 35"
"15:31:45:06","A_0019C004_250528_152715_h1EI5","COOKE S4 753","753","40","T 2 3/10","3.097","2.6","-0.3","ARRI ALEXA 35"
"15:31:45:07","A_0019C004_250528_152715_h1EI5","COOKE S4 753","753","40","T 2 3/10","3.097","2.7","-0.3","ARRI ALEXA 35"
"15:31:45:08","A_0019C004_250528_152715_h1EI5","COOKE S4 753","753","40","T 2 3/10","3.097","2.7","-0.3","ARRI ALEXA 35"
"15:31:45:09","A_0019C004_250528_152715_h1EI5","COOKE S4 753","753","40","T 2 3/10","3.097","2.7","-0.3","ARRI ALEXA 35"
"15:31:45:10","A_0019C004_250528_152715_h1EI5","COOKE S4 753","753","40","T 2 3/10","3.097","2.8","-0.3","ARRI ALEXA 35"
"15:31:45:11","A_0019C004_250528_152715_h1EI5","COOKE S4 753","753","40","T 2 3/10","3.097","2.8","-0.3","ARRI ALEXA 35"
"15:31:45:12","A_0019C004_250528_152715_h1EI5","COOKE S4 753","753","40","T 2 3/10","3.097","2.8","-0.3","ARRI ALEXA 35"
"15:31:45:13","A_0019C004_250528_152715_h1EI5","COOKE S4 753","753","40","T 2 3/10","3.097","2.8","-0.3","ARRI ALEXA 35"
"15:31:45:14","A_0019C004_250528_152715_h1EI5","COOKE S4 753","753","40","T 2 3/10","3.097","2.8","-0.3","ARRI ALEXA 35"
"15:31:45:15","A_0019C004_250528_152715_h1EI5","COOKE S4 753","753","40","T 2 3/10","3.097","2.8","-0.3","ARRI ALEXA 35"
"15:31:45:16","A_0019C004_250528_152715_h1EI5","COOKE S4 753","753","40","T 2 3/10","3.097","2.8","-0.3","ARRI ALEXA 35"
"15:31:45:17","A_0019C004_250528_152715_h1EI5","COOKE S4 753","753","40","T 2 3/10","3.097","2.9","-0.3","ARRI ALEXA 35"
"15:31:45:18","A_0019C004_250528_152715_h1EI5","COOKE S4 753","753","40","T 2 3/10","3.097","2.9","-0.3","ARRI ALEXA 35"
"15:31:45:19","A_0019C004_250528_152715_h1EI5","COOKE S4 753","753","40","T 2 3/10","3.097","2.9","-0.3","ARRI ALEXA 35"
"15:31:45:20","A_0019C004_250528_152715_h1EI5","COOKE S4 753","753","40","T 2 3/10","3.097","2.9","-0.3","ARRI ALEXA 35"
"15:31:45:21","A_0019C004_250528_152715_h1EI5","COOKE S4 753","753","40","T 2 3/10","3.094","2.9","-0.3","ARRI ALEXA 35"
"15:31:45:22","A_0019C004_250528_152715_h1EI5","COOKE S4 753","753","40","T 2 3/10","3.094","2.9","-0.3","ARRI ALEXA 35"
"15:31:45:23","A_0019C004_250528_152715_h1EI5","COOKE S4 753","753","40","T 2 3/10","3.094","2.9","-0.3","ARRI ALEXA 35"
"15:31:46:00","A_0019C004_250528_152715_h1EI5","COOKE S4 753","753","40","T 2 3/10","3.094","2.9","-0.3","ARRI ALEXA 35"
"15:31:46:01","A_0019C004_250528_152715_h1EI5","COOKE S4 753","753","40","T 2 3/10","3.094","2.9","-0.3","ARRI ALEXA 35"
"15:31:46:02","A_0019C004_250528_152715_h1EI5","COOKE S4 753","753","40","T 2 3/10","3.094","2.9","-0.3","ARRI ALEXA 35"
"15:31:46:03","A_0019C004_250528_152715_h1EI5","COOKE S4 753","753","40","T 2 3/10","3.094","2.9","-0.3","ARRI ALEXA 35"
"15:31:46:04","A_0019C004_250528_152715_h1EI5","COOKE S4 753","753","40","T 2 3/10","3.094","2.9","-0.3","ARRI ALEXA 35"
"15:31:46:05","A_0019C004_250528_152715_h1EI5","COOKE S4 753","753","40","T 2 3/10","3.094","3","-0.3","ARRI ALEXA 35"
"15:31:46:06","A_0019C004_250528_152715_h1EI5","COOKE S4 753","753","40","T 2 3/10","3.094","3","-0.3","ARRI ALEXA 35"
"15:31:46:07","A_0019C004_250528_152715_h1EI5","COOKE S4 753","753","40","T 2 3/10","3.094","3","-0.3","ARRI ALEXA 35"
"15:31:46:08","A_0019C004_250528_152715_h1EI5","COOKE S4 753","753","40","T 2 3/10","3.094","3","-0.3","ARRI ALEXA 35"
"15:31:46:09","A_0019C004_250528_152715_h1EI5","COOKE S4 753","753","40","T 2 3/10","3.094","3.1","-0.3","ARRI ALEXA 35"
"15:31:46:10","A_0019C004_250528_152715_h1EI5","COOKE S4 753","753","40","T 2 3/10","3.094","3.1","-0.3","ARRI ALEXA 35"
"15:31:46:11","A_0019C004_250528_152715_h1EI5","COOKE S4 753","753","40","T 2 3/10","3.094","3.1","-0.3","ARRI ALEXA 35"
"15:31:46:12","A_0019C004_250528_152715_h1EI5","COOKE S4 753","753","40","T 2 3/10","3.094","3.1","-0.3","ARRI ALEXA 35"
"15:31:46:13","A_0019C004_250528_152715_h1EI5","COOKE S4 753","753","40","T 2 3/10","3.094","3.1","-0.3","ARRI ALEXA 35"
"15:31:46:14","A_0019C004_250528_152715_h1EI5","COOKE S4 753","753","40","T 2 3/10","3.094","3.1","-0.3","ARRI ALEXA 35"
"15:31:46:15","A_0019C004_250528_152715_h1EI5","COOKE S4 753","753","40","T 2 3/10","3.094","3.1","-0.3","ARRI ALEXA 35"
"15:31:46:16","A_0019C004_250528_152715_h1EI5","COOKE S4 753","753","40","T 2 3/10","3.094","3.1","-0.3","ARRI ALEXA 35"
"15:31:46:17","A_0019C004_250528_152715_h1EI5","COOKE S4 753","753","40","T 2 3/10","3.094","3.2","-0.3","ARRI ALEXA 35"
"15:31:46:18","A_0019C004_250528_152715_h1EI5","COOKE S4 753","753","40","T 2 3/10","3.094","3.2","-0.3","ARRI ALEXA 35"
"15:31:46:19","A_0019C004_250528_152715_h1EI5","COOKE S4 753","753","40","T 2 3/10","3.094","3.4","-0.3","ARRI ALEXA 35"
"15:31:46:20","A_0019C004_250528_152715_h1EI5","COOKE S4 753","753","40","T 2 3/10","3.094","3.4","-0.3","ARRI ALEXA 35"
"15:31:46:21","A_0019C004_250528_152715_h1EI5","COOKE S4 753","753","40","T 2 3/10","3.094","3.4","-0.3","ARRI ALEXA 35"
"15:31:46:22","A_0019C004_250528_152715_h1EI5","COOKE S4 753","753","40","T 2 3/10","3.094","3.4","-0.3","ARRI ALEXA 35"
"15:31:46:23","A_0019C004_250528_152715_h1EI5","COOKE S4 753","753","40","T 2 3/10","3.094","3.4","-0.3","ARRI ALEXA 35"
"15:31:47:00","A_0019C004_250528_152715_h1EI5","COOKE S4 753","753","40","T 2 3/10","3.094","3.4","-0.3","ARRI ALEXA 35"
"15:31:47:01","A_0019C004_250528_152715_h1EI5","COOKE S4 753","753","40","T 2 3/10","3.094","3.4","-0.3","ARRI ALEXA 35"
"15:31:47:02","A_0019C004_250528_152715_h1EI5","COOKE S4 753","753","40","T 2 3/10","3.094","3.4","-0.3","ARRI ALEXA 35"
"15:31:47:03","A_0019C004_250528_152715_h1EI5","COOKE S4 753","753","40","T 2 3/10","3.094","3.4","-0.3","ARRI ALEXA 35"
"15:31:47:04","A_0019C004_250528_152715_h1EI5","COOKE S4 753","753","40","T 2 3/10","3.094","3.4","-0.3","ARRI ALEXA 35"
"15:31:47:05","A_0019C004_250528_152715_h1EI5","COOKE S4 753","753","40","T 2 3/10","3.094","3.6","-0.3","ARRI ALEXA 35"
"15:31:47:06","A_0019C004_250528_152715_h1EI5","COOKE S4 753","753","40","T 2 3/10","3.094","3.6","-0.3","ARRI ALEXA 35"
"15:31:47:07","A_0019C004_250528_152715_h1EI5","COOKE S4 753","753","40","T 2 3/10","3.094","3.7","-0.3","ARRI ALEXA 35"
"15:31:47:08","A_0019C004_250528_152715_h1EI5","COOKE S4 753","753","40","T 2 3/10","3.094","3.8","-0.3","ARRI ALEXA 35"
"15:31:47:09","A_0019C004_250528_152715_h1EI5","COOKE S4 753","753","40","T 2 3/10","3.094","3.8","-0.3","ARRI ALEXA 35"
"15:31:47:10","A_0019C004_250528_152715_h1EI5","COOKE S4 753","753","40","T 2 3/10","3.094","3.8","-0.3","ARRI ALEXA 35"
"15:31:47:11","A_0019C004_250528_152715_h1EI5","COOKE S4 753","753","40","T 2 3/10","3.094","3.8","-0.3","ARRI ALEXA 35"
"15:31:47:12","A_0019C004_250528_152715_h1EI5","COOKE S4 753","753","40","T 2 3/10","3.094","3.8","-0.3","ARRI ALEXA 35"
"15:31:47:13","A_0019C004_250528_152715_h1EI5","COOKE S4 753","753","40","T 2 3/10","3.094","3.8","-0.3","ARRI ALEXA 35"
"15:31:47:14","A_0019C004_250528_152715_h1EI5","COOKE S4 753","753","40","T 2 3/10","3.087","3.8","-0.3","ARRI ALEXA 35"
"15:31:47:15","A_0019C004_250528_152715_h1EI5","COOKE S4 753","753","40","T 2 3/10","3.084","3.8","-0.3","ARRI ALEXA 35"
"15:31:47:16","A_0019C004_250528_152715_h1EI5","COOKE S4 753","753","40","T 2 3/10","3.058","3.8","-0.3","ARRI ALEXA 35"
"15:31:47:17","A_0019C004_250528_152715_h1EI5","COOKE S4 753","753","40","T 2 3/10","3.054","3.8","-0.3","ARRI ALEXA 35"
"15:31:47:18","A_0019C004_250528_152715_h1EI5","COOKE S4 753","753","40","T 2 3/10","3.048","3.8","-0.3","ARRI ALEXA 35"
"15:31:47:19","A_0019C004_250528_152715_h1EI5","COOKE S4 753","753","40","T 2 3/10","3.038","3.8","-0.3","ARRI ALEXA 35"
"15:31:47:20","A_0019C004_250528_152715_h1EI5","COOKE S4 753","753","40","T 2 3/10","3.025","3.8","-0.3","ARRI ALEXA 35"
"15:31:47:21","A_0019C004_250528_152715_h1EI5","COOKE S4 753","753","40","T 2 3/10","3.009","3.8","-0.3","ARRI ALEXA 35"
"15:31:47:22","A_0019C004_250528_152715_h1EI5","COOKE S4 753","753","40","T 2 3/10","2.986","3.8","-0.3","ARRI ALEXA 35"
"15:31:47:23","A_0019C004_250528_152715_h1EI5","COOKE S4 753","753","40","T 2 3/10","2.972","3.8","-0.3","ARRI ALEXA 35"
"15:31:48:00","A_0019C004_250528_152715_h1EI5","COOKE S4 753","753","40","T 2 3/10","2.963","3.8","-0.3","ARRI ALEXA 35"
"15:31:48:01","A_0019C004_250528_152715_h1EI5","COOKE S4 753","753","40","T 2 3/10","2.956","3.8","-0.3","ARRI ALEXA 35"
"15:31:48:02","A_0019C004_250528_152715_h1EI5","COOKE S4 753","753","40","T 2 3/10","2.946","3.8","-0.3","ARRI ALEXA 35"
"15:31:48:03","A_0019C004_250528_152715_h1EI5","COOKE S4 753","753","40","T 2 3/10","2.936","3.8","-0.3","ARRI ALEXA 35"
"15:31:48:04","A_0019C004_250528_152715_h1EI5","COOKE S4 753","753","40","T 2 3/10","2.936","3.8","-0.3","ARRI ALEXA 35"
"15:31:48:05","A_0019C004_250528_152715_h1EI5","COOKE S4 753","753","40","T 2 3/10","2.93","3.8","-0.3","ARRI ALEXA 35"
"15:31:48:06","A_0019C004_250528_152715_h1EI5","COOKE S4 753","753","40","T 2 3/10","2.927","3.8","-0.3","ARRI ALEXA 35"
"15:31:48:07","A_0019C004_250528_152715_h1EI5","COOKE S4 753","753","40","T 2 3/10","2.923","3.8","-0.3","ARRI ALEXA 35"
"15:31:48:08","A_0019C004_250528_152715_h1EI5","COOKE S4 753","753","40","T 2 3/10","2.917","3.9","-0.3","ARRI ALEXA 35"
"15:31:48:09","A_0019C004_250528_152715_h1EI5","COOKE S4 753","753","40","T 2 3/10","2.913","3.9","-0.3","ARRI ALEXA 35"
"15:31:48:10","A_0019C004_250528_152715_h1EI5","COOKE S4 753","753","40","T 2 3/10","2.91","3.9","-0.3","ARRI ALEXA 35"
"15:31:48:11","A_0019C004_250528_152715_h1EI5","COOKE S4 753","753","40","T 2 3/10","2.907","3.9","-0.3","ARRI ALEXA 35"
"15:31:48:12","A_0019C004_250528_152715_h1EI5","COOKE S4 753","753","40","T 2 3/10","2.904","3.9","-0.3","ARRI ALEXA 35"
"15:31:48:13","A_0019C004_250528_152715_h1EI5","COOKE S4 753","753","40","T 2 3/10","2.897","3.9","-0.3","ARRI ALEXA 35"
"15:31:48:14","A_0019C004_250528_152715_h1EI5","COOKE S4 753","753","40","T 2 3/10","2.897","3.9","-0.3","ARRI ALEXA 35"
"15:31:48:15","A_0019C004_250528_152715_h1EI5","COOKE S4 753","753","40","T 2 3/10","2.894","3.9","-0.3","ARRI ALEXA 35"
"15:31:48:16","A_0019C004_250528_152715_h1EI5","COOKE S4 753","753","40","T 2 3/10","2.887","4","-0.3","ARRI ALEXA 35"
"15:31:48:17","A_0019C004_250528_152715_h1EI5","COOKE S4 753","753","40","T 2 3/10","2.887","4","-0.3","ARRI ALEXA 35"
"15:31:48:18","A_0019C004_250528_152715_h1EI5","COOKE S4 753","753","40","T 2 3/10","2.887","4","-0.3","ARRI ALEXA 35"
"15:31:48:19","A_0019C004_250528_152715_h1EI5","COOKE S4 753","753","40","T 2 3/10","2.884","4","-0.3","ARRI ALEXA 35"
"15:31:48:20","A_0019C004_250528_152715_h1EI5","COOKE S4 753","753","40","T 2 3/10","2.884","4","-0.3","ARRI ALEXA 35"
"15:31:48:21","A_0019C004_250528_152715_h1EI5","COOKE S4 753","753","40","T 2 3/10","2.884","4","-0.3","ARRI ALEXA 35"
"15:31:48:22","A_0019C004_250528_152715_h1EI5","COOKE S4 753","753","40","T 2 3/10","2.884","4","-0.3","ARRI ALEXA 35"
"15:31:48:23","A_0019C004_250528_152715_h1EI5","COOKE S4 753","753","40","T 2 3/10","2.884","4","-0.3","ARRI ALEXA 35"
"15:31:49:00","A_0019C004_250528_152715_h1EI5","COOKE S4 753","753","40","T 2 3/10","2.884","4","-0.3","ARRI ALEXA 35"
"15:31:49:01","A_0019C004_250528_152715_h1EI5","COOKE S4 753","753","40","T 2 3/10","2.884","4","-0.3","ARRI ALEXA 35"
"15:31:49:02","A_0019C004_250528_152715_h1EI5","COOKE S4 753","753","40","T 2 3/10","2.884","4","-0.3","ARRI ALEXA 35"
"15:31:49:03","A_0019C004_250528_152715_h1EI5","COOKE S4 753","753","40","T 2 3/10","2.884","4","-0.3","ARRI ALEXA 35"
"15:31:49:04","A_0019C004_250528_152715_h1EI5","COOKE S4 753","753","40","T 2 3/10","2.884","4.1","-0.3","ARRI ALEXA 35"
"15:31:49:05","A_0019C004_250528_152715_h1EI5","COOKE S4 753","753","40","T 2 3/10","2.884","4.1","-0.3","ARRI ALEXA 35"
"15:31:49:06","A_0019C004_250528_152715_h1EI5","COOKE S4 753","753","40","T 2 3/10","2.884","4.1","-0.3","ARRI ALEXA 35"
"15:31:49:07","A_0019C004_250528_152715_h1EI5","COOKE S4 753","753","40","T 2 3/10","2.884","4.1","-0.3","ARRI ALEXA 35"
"15:31:49:08","A_0019C004_250528_152715_h1EI5","COOKE S4 753","753","40","T 2 3/10","2.884","4.1","-0.3","ARRI ALEXA 35"
"15:31:49:09","A_0019C004_250528_152715_h1EI5","COOKE S4 753","753","40","T 2 3/10","2.884","4.1","-0.3","ARRI ALEXA 35"
"15:31:49:10","A_0019C004_250528_152715_h1EI5","COOKE S4 753","753","40","T 2 3/10","2.884","4.1","-0.3","ARRI ALEXA 35"
"15:31:49:11","A_0019C004_250528_152715_h1EI5","COOKE S4 753","753","40","T 2 3/10","2.884","4.1","-0.3","ARRI ALEXA 35"
"15:31:49:12","A_0019C004_250528_152715_h1EI5","COOKE S4 753","753","40","T 2 3/10","2.884","4.1","-0.3","ARRI ALEXA 35"
"15:31:49:13","A_0019C004_250528_152715_h1EI5","COOKE S4 753","753","40","T 2 3/10","2.884","4.1","-0.3","ARRI ALEXA 35"
"15:31:49:14","A_0019C004_250528_152715_h1EI5","COOKE S4 753","753","40","T 2 3/10","2.881","4.1","-0.3","ARRI ALEXA 35"
"15:31:49:15","A_0019C004_250528_152715_h1EI5","COOKE S4 753","753","40","T 2 3/10","2.881","4.1","-0.3","ARRI ALEXA 35"
"15:31:49:16","A_0019C004_250528_152715_h1EI5","COOKE S4 753","753","40","T 2 3/10","2.881","4.1","-0.3","ARRI ALEXA 35"
"15:31:49:17","A_0019C004_250528_152715_h1EI5","COOKE S4 753","753","40","T 2 3/10","2.881","4.1","-0.3","ARRI ALEXA 35"
"15:31:49:18","A_0019C004_250528_152715_h1EI5","COOKE S4 753","753","40","T 2 3/10","2.881","4.1","-0.3","ARRI ALEXA 35"
"15:31:49:19","A_0019C004_250528_152715_h1EI5","COOKE S4 753","753","40","T 2 3/10","2.881","4.1","-0.3","ARRI ALEXA 35"
"15:31:49:20","A_0019C004_250528_152715_h1EI5","COOKE S4 753","753","40","T 2 3/10","2.881","4.1","-0.3","ARRI ALEXA 35"
"15:31:49:21","A_0019C004_250528_152715_h1EI5","COOKE S4 753","753","40","T 2 3/10","2.881","4.1","-0.3","ARRI ALEXA 35"
"15:31:49:22","A_0019C004_250528_152715_h1EI5","COOKE S4 753","753","40","T 2 3/10","2.881","4.1","-0.3","ARRI ALEXA 35"
"15:31:49:23","A_0019C004_250528_152715_h1EI5","COOKE S4 753","753","40","T 2 3/10","2.881","4.1","-0.3","ARRI ALEXA 35"
"15:31:50:00","A_0019C004_250528_152715_h1EI5","COOKE S4 753","753","40","T 2 3/10","2.881","4.1","-0.3","ARRI ALEXA 35"
"15:31:50:01","A_0019C004_250528_152715_h1EI5","COOKE S4 753","753","40","T 2 3/10","2.881","4.1","-0.3","ARRI ALEXA 35"
"15:31:50:02","A_0019C004_250528_152715_h1EI5","COOKE S4 753","753","40","T 2 3/10","2.881","4.1","-0.3","ARRI ALEXA 35"
"15:31:50:03","A_0019C004_250528_152715_h1EI5","COOKE S4 753","753","40","T 2 3/10","2.881","4.1","-0.3","ARRI ALEXA 35"
"15:31:50:04","A_0019C004_250528_152715_h1EI5","COOKE S4 753","753","40","T 2 3/10","2.881","4.1","-0.3","ARRI ALEXA 35"
"15:31:50:05","A_0019C004_250528_152715_h1EI5","COOKE S4 753","753","40","T 2 3/10","2.881","4.1","-0.3","ARRI ALEXA 35"
"15:31:50:06","A_0019C004_250528_152715_h1EI5","COOKE S4 753","753","40","T 2 3/10","2.887","4.1","-0.3","ARRI ALEXA 35"
"15:31:50:07","A_0019C004_250528_152715_h1EI5","COOKE S4 753","753","40","T 2 3/10","2.897","4.1","-0.3","ARRI ALEXA 35"
"15:31:50:08","A_0019C004_250528_152715_h1EI5","COOKE S4 753","753","40","T 2 3/10","2.9","4.1","-0.3","ARRI ALEXA 35"
"15:31:50:09","A_0019C004_250528_152715_h1EI5","COOKE S4 753","753","40","T 2 3/10","2.907","4.1","-0.3","ARRI ALEXA 35"
"15:31:50:10","A_0019C004_250528_152715_h1EI5","COOKE S4 753","753","40","T 2 3/10","2.91","4.1","-0.3","ARRI ALEXA 35"
"15:31:50:11","A_0019C004_250528_152715_h1EI5","COOKE S4 753","753","40","T 2 3/10","2.91","4.1","-0.3","ARRI ALEXA 35"
"15:31:50:12","A_0019C004_250528_152715_h1EI5","COOKE S4 753","753","40","T 2 3/10","2.91","4.1","-0.3","ARRI ALEXA 35"
"15:31:50:13","A_0019C004_250528_152715_h1EI5","COOKE S4 753","753","40","T 2 3/10","2.91","4.1","-0.3","ARRI ALEXA 35"
"15:31:50:14","A_0019C004_250528_152715_h1EI5","COOKE S4 753","753","40","T 2 3/10","2.91","4.1","-0.3","ARRI ALEXA 35"
"15:31:50:15","A_0019C004_250528_152715_h1EI5","COOKE S4 753","753","40","T 2 3/10","2.91","4.1","-0.3","ARRI ALEXA 35"
"15:31:50:16","A_0019C004_250528_152715_h1EI5","COOKE S4 753","753","40","T 2 3/10","2.91","4.1","-0.3","ARRI ALEXA 35"
"15:31:50:17","A_0019C004_250528_152715_h1EI5","COOKE S4 753","753","40","T 2 3/10","2.91","4.1","-0.3","ARRI ALEXA 35"
"15:31:50:18","A_0019C004_250528_152715_h1EI5","COOKE S4 753","753","40","T 2 3/10","2.91","4.1","-0.3","ARRI ALEXA 35"
"15:31:50:19","A_0019C004_250528_152715_h1EI5","COOKE S4 753","753","40","T 2 3/10","2.91","4.1","-0.3","ARRI ALEXA 35"
"15:31:50:20","A_0019C004_250528_152715_h1EI5","COOKE S4 753","753","40","T 2 3/10","2.91","4.1","-0.3","ARRI ALEXA 35"
"15:31:50:21","A_0019C004_250528_152715_h1EI5","COOKE S4 753","753","40","T 2 3/10","2.91","4.1","-0.3","ARRI ALEXA 35"
"15:31:50:22","A_0019C004_250528_152715_h1EI5","COOKE S4 753","753","40","T 2 3/10","2.91","4.1","-0.3","ARRI ALEXA 35"
"15:31:50:23","A_0019C004_250528_152715_h1EI5","COOKE S4 753","753","40","T 2 3/10","2.91","4.1","-0.3","ARRI ALEXA 35"
"15:31:51:00","A_0019C004_250528_152715_h1EI5","COOKE S4 753","753","40","T 2 3/10","2.91","4.1","-0.3","ARRI ALEXA 35"
"15:31:51:01","A_0019C004_250528_152715_h1EI5","COOKE S4 753","753","40","T 2 3/10","2.91","4.1","-0.3","ARRI ALEXA 35"
"15:31:51:02","A_0019C004_250528_152715_h1EI5","COOKE S4 753","753","40","T 2 3/10","2.91","4.1","-0.3","ARRI ALEXA 35"
"15:31:51:03","A_0019C004_250528_152715_h1EI5","COOKE S4 753","753","40","T 2 3/10","2.91","4.1","-0.3","ARRI ALEXA 35"
"15:31:51:04","A_0019C004_250528_152715_h1EI5","COOKE S4 753","753","40","T 2 3/10","2.91","4.1","-0.3","ARRI ALEXA 35"
"15:31:51:05","A_0019C004_250528_152715_h1EI5","COOKE S4 753","753","40","T 2 3/10","2.91","4.1","-0.3","ARRI ALEXA 35"
"15:31:51:06","A_0019C004_250528_152715_h1EI5","COOKE S4 753","753","40","T 2 3/10","2.91","4.1","-0.3","ARRI ALEXA 35"
"15:31:51:07","A_0019C004_250528_152715_h1EI5","COOKE S4 753","753","40","T 2 3/10","2.917","4.1","-0.3","ARRI ALEXA 35"
"15:31:51:08","A_0019C004_250528_152715_h1EI5","COOKE S4 753","753","40","T 2 3/10","2.923","4.1","-0.3","ARRI ALEXA 35"
"15:31:51:09","A_0019C004_250528_152715_h1EI5","COOKE S4 753","753","40","T 2 3/10","2.927","4.1","-0.3","ARRI ALEXA 35"
"15:31:51:10","A_0019C004_250528_152715_h1EI5","COOKE S4 753","753","40","T 2 3/10","2.93","4.1","-0.3","ARRI ALEXA 35"
"15:31:51:11","A_0019C004_250528_152715_h1EI5","COOKE S4 753","753","40","T 2 3/10","2.93","4.1","-0.3","ARRI ALEXA 35"
"15:31:51:12","A_0019C004_250528_152715_h1EI5","COOKE S4 753","753","40","T 2 3/10","2.93","4.1","-0.3","ARRI ALEXA 35"
"15:31:51:13","A_0019C004_250528_152715_h1EI5","COOKE S4 753","753","40","T 2 3/10","2.93","4.1","-0.3","ARRI ALEXA 35"
"15:31:51:14","A_0019C004_250528_152715_h1EI5","COOKE S4 753","753","40","T 2 3/10","2.93","4.1","-0.3","ARRI ALEXA 35"
"15:31:51:15","A_0019C004_250528_152715_h1EI5","COOKE S4 753","753","40","T 2 3/10","2.93","4.1","-0.3","ARRI ALEXA 35"
"15:31:51:16","A_0019C004_250528_152715_h1EI5","COOKE S4 753","753","40","T 2 3/10","2.93","4.1","-0.3","ARRI ALEXA 35"
"15:31:51:17","A_0019C004_250528_152715_h1EI5","COOKE S4 753","753","40","T 2 3/10","2.93","4.1","-0.3","ARRI ALEXA 35"
"15:31:51:18","A_0019C004_250528_152715_h1EI5","COOKE S4 753","753","40","T 2 3/10","2.93","4.1","-0.3","ARRI ALEXA 35"
"15:31:51:19","A_0019C004_250528_152715_h1EI5","COOKE S4 753","753","40","T 2 3/10","2.93","4.1","-0.3","ARRI ALEXA 35"
"15:31:51:20","A_0019C004_250528_152715_h1EI5","COOKE S4 753","753","40","T 2 3/10","2.93","4.1","-0.3","ARRI ALEXA 35"
"15:31:51:21","A_0019C004_250528_152715_h1EI5","COOKE S4 753","753","40","T 2 3/10","2.93","4.1","-0.3","ARRI ALEXA 35"
"15:31:51:22","A_0019C004_250528_152715_h1EI5","COOKE S4 753","753","40","T 2 3/10","2.93","4.1","-0.3","ARRI ALEXA 35"
"15:31:51:23","A_0019C004_250528_152715_h1EI5","COOKE S4 753","753","40","T 2 3/10","2.93","4.1","-0.3","ARRI ALEXA 35"
"15:31:52:00","A_0019C004_250528_152715_h1EI5","COOKE S4 753","753","40","T 2 3/10","2.93","4.1","-0.3","ARRI ALEXA 35"
"15:31:52:01","A_0019C004_250528_152715_h1EI5","COOKE S4 753","753","40","T 2 3/10","2.93","4.1","-0.3","ARRI ALEXA 35"
"15:31:52:02","A_0019C004_250528_152715_h1EI5","COOKE S4 753","753","40","T 2 3/10","2.93","4.1","-0.3","ARRI ALEXA 35"
"15:31:52:03","A_0019C004_250528_152715_h1EI5","COOKE S4 753","753","40","T 2 3/10","2.93","4.1","-0.3","ARRI ALEXA 35"
"15:31:52:04","A_0019C004_250528_152715_h1EI5","COOKE S4 753","753","40","T 2 3/10","2.93","4.1","-0.3","ARRI ALEXA 35"
"15:31:52:05","A_0019C004_250528_152715_h1EI5","COOKE S4 753","753","40","T 2 3/10","2.93","4.1","-0.3","ARRI ALEXA 35"
"15:31:52:06","A_0019C004_250528_152715_h1EI5","COOKE S4 753","753","40","T 2 3/10","2.936","4.1","-0.3","ARRI ALEXA 35"
"15:31:52:07","A_0019C004_250528_152715_h1EI5","COOKE S4 753","753","40","T 2 3/10","2.94","4.1","-0.3","ARRI ALEXA 35"
"15:31:52:08","A_0019C004_250528_152715_h1EI5","COOKE S4 753","753","40","T 2 3/10","2.943","4.1","-0.3","ARRI ALEXA 35"
"15:31:52:09","A_0019C004_250528_152715_h1EI5","COOKE S4 753","753","40","T 2 3/10","2.946","4.1","-0.3","ARRI ALEXA 35"
"15:31:52:10","A_0019C004_250528_152715_h1EI5","COOKE S4 753","753","40","T 2 3/10","2.956","4.1","-0.3","ARRI ALEXA 35"
"15:31:52:11","A_0019C004_250528_152715_h1EI5","COOKE S4 753","753","40","T 2 3/10","2.972","4.1","-0.3","ARRI ALEXA 35"
"15:31:52:12","A_0019C004_250528_152715_h1EI5","COOKE S4 753","753","40","T 2 3/10","2.982","4.1","-0.3","ARRI ALEXA 35"
"15:31:52:13","A_0019C004_250528_152715_h1EI5","COOKE S4 753","753","40","T 2 3/10","3.009","4.1","-0.3","ARRI ALEXA 35"
"15:31:52:14","A_0019C004_250528_152715_h1EI5","COOKE S4 753","753","40","T 2 3/10","3.012","4.1","-0.3","ARRI ALEXA 35"
"15:31:52:15","A_0019C004_250528_152715_h1EI5","COOKE S4 753","753","40","T 2 3/10","3.025","4.1","-0.3","ARRI ALEXA 35"
"15:31:52:16","A_0019C004_250528_152715_h1EI5","COOKE S4 753","753","40","T 2 3/10","3.025","4.1","-0.3","ARRI ALEXA 35"
"15:31:52:17","A_0019C004_250528_152715_h1EI5","COOKE S4 753","753","40","T 2 3/10","3.028","4.1","-0.3","ARRI ALEXA 35"
"15:31:52:18","A_0019C004_250528_152715_h1EI5","COOKE S4 753","753","40","T 2 3/10","3.028","4.1","-0.3","ARRI ALEXA 35"
"15:31:52:19","A_0019C004_250528_152715_h1EI5","COOKE S4 753","753","40","T 2 3/10","3.028","4.1","-0.3","ARRI ALEXA 35"
"15:31:52:20","A_0019C004_250528_152715_h1EI5","COOKE S4 753","753","40","T 2 3/10","3.035","4.1","-0.3","ARRI ALEXA 35"
"15:31:52:21","A_0019C004_250528_152715_h1EI5","COOKE S4 753","753","40","T 2 3/10","3.035","4.1","-0.3","ARRI ALEXA 35"
"15:31:52:22","A_0019C004_250528_152715_h1EI5","COOKE S4 753","753","40","T 2 3/10","3.035","4.1","-0.3","ARRI ALEXA 35"
"15:31:52:23","A_0019C004_250528_152715_h1EI5","COOKE S4 753","753","40","T 2 3/10","3.035","4.1","-0.3","ARRI ALEXA 35"
"15:31:53:00","A_0019C004_250528_152715_h1EI5","COOKE S4 753","753","40","T 2 3/10","3.035","4.1","-0.3","ARRI ALEXA 35"
"15:31:53:01","A_0019C004_250528_152715_h1EI5","COOKE S4 753","753","40","T 2 3/10","3.035","4.1","-0.3","ARRI ALEXA 35"
"15:31:53:02","A_0019C004_250528_152715_h1EI5","COOKE S4 753","753","40","T 2 3/10","3.035","4.1","-0.3","ARRI ALEXA 35"
"15:31:53:03","A_0019C004_250528_152715_h1EI5","COOKE S4 753","753","40","T 2 3/10","3.035","4.1","-0.3","ARRI ALEXA 35"
"15:31:53:04","A_0019C004_250528_152715_h1EI5","COOKE S4 753","753","40","T 2 3/10","3.035","4.1","-0.3","ARRI ALEXA 35"
"15:31:53:05","A_0019C004_250528_152715_h1EI5","COOKE S4 753","753","40","T 2 3/10","3.035","4.1","-0.3","ARRI ALEXA 35"
"15:31:53:06","A_0019C004_250528_152715_h1EI5","COOKE S4 753","753","40","T 2 3/10","3.035","4.1","-0.3","ARRI ALEXA 35"
"15:31:53:07","A_0019C004_250528_152715_h1EI5","COOKE S4 753","753","40","T 2 3/10","3.038","4.1","-0.3","ARRI ALEXA 35"
"15:31:53:08","A_0019C004_250528_152715_h1EI5","COOKE S4 753","753","40","T 2 3/10","3.041","4.1","-0.3","ARRI ALEXA 35"
"15:31:53:09","A_0019C004_250528_152715_h1EI5","COOKE S4 753","753","40","T 2 3/10","3.048","4.1","-0.3","ARRI ALEXA 35"
"15:31:53:10","A_0019C004_250528_152715_h1EI5","COOKE S4 753","753","40","T 2 3/10","3.054","4.1","-0.3","ARRI ALEXA 35"
"15:31:53:11","A_0019C004_250528_152715_h1EI5","COOKE S4 753","753","40","T 2 3/10","3.054","4.1","-0.3","ARRI ALEXA 35"
"15:31:53:12","A_0019C004_250528_152715_h1EI5","COOKE S4 753","753","40","T 2 3/10","3.054","4.1","-0.3","ARRI ALEXA 35"
"15:31:53:13","A_0019C004_250528_152715_h1EI5","COOKE S4 753","753","40","T 2 3/10","3.054","4.1","-0.3","ARRI ALEXA 35"
"15:31:53:14","A_0019C004_250528_152715_h1EI5","COOKE S4 753","753","40","T 2 3/10","3.054","4.1","-0.3","ARRI ALEXA 35"
"15:31:53:15","A_0019C004_250528_152715_h1EI5","COOKE S4 753","753","40","T 2 3/10","3.054","4.1","-0.3","ARRI ALEXA 35"
"15:31:53:16","A_0019C004_250528_152715_h1EI5","COOKE S4 753","753","40","T 2 3/10","3.054","3.9","-0.3","ARRI ALEXA 35"
"15:31:53:17","A_0019C004_250528_152715_h1EI5","COOKE S4 753","753","40","T 2 3/10","3.054","3.9","-0.3","ARRI ALEXA 35"
"15:31:53:18","A_0019C004_250528_152715_h1EI5","COOKE S4 753","753","40","T 2 3/10","3.054","3.9","-0.3","ARRI ALEXA 35"
"15:31:53:19","A_0019C004_250528_152715_h1EI5","COOKE S4 753","753","40","T 2 3/10","3.054","3.9","-0.3","ARRI ALEXA 35"
"15:31:53:20","A_0019C004_250528_152715_h1EI5","COOKE S4 753","753","40","T 2 3/10","3.054","3.9","-0.3","ARRI ALEXA 35"
"15:31:53:21","A_0019C004_250528_152715_h1EI5","COOKE S4 753","753","40","T 2 3/10","3.054","3.9","-0.3","ARRI ALEXA 35"
"15:31:53:22","A_0019C004_250528_152715_h1EI5","COOKE S4 753","753","40","T 2 3/10","3.054","3.9","-0.3","ARRI ALEXA 35"
"15:31:53:23","A_0019C004_250528_152715_h1EI5","COOKE S4 753","753","40","T 2 3/10","3.054","3.9","-0.3","ARRI ALEXA 35"
"15:31:54:00","A_0019C004_250528_152715_h1EI5","COOKE S4 753","753","40","T 2 3/10","3.054","3.9","-0.3","ARRI ALEXA 35"
"15:31:54:01","A_0019C004_250528_152715_h1EI5","COOKE S4 753","753","40","T 2 3/10","3.054","3.9","-0.3","ARRI ALEXA 35"
"15:31:54:02","A_0019C004_250528_152715_h1EI5","COOKE S4 753","753","40","T 2 3/10","3.054","3.9","-0.3","ARRI ALEXA 35"
"15:31:54:03","A_0019C004_250528_152715_h1EI5","COOKE S4 753","753","40","T 2 3/10","3.054","3.9","-0.3","ARRI ALEXA 35"
"15:31:54:04","A_0019C004_250528_152715_h1EI5","COOKE S4 753","753","40","T 2 3/10","3.054","3.9","-0.3","ARRI ALEXA 35"
"15:31:54:05","A_0019C004_250528_152715_h1EI5","COOKE S4 753","753","40","T 2 3/10","3.054","3.9","-0.3","ARRI ALEXA 35"
"15:31:54:06","A_0019C004_250528_152715_h1EI5","COOKE S4 753","753","40","T 2 3/10","3.054","3.9","-0.3","ARRI ALEXA 35"
"15:31:54:07","A_0019C004_250528_152715_h1EI5","COOKE S4 753","753","40","T 2 3/10","3.054","3.9","-0.3","ARRI ALEXA 35"
"15:31:54:08","A_0019C004_250528_152715_h1EI5","COOKE S4 753","753","40","T 2 3/10","3.054","3.9","-0.3","ARRI ALEXA 35"
"15:31:54:09","A_0019C004_250528_152715_h1EI5","COOKE S4 753","753","40","T 2 3/10","3.054","3.9","-0.3","ARRI ALEXA 35"
"15:31:54:10","A_0019C004_250528_152715_h1EI5","COOKE S4 753","753","40","T 2 3/10","3.054","3.9","-0.3","ARRI ALEXA 35"
"15:31:54:11","A_0019C004_250528_152715_h1EI5","COOKE S4 753","753","40","T 2 3/10","3.054","3.9","-0.3","ARRI ALEXA 35"
"15:31:54:12","A_0019C004_250528_152715_h1EI5","COOKE S4 753","753","40","T 2 3/10","3.054","3.9","-0.3","ARRI ALEXA 35"
"15:31:54:13","A_0019C004_250528_152715_h1EI5","COOKE S4 753","753","40","T 2 3/10","3.054","3.9","-0.3","ARRI ALEXA 35"
"15:31:54:14","A_0019C004_250528_152715_h1EI5","COOKE S4 753","753","40","T 2 3/10","3.058","3.9","-0.3","ARRI ALEXA 35"
"15:31:54:15","A_0019C004_250528_152715_h1EI5","COOKE S4 753","753","40","T 2 3/10","3.058","3.9","-0.3","ARRI ALEXA 35"
"15:31:54:16","A_0019C004_250528_152715_h1EI5","COOKE S4 753","753","40","T 2 3/10","3.058","3.9","-0.3","ARRI ALEXA 35"
"15:31:54:17","A_0019C004_250528_152715_h1EI5","COOKE S4 753","753","40","T 2 3/10","3.064","3.9","-0.3","ARRI ALEXA 35"
"15:31:54:18","A_0019C004_250528_152715_h1EI5","COOKE S4 753","753","40","T 2 3/10","3.064","3.9","-0.3","ARRI ALEXA 35"
"15:31:54:19","A_0019C004_250528_152715_h1EI5","COOKE S4 753","753","40","T 2 3/10","3.064","3.9","-0.3","ARRI ALEXA 35"
"15:31:54:20","A_0019C004_250528_152715_h1EI5","COOKE S4 753","753","40","T 2 3/10","3.068","3.9","-0.3","ARRI ALEXA 35"
"15:31:54:21","A_0019C004_250528_152715_h1EI5","COOKE S4 753","753","40","T 2 3/10","3.071","3.9","-0.3","ARRI ALEXA 35"
"15:31:54:22","A_0019C004_250528_152715_h1EI5","COOKE S4 753","753","40","T 2 3/10","3.071","3.9","-0.3","ARRI ALEXA 35"
"15:31:54:23","A_0019C004_250528_152715_h1EI5","COOKE S4 753","753","40","T 2 3/10","3.071","3.9","-0.3","ARRI ALEXA 35"
"15:31:55:00","A_0019C004_250528_152715_h1EI5","COOKE S4 753","753","40","T 2 3/10","3.071","3.9","-0.3","ARRI ALEXA 35"
"15:31:55:01","A_0019C004_250528_152715_h1EI5","COOKE S4 753","753","40","T 2 3/10","3.071","3.9","-0.3","ARRI ALEXA 35"
"15:31:55:02","A_0019C004_250528_152715_h1EI5","COOKE S4 753","753","40","T 2 3/10","3.071","3.9","-0.3","ARRI ALEXA 35"
"15:31:55:03","A_0019C004_250528_152715_h1EI5","COOKE S4 753","753","40","T 2 3/10","3.071","3.9","-0.3","ARRI ALEXA 35"
"15:31:55:04","A_0019C004_250528_152715_h1EI5","COOKE S4 753","753","40","T 2 3/10","3.071","3.9","-0.3","ARRI ALEXA 35"
"15:31:55:05","A_0019C004_250528_152715_h1EI5","COOKE S4 753","753","40","T 2 3/10","3.084","3.9","-0.3","ARRI ALEXA 35"
"15:31:55:06","A_0019C004_250528_152715_h1EI5","COOKE S4 753","753","40","T 2 3/10","3.094","3.9","-0.3","ARRI ALEXA 35"
"15:31:55:07","A_0019C004_250528_152715_h1EI5","COOKE S4 753","753","40","T 2 3/10","3.117","3.9","-0.3","ARRI ALEXA 35"
"15:31:55:08","A_0019C004_250528_152715_h1EI5","COOKE S4 753","753","40","T 2 3/10","3.123","3.9","-0.3","ARRI ALEXA 35"
"15:31:55:09","A_0019C004_250528_152715_h1EI5","COOKE S4 753","753","40","T 2 3/10","3.123","3.9","-0.3","ARRI ALEXA 35"
"15:31:55:10","A_0019C004_250528_152715_h1EI5","COOKE S4 753","753","40","T 2 3/10","3.123","3.9","-0.3","ARRI ALEXA 35"
"15:31:55:11","A_0019C004_250528_152715_h1EI5","COOKE S4 753","753","40","T 2 3/10","3.123","3.9","-0.3","ARRI ALEXA 35"
"15:31:55:12","A_0019C004_250528_152715_h1EI5","COOKE S4 753","753","40","T 2 3/10","3.123","3.9","-0.3","ARRI ALEXA 35"
"15:31:55:13","A_0019C004_250528_152715_h1EI5","COOKE S4 753","753","40","T 2 3/10","3.123","3.7","-0.3","ARRI ALEXA 35"
"15:31:55:14","A_0019C004_250528_152715_h1EI5","COOKE S4 753","753","40","T 2 3/10","3.123","3.7","-0.3","ARRI ALEXA 35"
"15:31:55:15","A_0019C004_250528_152715_h1EI5","COOKE S4 753","753","40","T 2 3/10","3.123","3.7","-0.3","ARRI ALEXA 35"
"15:31:55:16","A_0019C004_250528_152715_h1EI5","COOKE S4 753","753","40","T 2 3/10","3.123","3.7","-0.3","ARRI ALEXA 35"
"15:31:55:17","A_0019C004_250528_152715_h1EI5","COOKE S4 753","753","40","T 2 3/10","3.123","3.5","-0.3","ARRI ALEXA 35"
"15:31:55:18","A_0019C004_250528_152715_h1EI5","COOKE S4 753","753","40","T 2 3/10","3.123","3.5","-0.3","ARRI ALEXA 35"
"15:31:55:19","A_0019C004_250528_152715_h1EI5","COOKE S4 753","753","40","T 2 3/10","3.123","3.5","-0.3","ARRI ALEXA 35"
"15:31:55:20","A_0019C004_250528_152715_h1EI5","COOKE S4 753","753","40","T 2 3/10","3.123","3.5","-0.3","ARRI ALEXA 35"
"15:31:55:21","A_0019C004_250528_152715_h1EI5","COOKE S4 753","753","40","T 2 3/10","3.123","3.5","-0.3","ARRI ALEXA 35"
"15:31:55:22","A_0019C004_250528_152715_h1EI5","COOKE S4 753","753","40","T 2 3/10","3.123","3.5","-0.3","ARRI ALEXA 35"
"15:31:55:23","A_0019C004_250528_152715_h1EI5","COOKE S4 753","753","40","T 2 3/10","3.123","3.5","-0.3","ARRI ALEXA 35"
"15:31:56:00","A_0019C004_250528_152715_h1EI5","COOKE S4 753","753","40","T 2 3/10","3.123","3.5","-0.3","ARRI ALEXA 35"
"15:31:56:01","A_0019C004_250528_152715_h1EI5","COOKE S4 753","753","40","T 2 3/10","3.123","3.5","-0.3","ARRI ALEXA 35"
"15:31:56:02","A_0019C004_250528_152715_h1EI5","COOKE S4 753","753","40","T 2 3/10","3.123","3.5","-0.3","ARRI ALEXA 35"
"15:31:56:03","A_0019C004_250528_152715_h1EI5","COOKE S4 753","753","40","T 2 3/10","3.123","3.5","-0.3","ARRI ALEXA 35"
"15:31:56:04","A_0019C004_250528_152715_h1EI5","COOKE S4 753","753","40","T 2 3/10","3.123","3.5","-0.3","ARRI ALEXA 35"
"15:31:56:05","A_0019C004_250528_152715_h1EI5","COOKE S4 753","753","40","T 2 3/10","3.123","3.5","-0.3","ARRI ALEXA 35"
"15:31:56:06","A_0019C004_250528_152715_h1EI5","COOKE S4 753","753","40","T 2 3/10","3.123","3.5","-0.3","ARRI ALEXA 35"
"15:31:56:07","A_0019C004_250528_152715_h1EI5","COOKE S4 753","753","40","T 2 3/10","3.123","3.5","-0.3","ARRI ALEXA 35"
"15:31:56:08","A_0019C004_250528_152715_h1EI5","COOKE S4 753","753","40","T 2 3/10","3.123","3.5","-0.3","ARRI ALEXA 35"
"15:31:56:09","A_0019C004_250528_152715_h1EI5","COOKE S4 753","753","40","T 2 3/10","3.123","3.5","-0.3","ARRI ALEXA 35"
"15:31:56:10","A_0019C004_250528_152715_h1EI5","COOKE S4 753","753","40","T 2 3/10","3.123","3.5","-0.3","ARRI ALEXA 35"
"15:31:56:11","A_0019C004_250528_152715_h1EI5","COOKE S4 753","753","40","T 2 3/10","3.123","3.5","-0.3","ARRI ALEXA 35"
"15:31:56:12","A_0019C004_250528_152715_h1EI5","COOKE S4 753","753","40","T 2 3/10","3.123","3.5","-0.3","ARRI ALEXA 35"
"15:31:56:13","A_0019C004_250528_152715_h1EI5","COOKE S4 753","753","40","T 2 3/10","3.123","3.5","-0.3","ARRI ALEXA 35"
"15:31:56:14","A_0019C004_250528_152715_h1EI5","COOKE S4 753","753","40","T 2 3/10","3.123","3.5","-0.3","ARRI ALEXA 35"
"15:31:56:15","A_0019C004_250528_152715_h1EI5","COOKE S4 753","753","40","T 2 3/10","3.123","3.5","-0.3","ARRI ALEXA 35"
"15:31:56:16","A_0019C004_250528_152715_h1EI5","COOKE S4 753","753","40","T 2 3/10","3.123","3.5","-0.3","ARRI ALEXA 35"
"15:31:56:17","A_0019C004_250528_152715_h1EI5","COOKE S4 753","753","40","T 2 3/10","3.123","3.6","-0.3","ARRI ALEXA 35"
"15:31:56:18","A_0019C004_250528_152715_h1EI5","COOKE S4 753","753","40","T 2 3/10","3.123","3.6","-0.3","ARRI ALEXA 35"
"15:31:56:19","A_0019C004_250528_152715_h1EI5","COOKE S4 753","753","40","T 2 3/10","3.123","3.6","-0.3","ARRI ALEXA 35"
"15:31:56:20","A_0019C004_250528_152715_h1EI5","COOKE S4 753","753","40","T 2 3/10","3.123","3.6","-0.3","ARRI ALEXA 35"
"15:31:56:21","A_0019C004_250528_152715_h1EI5","COOKE S4 753","753","40","T 2 3/10","3.123","3.6","-0.3","ARRI ALEXA 35"
"15:31:56:22","A_0019C004_250528_152715_h1EI5","COOKE S4 753","753","40","T 2 3/10","3.123","3.6","-0.3","ARRI ALEXA 35"
"15:31:56:23","A_0019C004_250528_152715_h1EI5","COOKE S4 753","753","40","T 2 3/10","3.123","3.6","-0.3","ARRI ALEXA 35"
"15:31:57:00","A_0019C004_250528_152715_h1EI5","COOKE S4 753","753","40","T 2 3/10","3.123","3.6","-0.3","ARRI ALEXA 35"
"15:31:57:01","A_0019C004_250528_152715_h1EI5","COOKE S4 753","753","40","T 2 3/10","3.12","3.6","-0.3","ARRI ALEXA 35"
"15:31:57:02","A_0019C004_250528_152715_h1EI5","COOKE S4 753","753","40","T 2 3/10","3.12","3.6","-0.3","ARRI ALEXA 35"
"15:31:57:03","A_0019C004_250528_152715_h1EI5","COOKE S4 753","753","40","T 2 3/10","3.12","3.6","-0.3","ARRI ALEXA 35"
"15:31:57:04","A_0019C004_250528_152715_h1EI5","COOKE S4 753","753","40","T 2 3/10","3.12","3.6","-0.3","ARRI ALEXA 35"
"15:31:57:05","A_0019C004_250528_152715_h1EI5","COOKE S4 753","753","40","T 2 3/10","3.12","3.6","-0.3","ARRI ALEXA 35"
"15:31:57:06","A_0019C004_250528_152715_h1EI5","COOKE S4 753","753","40","T 2 3/10","3.12","3.6","-0.3","ARRI ALEXA 35"
"15:31:57:07","A_0019C004_250528_152715_h1EI5","COOKE S4 753","753","40","T 2 3/10","3.12","3.6","-0.3","ARRI ALEXA 35"
"15:31:57:08","A_0019C004_250528_152715_h1EI5","COOKE S4 753","753","40","T 2 3/10","3.12","3.6","-0.3","ARRI ALEXA 35"
"15:31:57:09","A_0019C004_250528_152715_h1EI5","COOKE S4 753","753","40","T 2 3/10","3.12","3.6","-0.3","ARRI ALEXA 35"
"15:31:57:10","A_0019C004_250528_152715_h1EI5","COOKE S4 753","753","40","T 2 3/10","3.12","3.6","-0.3","ARRI ALEXA 35"
"15:31:57:11","A_0019C004_250528_152715_h1EI5","COOKE S4 753","753","40","T 2 3/10","3.12","3.6","-0.3","ARRI ALEXA 35"
"15:31:57:12","A_0019C004_250528_152715_h1EI5","COOKE S4 753","753","40","T 2 3/10","3.12","3.6","-0.3","ARRI ALEXA 35"
"15:31:57:13","A_0019C004_250528_152715_h1EI5","COOKE S4 753","753","40","T 2 3/10","3.12","3.6","-0.3","ARRI ALEXA 35"
"15:31:57:14","A_0019C004_250528_152715_h1EI5","COOKE S4 753","753","40","T 2 3/10","3.12","3.6","-0.3","ARRI ALEXA 35"
"15:31:57:15","A_0019C004_250528_152715_h1EI5","COOKE S4 753","753","40","T 2 3/10","3.12","3.6","-0.3","ARRI ALEXA 35"
"15:31:57:16","A_0019C004_250528_152715_h1EI5","COOKE S4 753","753","40","T 2 3/10","3.12","3.6","-0.3","ARRI ALEXA 35"
"15:31:57:17","A_0019C004_250528_152715_h1EI5","COOKE S4 753","753","40","T 2 3/10","3.12","3.6","-0.3","ARRI ALEXA 35"
"15:31:57:18","A_0019C004_250528_152715_h1EI5","COOKE S4 753","753","40","T 2 3/10","3.12","3.6","-0.3","ARRI ALEXA 35"
"15:31:57:19","A_0019C004_250528_152715_h1EI5","COOKE S4 753","753","40","T 2 3/10","3.12","3.6","-0.3","ARRI ALEXA 35"
"15:31:57:20","A_0019C004_250528_152715_h1EI5","COOKE S4 753","753","40","T 2 3/10","3.12","3.6","-0.3","ARRI ALEXA 35"
"15:31:57:21","A_0019C004_250528_152715_h1EI5","COOKE S4 753","753","40","T 2 3/10","3.12","3.6","-0.3","ARRI ALEXA 35"
"15:31:57:22","A_0019C004_250528_152715_h1EI5","COOKE S4 753","753","40","T 2 3/10","3.12","3.6","-0.3","ARRI ALEXA 35"
"15:31:57:23","A_0019C004_250528_152715_h1EI5","COOKE S4 753","753","40","T 2 3/10","3.12","3.6","-0.3","ARRI ALEXA 35"
"15:31:58:00","A_0019C004_250528_152715_h1EI5","COOKE S4 753","753","40","T 2 3/10","3.12","3.6","-0.3","ARRI ALEXA 35"
"15:31:58:01","A_0019C004_250528_152715_h1EI5","COOKE S4 753","753","40","T 2 3/10","3.12","3.6","-0.3","ARRI ALEXA 35"
"15:31:58:02","A_0019C004_250528_152715_h1EI5","COOKE S4 753","753","40","T 2 3/10","3.12","3.6","-0.3","ARRI ALEXA 35"
"15:31:58:03","A_0019C004_250528_152715_h1EI5","COOKE S4 753","753","40","T 2 3/10","3.12","3.6","-0.3","ARRI ALEXA 35"
"15:31:58:04","A_0019C004_250528_152715_h1EI5","COOKE S4 753","753","40","T 2 3/10","3.12","3.6","-0.3","ARRI ALEXA 35"
"15:31:58:05","A_0019C004_250528_152715_h1EI5","COOKE S4 753","753","40","T 2 3/10","3.12","3.6","-0.3","ARRI ALEXA 35"
"15:31:58:06","A_0019C004_250528_152715_h1EI5","COOKE S4 753","753","40","T 2 3/10","3.12","3.6","-0.3","ARRI ALEXA 35"
"15:31:58:07","A_0019C004_250528_152715_h1EI5","COOKE S4 753","753","40","T 2 3/10","3.12","3.6","-0.3","ARRI ALEXA 35"
"15:31:58:08","A_0019C004_250528_152715_h1EI5","COOKE S4 753","753","40","T 2 3/10","3.12","3.6","-0.3","ARRI ALEXA 35"
"15:31:58:09","A_0019C004_250528_152715_h1EI5","COOKE S4 753","753","40","T 2 3/10","3.12","3.6","-0.3","ARRI ALEXA 35"
"15:31:58:10","A_0019C004_250528_152715_h1EI5","COOKE S4 753","753","40","T 2 3/10","3.12","3.6","-0.4","ARRI ALEXA 35"
"15:31:58:11","A_0019C004_250528_152715_h1EI5","COOKE S4 753","753","40","T 2 3/10","3.12","3.6","-0.4","ARRI ALEXA 35"
"15:31:58:12","A_0019C004_250528_152715_h1EI5","COOKE S4 753","753","40","T 2 3/10","3.12","3.6","-0.4","ARRI ALEXA 35"
"15:31:58:13","A_0019C004_250528_152715_h1EI5","COOKE S4 753","753","40","T 2 3/10","3.12","3.6","-0.4","ARRI ALEXA 35"
"15:31:58:14","A_0019C004_250528_152715_h1EI5","COOKE S4 753","753","40","T 2 3/10","3.12","3.6","-0.4","ARRI ALEXA 35"
"15:31:58:15","A_0019C004_250528_152715_h1EI5","COOKE S4 753","753","40","T 2 3/10","3.12","3.6","-0.4","ARRI ALEXA 35"
"15:31:58:16","A_0019C004_250528_152715_h1EI5","COOKE S4 753","753","40","T 2 3/10","3.12","3.7","-0.4","ARRI ALEXA 35"
"15:31:58:17","A_0019C004_250528_152715_h1EI5","COOKE S4 753","753","40","T 2 3/10","3.12","3.7","-0.2","ARRI ALEXA 35"
"15:31:58:18","A_0019C004_250528_152715_h1EI5","COOKE S4 753","753","40","T 2 3/10","3.12","3.7","-0.2","ARRI ALEXA 35"
"15:31:58:19","A_0019C004_250528_152715_h1EI5","COOKE S4 753","753","40","T 2 3/10","3.12","3.7","-0.2","ARRI ALEXA 35"
"15:31:58:20","A_0019C004_250528_152715_h1EI5","COOKE S4 753","753","40","T 2 3/10","3.12","3.7","-0.2","ARRI ALEXA 35"
"15:31:58:21","A_0019C004_250528_152715_h1EI5","COOKE S4 753","753","40","T 2 3/10","3.12","3.7","-0.2","ARRI ALEXA 35"
"15:31:58:22","A_0019C004_250528_152715_h1EI5","COOKE S4 753","753","40","T 2 3/10","3.12","3.7","-0.2","ARRI ALEXA 35"
"15:31:58:23","A_0019C004_250528_152715_h1EI5","COOKE S4 753","753","40","T 2 3/10","3.12","3.7","-0.2","ARRI ALEXA 35"
"15:31:59:00","A_0019C004_250528_152715_h1EI5","COOKE S4 753","753","40","T 2 3/10","3.12","3.7","-0.2","ARRI ALEXA 35"
"15:31:59:01","A_0019C004_250528_152715_h1EI5","COOKE S4 753","753","40","T 2 3/10","3.12","3.7","-0.2","ARRI ALEXA 35"
"15:31:59:02","A_0019C004_250528_152715_h1EI5","COOKE S4 753","753","40","T 2 3/10","3.12","3.7","-0.2","ARRI ALEXA 35"
"15:31:59:03","A_0019C004_250528_152715_h1EI5","COOKE S4 753","753","40","T 2 3/10","3.12","3.7","-0.2","ARRI ALEXA 35"
"15:31:59:04","A_0019C004_250528_152715_h1EI5","COOKE S4 753","753","40","T 2 3/10","3.12","3.7","-0.2","ARRI ALEXA 35"
"15:31:59:05","A_0019C004_250528_152715_h1EI5","COOKE S4 753","753","40","T 2 3/10","3.12","3.7","-0.2","ARRI ALEXA 35"
"15:31:59:06","A_0019C004_250528_152715_h1EI5","COOKE S4 753","753","40","T 2 3/10","3.12","3.7","-0.2","ARRI ALEXA 35"
"15:31:59:07","A_0019C004_250528_152715_h1EI5","COOKE S4 753","753","40","T 2 3/10","3.12","3.8","-0.2","ARRI ALEXA 35"
"15:31:59:08","A_0019C004_250528_152715_h1EI5","COOKE S4 753","753","40","T 2 3/10","3.12","3.8","-0.2","ARRI ALEXA 35"
"15:31:59:09","A_0019C004_250528_152715_h1EI5","COOKE S4 753","753","40","T 2 3/10","3.12","3.8","-0.2","ARRI ALEXA 35"
"15:31:59:10","A_0019C004_250528_152715_h1EI5","COOKE S4 753","753","40","T 2 3/10","3.12","3.8","-0.2","ARRI ALEXA 35"
"15:31:59:11","A_0019C004_250528_152715_h1EI5","COOKE S4 753","753","40","T 2 3/10","3.12","3.8","-0.2","ARRI ALEXA 35"
"15:31:59:12","A_0019C004_250528_152715_h1EI5","COOKE S4 753","753","40","T 2 3/10","3.12","3.6","-0.2","ARRI ALEXA 35"
"15:31:59:13","A_0019C004_250528_152715_h1EI5","COOKE S4 753","753","40","T 2 3/10","3.12","3.6","-0.2","ARRI ALEXA 35"
"15:31:59:14","A_0019C004_250528_152715_h1EI5","COOKE S4 753","753","40","T 2 3/10","3.12","3.6","-0.2","ARRI ALEXA 35"
"15:31:59:15","A_0019C004_250528_152715_h1EI5","COOKE S4 753","753","40","T 2 3/10","3.12","3.6","-0.2","ARRI ALEXA 35"
"15:31:59:16","A_0019C004_250528_152715_h1EI5","COOKE S4 753","753","40","T 2 3/10","3.12","3.6","-0.2","ARRI ALEXA 35"
"15:31:59:17","A_0019C004_250528_152715_h1EI5","COOKE S4 753","753","40","T 2 3/10","3.12","3.6","-0.2","ARRI ALEXA 35"
"15:31:59:18","A_0019C004_250528_152715_h1EI5","COOKE S4 753","753","40","T 2 3/10","3.12","3.6","-0.2","ARRI ALEXA 35"
"15:31:59:19","A_0019C004_250528_152715_h1EI5","COOKE S4 753","753","40","T 2 3/10","3.12","3.6","-0.2","ARRI ALEXA 35"
"15:31:59:20","A_0019C004_250528_152715_h1EI5","COOKE S4 753","753","40","T 2 3/10","3.12","3.6","-0.2","ARRI ALEXA 35"
"15:31:59:21","A_0019C004_250528_152715_h1EI5","COOKE S4 753","753","40","T 2 3/10","3.12","3.7","-0.3","ARRI ALEXA 35"
"15:31:59:22","A_0019C004_250528_152715_h1EI5","COOKE S4 753","753","40","T 2 3/10","3.12","3.7","-0.3","ARRI ALEXA 35"
"15:31:59:23","A_0019C004_250528_152715_h1EI5","COOKE S4 753","753","40","T 2 3/10","3.12","3.7","-0.3","ARRI ALEXA 35"
"15:32:00:00","A_0019C004_250528_152715_h1EI5","COOKE S4 753","753","40","T 2 3/10","3.12","3.7","-0.3","ARRI ALEXA 35"
"15:32:00:01","A_0019C004_250528_152715_h1EI5","COOKE S4 753","753","40","T 2 3/10","3.12","3.7","-0.3","ARRI ALEXA 35"
"15:32:00:02","A_0019C004_250528_152715_h1EI5","COOKE S4 753","753","40","T 2 3/10","3.12","3.7","-0.3","ARRI ALEXA 35"
"15:32:00:03","A_0019C004_250528_152715_h1EI5","COOKE S4 753","753","40","T 2 3/10","3.12","3.7","-0.3","ARRI ALEXA 35"
"15:32:00:04","A_0019C004_250528_152715_h1EI5","COOKE S4 753","753","40","T 2 3/10","3.12","3.7","-0.3","ARRI ALEXA 35"
"15:32:00:05","A_0019C004_250528_152715_h1EI5","COOKE S4 753","753","40","T 2 3/10","3.12","3.7","-0.3","ARRI ALEXA 35"
"15:32:00:06","A_0019C004_250528_152715_h1EI5","COOKE S4 753","753","40","T 2 3/10","3.12","3.7","-0.3","ARRI ALEXA 35"
"15:32:00:07","A_0019C004_250528_152715_h1EI5","COOKE S4 753","753","40","T 2 3/10","3.12","3.7","-0.3","ARRI ALEXA 35"
"15:32:00:08","A_0019C004_250528_152715_h1EI5","COOKE S4 753","753","40","T 2 3/10","3.12","3.7","-0.3","ARRI ALEXA 35"
"15:32:00:09","A_0019C004_250528_152715_h1EI5","COOKE S4 753","753","40","T 2 3/10","3.12","3.7","-0.3","ARRI ALEXA 35"
"15:32:00:10","A_0019C004_250528_152715_h1EI5","COOKE S4 753","753","40","T 2 3/10","3.12","3.7","-0.3","ARRI ALEXA 35"
"15:32:00:11","A_0019C004_250528_152715_h1EI5","COOKE S4 753","753","40","T 2 3/10","3.12","3.7","-0.3","ARRI ALEXA 35"
"15:32:00:12","A_0019C004_250528_152715_h1EI5","COOKE S4 753","753","40","T 2 3/10","3.12","3.7","-0.3","ARRI ALEXA 35"
"15:32:00:13","A_0019C004_250528_152715_h1EI5","COOKE S4 753","753","40","T 2 3/10","3.12","3.7","-0.3","ARRI ALEXA 35"
"15:32:00:14","A_0019C004_250528_152715_h1EI5","COOKE S4 753","753","40","T 2 3/10","3.12","3.7","-0.3","ARRI ALEXA 35"
"15:32:00:15","A_0019C004_250528_152715_h1EI5","COOKE S4 753","753","40","T 2 3/10","3.12","3.7","-0.3","ARRI ALEXA 35"
"15:32:00:16","A_0019C004_250528_152715_h1EI5","COOKE S4 753","753","40","T 2 3/10","3.12","3.7","-0.5","ARRI ALEXA 35"
"15:32:00:17","A_0019C004_250528_152715_h1EI5","COOKE S4 753","753","40","T 2 3/10","3.12","3.5","-0.7","ARRI ALEXA 35"
"15:32:00:18","A_0019C004_250528_152715_h1EI5","COOKE S4 753","753","40","T 2 3/10","3.12","3.5","-0.9","ARRI ALEXA 35"
"15:32:00:19","A_0019C004_250528_152715_h1EI5","COOKE S4 753","753","40","T 2 3/10","3.12","3.5","-0.9","ARRI ALEXA 35"
"15:32:00:20","A_0019C004_250528_152715_h1EI5","COOKE S4 753","753","40","T 2 3/10","3.12","3.5","-0.9","ARRI ALEXA 35"
"15:32:00:21","A_0019C004_250528_152715_h1EI5","COOKE S4 753","753","40","T 2 3/10","3.12","3.5","-0.6","ARRI ALEXA 35"
"15:32:00:22","A_0019C004_250528_152715_h1EI5","COOKE S4 753","753","40","T 2 3/10","3.136","3.7","-0.6","ARRI ALEXA 35"
"15:32:00:23","A_0019C004_250528_152715_h1EI5","COOKE S4 753","753","40","T 2 3/10","3.235","3.7","-0.3","ARRI ALEXA 35"
"15:32:01:00","A_0019C004_250528_152715_h1EI5","COOKE S4 753","753","40","T 2 3/10","3.268","3.9","0","ARRI ALEXA 35"
"15:32:01:01","A_0019C004_250528_152715_h1EI5","COOKE S4 753","753","40","T 2 3/10","3.343","3.9","0","ARRI ALEXA 35"
"15:32:01:02","A_0019C004_250528_152715_h1EI5","COOKE S4 753","753","40","T 2 3/10","3.406","3.9","0","ARRI ALEXA 35"
"15:32:01:03","A_0019C004_250528_152715_h1EI5","COOKE S4 753","753","40","T 2 3/10","3.428","3.9","0","ARRI ALEXA 35"
"15:32:01:04","A_0019C004_250528_152715_h1EI5","COOKE S4 753","753","40","T 2 3/10","3.445","3.6","-0.2","ARRI ALEXA 35"
"15:32:01:05","A_0019C004_250528_152715_h1EI5","COOKE S4 753","753","40","T 2 3/10","3.445","3.6","-0.4","ARRI ALEXA 35"
"15:32:01:06","A_0019C004_250528_152715_h1EI5","COOKE S4 753","753","40","T 2 3/10","3.445","3.6","-0.4","ARRI ALEXA 35"
"15:32:01:07","A_0019C004_250528_152715_h1EI5","COOKE S4 753","753","40","T 2 3/10","3.445","3.6","-0.4","ARRI ALEXA 35"
"15:32:01:08","A_0019C004_250528_152715_h1EI5","COOKE S4 753","753","40","T 2 3/10","3.445","3.6","-0.4","ARRI ALEXA 35"
"15:32:01:09","A_0019C004_250528_152715_h1EI5","COOKE S4 753","753","40","T 2 3/10","3.445","3.7","-0.4","ARRI ALEXA 35"
"15:32:01:10","A_0019C004_250528_152715_h1EI5","COOKE S4 753","753","40","T 2 3/10","3.445","3.7","-0.4","ARRI ALEXA 35"
"15:32:01:11","A_0019C004_250528_152715_h1EI5","COOKE S4 753","753","40","T 2 3/10","3.445","3.7","-0.4","ARRI ALEXA 35"
"15:32:01:12","A_0019C004_250528_152715_h1EI5","COOKE S4 753","753","40","T 2 3/10","3.445","3.7","-0.2","ARRI ALEXA 35"
"15:32:01:13","A_0019C004_250528_152715_h1EI5","COOKE S4 753","753","40","T 2 3/10","3.445","3.7","-0.2","ARRI ALEXA 35"
"15:32:01:14","A_0019C004_250528_152715_h1EI5","COOKE S4 753","753","40","T 2 3/10","3.445","3.7","-0.2","ARRI ALEXA 35"
"15:32:01:15","A_0019C004_250528_152715_h1EI5","COOKE S4 753","753","40","T 2 3/10","3.468","3.7","-0.2","ARRI ALEXA 35"
"15:32:01:16","A_0019C004_250528_152715_h1EI5","COOKE S4 753","753","40","T 2 3/10","3.54","3.7","-0.4","ARRI ALEXA 35"
"15:32:01:17","A_0019C004_250528_152715_h1EI5","COOKE S4 753","753","40","T 2 3/10","3.54","3.7","-0.4","ARRI ALEXA 35"
"15:32:01:18","A_0019C004_250528_152715_h1EI5","COOKE S4 753","753","40","T 2 3/10","3.622","3.7","-0.4","ARRI ALEXA 35"
"15:32:01:19","A_0019C004_250528_152715_h1EI5","COOKE S4 753","753","40","T 2 3/10","3.652","3.7","-0.4","ARRI ALEXA 35"
"15:32:01:20","A_0019C004_250528_152715_h1EI5","COOKE S4 753","753","40","T 2 3/10","3.665","3.7","-0.4","ARRI ALEXA 35"
"15:32:01:21","A_0019C004_250528_152715_h1EI5","COOKE S4 753","753","40","T 2 3/10","3.671","3.7","-0.4","ARRI ALEXA 35"
"15:32:01:22","A_0019C004_250528_152715_h1EI5","COOKE S4 753","753","40","T 2 3/10","3.701","3.7","-0.4","ARRI ALEXA 35"
"15:32:01:23","A_0019C004_250528_152715_h1EI5","COOKE S4 753","753","40","T 2 3/10","3.707","3.7","-0.2","ARRI ALEXA 35"
"15:32:02:00","A_0019C004_250528_152715_h1EI5","COOKE S4 753","753","40","T 2 3/10","3.711","3.7","-0.2","ARRI ALEXA 35"
"15:32:02:01","A_0019C004_250528_152715_h1EI5","COOKE S4 753","753","40","T 2 3/10","3.72","3.7","-0.2","ARRI ALEXA 35"
"15:32:02:02","A_0019C004_250528_152715_h1EI5","COOKE S4 753","753","40","T 2 3/10","3.73","3.7","-0.2","ARRI ALEXA 35"
"15:32:02:03","A_0019C004_250528_152715_h1EI5","COOKE S4 753","753","40","T 2 3/10","3.757","3.7","-0.3","ARRI ALEXA 35"
"15:32:02:04","A_0019C004_250528_152715_h1EI5","COOKE S4 753","753","40","T 2 3/10","3.773","3.7","-0.3","ARRI ALEXA 35"
"15:32:02:05","A_0019C004_250528_152715_h1EI5","COOKE S4 753","753","40","T 2 3/10","3.858","3.7","-0.4","ARRI ALEXA 35"
"15:32:02:06","A_0019C004_250528_152715_h1EI5","COOKE S4 753","753","40","T 2 3/10","3.914","3.7","-0.4","ARRI ALEXA 35"
"15:32:02:07","A_0019C004_250528_152715_h1EI5","COOKE S4 753","753","40","T 2 3/10","3.94","3.7","-0.4","ARRI ALEXA 35"
"15:32:02:08","A_0019C004_250528_152715_h1EI5","COOKE S4 753","753","40","T 2 3/10","4.016","3.7","-0.4","ARRI ALEXA 35"
"15:32:02:09","A_0019C004_250528_152715_h1EI5","COOKE S4 753","753","40","T 2 3/10","4.035","3.7","-0.4","ARRI ALEXA 35"
"15:32:02:10","A_0019C004_250528_152715_h1EI5","COOKE S4 753","753","40","T 2 3/10","4.065","3.5","-0.4","ARRI ALEXA 35"
"15:32:02:11","A_0019C004_250528_152715_h1EI5","COOKE S4 753","753","40","T 2 3/10","4.072","3.5","-0.4","ARRI ALEXA 35"
"15:32:02:12","A_0019C004_250528_152715_h1EI5","COOKE S4 753","753","40","T 2 3/10","4.111","3.5","-0.4","ARRI ALEXA 35"
"15:32:02:13","A_0019C004_250528_152715_h1EI5","COOKE S4 753","753","40","T 2 3/10","4.16","3.6","-0.2","ARRI ALEXA 35"
"15:32:02:14","A_0019C004_250528_152715_h1EI5","COOKE S4 753","753","40","T 2 3/10","4.183","3.8","-0.2","ARRI ALEXA 35"
"15:32:02:15","A_0019C004_250528_152715_h1EI5","COOKE S4 753","753","40","T 2 3/10","4.232","4","-0.2","ARRI ALEXA 35"
"15:32:02:16","A_0019C004_250528_152715_h1EI5","COOKE S4 753","753","40","T 2 3/10","4.242","4","-0.2","ARRI ALEXA 35"
"15:32:02:17","A_0019C004_250528_152715_h1EI5","COOKE S4 753","753","40","T 2 3/10","4.252","4","-0.2","ARRI ALEXA 35"
"15:32:02:18","A_0019C004_250528_152715_h1EI5","COOKE S4 753","753","40","T 2 3/10","4.255","4","0","ARRI ALEXA 35"
"15:32:02:19","A_0019C004_250528_152715_h1EI5","COOKE S4 753","753","40","T 2 3/10","4.255","3.8","0","ARRI ALEXA 35"
"15:32:02:20","A_0019C004_250528_152715_h1EI5","COOKE S4 753","753","40","T 2 3/10","4.255","3.8","0","ARRI ALEXA 35"
"15:32:02:21","A_0019C004_250528_152715_h1EI5","COOKE S4 753","753","40","T 2 3/10","4.255","3.8","0","ARRI ALEXA 35"
"15:32:02:22","A_0019C004_250528_152715_h1EI5","COOKE S4 753","753","40","T 2 3/10","4.281","3.8","0","ARRI ALEXA 35"
"15:32:02:23","A_0019C004_250528_152715_h1EI5","COOKE S4 753","753","40","T 2 3/10","4.354","3.8","-0.2","ARRI ALEXA 35"
"15:32:03:00","A_0019C004_250528_152715_h1EI5","COOKE S4 753","753","40","T 2 3/10","4.393","3.8","-0.4","ARRI ALEXA 35"
"15:32:03:01","A_0019C004_250528_152715_h1EI5","COOKE S4 753","753","40","T 2 3/10","4.396","3.8","-0.7","ARRI ALEXA 35"
"15:32:03:02","A_0019C004_250528_152715_h1EI5","COOKE S4 753","753","40","T 2 3/10","4.406","3.5","-0.9","ARRI ALEXA 35"
"15:32:03:03","A_0019C004_250528_152715_h1EI5","COOKE S4 753","753","40","T 2 3/10","4.406","3.2","-0.9","ARRI ALEXA 35"
"15:32:03:04","A_0019C004_250528_152715_h1EI5","COOKE S4 753","753","40","T 2 3/10","4.406","3.2","-0.6","ARRI ALEXA 35"
"15:32:03:05","A_0019C004_250528_152715_h1EI5","COOKE S4 753","753","40","T 2 3/10","4.406","3.2","-0.4","ARRI ALEXA 35"
"15:32:03:06","A_0019C004_250528_152715_h1EI5","COOKE S4 753","753","40","T 2 3/10","4.406","3.2","-0.4","ARRI ALEXA 35"
"15:32:03:07","A_0019C004_250528_152715_h1EI5","COOKE S4 753","753","40","T 2 3/10","4.406","3.5","-0.1","ARRI ALEXA 35"
"15:32:03:08","A_0019C004_250528_152715_h1EI5","COOKE S4 753","753","40","T 2 3/10","4.406","3.7","0.1","ARRI ALEXA 35"
"15:32:03:09","A_0019C004_250528_152715_h1EI5","COOKE S4 753","753","40","T 2 3/10","4.406","3.7","0.1","ARRI ALEXA 35"
"15:32:03:10","A_0019C004_250528_152715_h1EI5","COOKE S4 753","753","40","T 2 3/10","4.406","3.7","0","ARRI ALEXA 35"
"15:32:03:11","A_0019C004_250528_152715_h1EI5","COOKE S4 753","753","40","T 2 3/10","4.406","3.7","0","ARRI ALEXA 35"
"15:32:03:12","A_0019C004_250528_152715_h1EI5","COOKE S4 753","753","40","T 2 3/10","4.406","3.7","0","ARRI ALEXA 35"
"15:32:03:13","A_0019C004_250528_152715_h1EI5","COOKE S4 753","753","40","T 2 3/10","4.403","3.7","0","ARRI ALEXA 35"
"15:32:03:14","A_0019C004_250528_152715_h1EI5","COOKE S4 753","753","40","T 2 3/10","4.396","3.7","0","ARRI ALEXA 35"
"15:32:03:15","A_0019C004_250528_152715_h1EI5","COOKE S4 753","753","40","T 2 3/10","4.39","3.7","0","ARRI ALEXA 35"
"15:32:03:16","A_0019C004_250528_152715_h1EI5","COOKE S4 753","753","40","T 2 3/10","4.367","3.7","0","ARRI ALEXA 35"
"15:32:03:17","A_0019C004_250528_152715_h1EI5","COOKE S4 753","753","40","T 2 3/10","4.36","3.5","-0.2","ARRI ALEXA 35"
"15:32:03:18","A_0019C004_250528_152715_h1EI5","COOKE S4 753","753","40","T 2 3/10","4.36","3.5","-0.3","ARRI ALEXA 35"
"15:32:03:19","A_0019C004_250528_152715_h1EI5","COOKE S4 753","753","40","T 2 3/10","4.36","3.2","-0.3","ARRI ALEXA 35"
"15:32:03:20","A_0019C004_250528_152715_h1EI5","COOKE S4 753","753","40","T 2 3/10","4.36","3.2","-0.3","ARRI ALEXA 35"
"15:32:03:21","A_0019C004_250528_152715_h1EI5","COOKE S4 753","753","40","T 2 3/10","4.36","3.2","-0.3","ARRI ALEXA 35"
"15:32:03:22","A_0019C004_250528_152715_h1EI5","COOKE S4 753","753","40","T 2 3/10","4.36","3.2","-0.3","ARRI ALEXA 35"
"15:32:03:23","A_0019C004_250528_152715_h1EI5","COOKE S4 753","753","40","T 2 3/10","4.36","2.9","-0.3","ARRI ALEXA 35"
"15:32:04:00","A_0019C004_250528_152715_h1EI5","COOKE S4 753","753","40","T 2 3/10","4.36","2.5","-0.5","ARRI ALEXA 35"
"15:32:04:01","A_0019C004_250528_152715_h1EI5","COOKE S4 753","753","40","T 2 3/10","4.36","1.8","-0.7","ARRI ALEXA 35"
"15:32:04:02","A_0019C004_250528_152715_h1EI5","COOKE S4 753","753","40","T 2 3/10","4.36","1.8","-1","ARRI ALEXA 35"
"15:32:04:03","A_0019C004_250528_152715_h1EI5","COOKE S4 753","753","40","T 2 3/10","4.36","1.6","-1","ARRI ALEXA 35"
"15:32:04:04","A_0019C004_250528_152715_h1EI5","COOKE S4 753","753","40","T 2 3/10","4.357","1.6","-1","ARRI ALEXA 35"
"15:32:04:05","A_0019C004_250528_152715_h1EI5","COOKE S4 753","753","40","T 2 3/10","4.35","1.6","-0.7","ARRI ALEXA 35"
"15:32:04:06","A_0019C004_250528_152715_h1EI5","COOKE S4 753","753","40","T 2 3/10","4.347","1.6","-0.4","ARRI ALEXA 35"
"15:32:04:07","A_0019C004_250528_152715_h1EI5","COOKE S4 753","753","40","T 2 3/10","4.347","1.6","-0.4","ARRI ALEXA 35"
"15:32:04:08","A_0019C004_250528_152715_h1EI5","COOKE S4 753","753","40","T 2 3/10","4.347","1.6","-0.1","ARRI ALEXA 35"
"15:32:04:09","A_0019C004_250528_152715_h1EI5","COOKE S4 753","753","40","T 2 3/10","4.347","1.6","-0.1","ARRI ALEXA 35"
"15:32:04:10","A_0019C004_250528_152715_h1EI5","COOKE S4 753","753","40","T 2 3/10","4.347","1.3","-0.3","ARRI ALEXA 35"
"15:32:04:11","A_0019C004_250528_152715_h1EI5","COOKE S4 753","753","40","T 2 3/10","4.347","1.3","-0.5","ARRI ALEXA 35"
"15:32:04:12","A_0019C004_250528_152715_h1EI5","COOKE S4 753","753","40","T 2 3/10","4.347","1.3","-0.5","ARRI ALEXA 35"
"15:32:04:13","A_0019C004_250528_152715_h1EI5","COOKE S4 753","753","40","T 2 3/10","4.347","1.3","-0.5","ARRI ALEXA 35"
"15:32:04:14","A_0019C004_250528_152715_h1EI5","COOKE S4 753","753","40","T 2 3/10","4.347","1.4","-0.5","ARRI ALEXA 35"
"15:32:04:15","A_0019C004_250528_152715_h1EI5","COOKE S4 753","753","40","T 2 3/10","4.347","1.4","-0.3","ARRI ALEXA 35"
"15:32:04:16","A_0019C004_250528_152715_h1EI5","COOKE S4 753","753","40","T 2 3/10","4.347","1.4","-0.3","ARRI ALEXA 35"
"15:32:04:17","A_0019C004_250528_152715_h1EI5","COOKE S4 753","753","40","T 2 3/10","4.347","1.4","-0.3","ARRI ALEXA 35"
"15:32:04:18","A_0019C004_250528_152715_h1EI5","COOKE S4 753","753","40","T 2 3/10","4.347","1.4","-0.3","ARRI ALEXA 35"
"15:32:04:19","A_0019C004_250528_152715_h1EI5","COOKE S4 753","753","40","T 2 3/10","4.347","1.4","-0.4","ARRI ALEXA 35"
"15:32:04:20","A_0019C004_250528_152715_h1EI5","COOKE S4 753","753","40","T 2 3/10","4.347","1.4","-0.4","ARRI ALEXA 35"
"15:32:04:21","A_0019C004_250528_152715_h1EI5","COOKE S4 753","753","40","T 2 3/10","4.347","1.4","-0.4","ARRI ALEXA 35"
"15:32:04:22","A_0019C004_250528_152715_h1EI5","COOKE S4 753","753","40","T 2 3/10","4.347","1.4","-0.4","ARRI ALEXA 35"
"15:32:04:23","A_0019C004_250528_152715_h1EI5","COOKE S4 753","753","40","T 2 3/10","4.347","1.4","-0.4","ARRI ALEXA 35"
"15:32:05:00","A_0019C004_250528_152715_h1EI5","COOKE S4 753","753","40","T 2 3/10","4.347","1.5","-0.4","ARRI ALEXA 35"
"15:32:05:01","A_0019C004_250528_152715_h1EI5","COOKE S4 753","753","40","T 2 3/10","4.347","1.5","-0.4","ARRI ALEXA 35"
"15:32:05:02","A_0019C004_250528_152715_h1EI5","COOKE S4 753","753","40","T 2 3/10","4.347","1.5","-0.4","ARRI ALEXA 35"
"15:32:05:03","A_0019C004_250528_152715_h1EI5","COOKE S4 753","753","40","T 2 3/10","4.347","1.5","-0.4","ARRI ALEXA 35"
"15:32:05:04","A_0019C004_250528_152715_h1EI5","COOKE S4 753","753","40","T 2 3/10","4.347","1.5","-0.4","ARRI ALEXA 35"
"15:32:05:05","A_0019C004_250528_152715_h1EI5","COOKE S4 753","753","40","T 2 3/10","4.347","1.5","-0.4","ARRI ALEXA 35"
"15:32:05:06","A_0019C004_250528_152715_h1EI5","COOKE S4 753","753","40","T 2 3/10","4.347","1.5","-0.4","ARRI ALEXA 35"
"15:32:05:07","A_0019C004_250528_152715_h1EI5","COOKE S4 753","753","40","T 2 3/10","4.347","1.5","-0.4","ARRI ALEXA 35"
"15:32:05:08","A_0019C004_250528_152715_h1EI5","COOKE S4 753","753","40","T 2 3/10","4.347","1.5","-0.4","ARRI ALEXA 35"
"15:32:05:09","A_0019C004_250528_152715_h1EI5","COOKE S4 753","753","40","T 2 3/10","4.344","1.5","-0.4","ARRI ALEXA 35"
"15:32:05:10","A_0019C004_250528_152715_h1EI5","COOKE S4 753","753","40","T 2 3/10","4.344","1.5","-0.4","ARRI ALEXA 35"
"15:32:05:11","A_0019C004_250528_152715_h1EI5","COOKE S4 753","753","40","T 2 3/10","4.344","1.5","-0.4","ARRI ALEXA 35"
"15:32:05:12","A_0019C004_250528_152715_h1EI5","COOKE S4 753","753","40","T 2 3/10","4.344","1.5","-0.4","ARRI ALEXA 35"
"15:32:05:13","A_0019C004_250528_152715_h1EI5","COOKE S4 753","753","40","T 2 3/10","4.344","1.5","-0.4","ARRI ALEXA 35"
"15:32:05:14","A_0019C004_250528_152715_h1EI5","COOKE S4 753","753","40","T 2 3/10","4.344","1.5","-0.4","ARRI ALEXA 35"
"15:32:05:15","A_0019C004_250528_152715_h1EI5","COOKE S4 753","753","40","T 2 3/10","4.344","1.5","-0.4","ARRI ALEXA 35"
"15:32:05:16","A_0019C004_250528_152715_h1EI5","COOKE S4 753","753","40","T 2 3/10","4.344","1.5","-0.4","ARRI ALEXA 35"
"15:32:05:17","A_0019C004_250528_152715_h1EI5","COOKE S4 753","753","40","T 2 3/10","4.344","1.5","-0.4","ARRI ALEXA 35"
"15:32:05:18","A_0019C004_250528_152715_h1EI5","COOKE S4 753","753","40","T 2 3/10","4.344","1.5","-0.4","ARRI ALEXA 35"
"15:32:05:19","A_0019C004_250528_152715_h1EI5","COOKE S4 753","753","40","T 2 3/10","4.344","1.5","-0.4","ARRI ALEXA 35"
"15:32:05:20","A_0019C004_250528_152715_h1EI5","COOKE S4 753","753","40","T 2 3/10","4.344","1.5","-0.4","ARRI ALEXA 35"
"15:32:05:21","A_0019C004_250528_152715_h1EI5","COOKE S4 753","753","40","T 2 3/10","4.344","1.5","-0.4","ARRI ALEXA 35"
"15:32:05:22","A_0019C004_250528_152715_h1EI5","COOKE S4 753","753","40","T 2 3/10","4.344","1.5","-0.4","ARRI ALEXA 35"
"15:32:05:23","A_0019C004_250528_152715_h1EI5","COOKE S4 753","753","40","T 2 3/10","4.344","1.5","-0.4","ARRI ALEXA 35"
"15:32:06:00","A_0019C004_250528_152715_h1EI5","COOKE S4 753","753","40","T 2 3/10","4.344","1.5","-0.4","ARRI ALEXA 35"
"15:32:06:01","A_0019C004_250528_152715_h1EI5","COOKE S4 753","753","40","T 2 3/10","4.344","1.5","-0.4","ARRI ALEXA 35"
"15:32:06:02","A_0019C004_250528_152715_h1EI5","COOKE S4 753","753","40","T 2 3/10","4.344","1.3","-0.4","ARRI ALEXA 35"
"15:32:06:03","A_0019C004_250528_152715_h1EI5","COOKE S4 753","753","40","T 2 3/10","4.344","1.3","-0.4","ARRI ALEXA 35"
"15:32:06:04","A_0019C004_250528_152715_h1EI5","COOKE S4 753","753","40","T 2 3/10","4.344","1.3","-0.4","ARRI ALEXA 35"
"15:32:06:05","A_0019C004_250528_152715_h1EI5","COOKE S4 753","753","40","T 2 3/10","4.344","1.3","-0.4","ARRI ALEXA 35"
"15:32:06:06","A_0019C004_250528_152715_h1EI5","COOKE S4 753","753","40","T 2 3/10","4.344","1.3","-0.4","ARRI ALEXA 35"
"15:32:06:07","A_0019C004_250528_152715_h1EI5","COOKE S4 753","753","40","T 2 3/10","4.344","1.4","-0.4","ARRI ALEXA 35"
"15:32:06:08","A_0019C004_250528_152715_h1EI5","COOKE S4 753","753","40","T 2 3/10","4.344","1.6","-0.4","ARRI ALEXA 35"
"15:32:06:09","A_0019C004_250528_152715_h1EI5","COOKE S4 753","753","40","T 2 3/10","4.344","1.8","-0.6","ARRI ALEXA 35"
"15:32:06:10","A_0019C004_250528_152715_h1EI5","COOKE S4 753","753","40","T 2 3/10","4.344","1.8","-0.6","ARRI ALEXA 35"
"15:32:06:11","A_0019C004_250528_152715_h1EI5","COOKE S4 753","753","40","T 2 3/10","4.344","1.8","-0.6","ARRI ALEXA 35"
"15:32:06:12","A_0019C004_250528_152715_h1EI5","COOKE S4 753","753","40","T 2 3/10","4.344","1.8","-0.8","ARRI ALEXA 35"
"15:32:06:13","A_0019C004_250528_152715_h1EI5","COOKE S4 753","753","40","T 2 3/10","4.344","1.9","-0.8","ARRI ALEXA 35"
"15:32:06:14","A_0019C004_250528_152715_h1EI5","COOKE S4 753","753","40","T 2 3/10","4.344","1.9","-0.6","ARRI ALEXA 35"
"15:32:06:15","A_0019C004_250528_152715_h1EI5","COOKE S4 753","753","40","T 2 3/10","4.344","2","-0.4","ARRI ALEXA 35"
"15:32:06:16","A_0019C004_250528_152715_h1EI5","COOKE S4 753","753","40","T 2 3/10","4.344","2","-0.4","ARRI ALEXA 35"
"15:32:06:17","A_0019C004_250528_152715_h1EI5","COOKE S4 753","753","40","T 2 3/10","4.344","2","-0.1","ARRI ALEXA 35"
"15:32:06:18","A_0019C004_250528_152715_h1EI5","COOKE S4 753","753","40","T 2 3/10","4.344","2","-0.1","ARRI ALEXA 35"
"15:32:06:19","A_0019C004_250528_152715_h1EI5","COOKE S4 753","753","40","T 2 3/10","4.344","2","-0.1","ARRI ALEXA 35"
"15:32:06:20","A_0019C004_250528_152715_h1EI5","COOKE S4 753","753","40","T 2 3/10","4.344","2","-0.1","ARRI ALEXA 35"
"15:32:06:21","A_0019C004_250528_152715_h1EI5","COOKE S4 753","753","40","T 2 3/10","4.344","2","-0.1","ARRI ALEXA 35"
"15:32:06:22","A_0019C004_250528_152715_h1EI5","COOKE S4 753","753","40","T 2 3/10","4.344","2","-0.1","ARRI ALEXA 35"
"15:32:06:23","A_0019C004_250528_152715_h1EI5","COOKE S4 753","753","40","T 2 3/10","4.344","2","-0.1","ARRI ALEXA 35"
"15:32:07:00","A_0019C004_250528_152715_h1EI5","COOKE S4 753","753","40","T 2 3/10","4.344","2","-0.1","ARRI ALEXA 35"
"15:32:07:01","A_0019C004_250528_152715_h1EI5","COOKE S4 753","753","40","T 2 3/10","4.344","2","-0.1","ARRI ALEXA 35"
"15:32:07:02","A_0019C004_250528_152715_h1EI5","COOKE S4 753","753","40","T 2 3/10","4.344","2","-0.1","ARRI ALEXA 35"
